0.00000 1.000000
2.34443 1.000026
4.68887 1.000151
7.03330 1.000243
9.37774 1.000331
11.72220 1.000501
14.06660 1.000711
16.41100 1.000946
18.75550 1.001156
21.09990 1.001454
23.44430 1.002018
25.78880 1.002268
28.13320 1.002912
30.47760 1.003380
32.82210 1.004249
35.16650 1.005062
37.51090 1.005567
39.85540 1.006384
42.19980 1.007452
44.54420 1.008291
46.88870 1.008773
49.23310 1.009234
51.57750 1.010069
53.92200 1.011038
56.26640 1.012120
58.61090 1.013099
60.95530 1.013998
63.29970 1.014609
65.64420 1.015415
67.98860 1.016380
70.33300 1.017245
72.67750 1.018593
75.02190 1.019719
77.36630 1.020879
79.71080 1.021796
82.05520 1.022491
84.39960 1.023195
86.74410 1.024122
89.08850 1.024936
91.43290 1.025801
93.77740 1.027068
96.12180 1.027867
98.46620 1.028853
100.81100 1.029859
103.15500 1.030378
105.50000 1.031644
107.84400 1.032336
110.18800 1.032480
112.53300 1.033025
114.87700 1.033835
117.22200 1.034468
119.56600 1.034453
121.91100 1.035422
124.25500 1.036209
126.59900 1.036622
128.94400 1.036221
131.28800 1.036316
133.63300 1.036839
135.97700 1.036478
138.32200 1.036957
140.66600 1.037310
143.01000 1.037067
145.35500 1.038183
147.69900 1.038930
150.04400 1.039575
152.38800 1.040510
154.73300 1.040988
157.07700 1.040653
159.42200 1.040259
161.76600 1.037454
164.11000 1.037737
166.45500 1.035735
168.79900 1.036765
171.14400 1.037156
173.48800 1.038268
175.83300 1.039795
178.17700 1.040473
180.52100 1.041213
182.86600 1.041088
185.21000 1.042417
187.55500 1.043253
189.89900 1.043341
192.24400 1.044596
194.58800 1.042995
196.93200 1.046588
199.27700 1.049902
201.62100 1.054688
203.96600 1.056525
206.31000 1.055664
208.65500 1.054033
210.99900 1.057026
213.34300 1.058727
215.68800 1.064006
218.03200 1.063171
220.37700 1.063112
222.72100 1.063369
225.06600 1.063738
&
0.00000 1.000000
5.37991 1.000000
10.75980 1.000096
16.13970 1.000316
21.51960 1.000619
26.89950 1.001034
32.27950 1.001650
37.65940 1.002061
43.03930 1.002777
48.41920 1.003666
53.79910 1.004802
59.17900 1.006049
64.55890 1.006653
69.93880 1.007539
75.31870 1.008666
80.69860 1.009607
86.07850 1.010229
91.45850 1.011190
96.83840 1.012068
102.21800 1.012969
107.59800 1.013709
112.97800 1.014370
118.35800 1.015184
123.73800 1.015896
129.11800 1.016521
134.49800 1.017399
139.87800 1.017958
145.25800 1.018456
150.63700 1.019379
156.01700 1.020097
161.39700 1.020611
166.77700 1.021146
172.15700 1.021194
177.53700 1.021542
182.91700 1.022216
188.29700 1.022868
193.67700 1.023646
199.05700 1.024397
204.43700 1.024878
209.81600 1.025314
215.19600 1.025978
220.57600 1.026419
225.95600 1.026981
231.33600 1.027654
236.71600 1.028189
242.09600 1.028817
247.47600 1.028706
252.85600 1.028225
258.23600 1.028622
263.61600 1.030034
268.99500 1.030554
274.37500 1.031239
279.75500 1.031098
285.13500 1.032351
290.51500 1.033538
295.89500 1.032928
301.27500 1.032565
306.65500 1.030239
312.03500 1.030497
317.41500 1.031564
322.79500 1.025617
328.17400 1.026227
333.55400 1.023550
338.93400 1.012732
344.31400 1.008976
349.69400 1.009348
355.07400 1.009481
360.45400 0.994471
365.83400 0.995150
371.21400 0.995363
376.59400 0.996412
381.97400 0.996523
387.35300 0.996520
392.73300 0.996983
398.11300 0.997647
403.49300 0.998224
408.87300 0.998528
414.25300 0.999549
419.63300 1.000072
425.01300 1.001067
430.39300 1.001517
435.77300 1.002939
441.15300 1.003414
446.53200 1.003756
451.91200 1.002792
457.29200 1.001442
462.67200 1.001178
468.05200 1.001151
473.43200 1.000460
478.81200 1.000736
484.19200 1.001040
489.57200 1.002254
494.95200 0.999537
500.33200 1.000285
505.71100 0.996415
511.09100 0.996193
516.47100 1.000123
&
0.00000 1.000000
9.64932 1.000027
19.29860 1.000143
28.94800 1.000321
38.59730 1.000565
48.24660 1.000814
57.89590 1.001323
67.54530 1.001821
77.19460 1.002640
86.84390 1.003438
96.49320 1.004088
106.14300 1.004600
115.79200 1.005713
125.44100 1.006490
135.09100 1.007195
144.74000 1.007887
154.38900 1.008709
164.03800 1.009507
173.68800 1.010540
183.33700 1.011219
192.98600 1.011900
202.63600 1.012664
212.28500 1.013279
221.93400 1.013889
231.58400 1.014260
241.23300 1.014411
250.88200 1.014859
260.53200 1.015201
270.18100 1.015349
279.83000 1.015781
289.48000 1.016214
299.12900 1.016773
308.77800 1.017343
318.42800 1.017637
328.07700 1.018048
337.72600 1.018459
347.37600 1.018684
357.02500 1.019050
366.67400 1.019270
376.32400 1.019151
385.97300 1.019421
395.62200 1.019991
405.27200 1.020148
414.92100 1.020132
424.57000 1.020185
434.22000 1.020734
443.86900 1.020977
453.51800 1.021404
463.16800 1.021881
472.81700 1.022192
482.46600 1.022722
492.11500 1.022133
501.76500 1.022298
511.41400 1.022324
521.06300 1.021585
530.71300 1.022011
540.36200 1.022102
550.01100 1.021115
559.66100 1.021691
569.31000 1.019872
578.95900 1.020378
588.60900 1.020609
598.25800 1.020792
607.90700 1.021317
617.55700 1.021972
627.20600 1.021582
636.85500 1.021765
646.50500 1.021532
656.15400 1.022054
665.80300 1.023273
675.45300 1.023188
685.10200 1.024408
694.75100 1.026555
704.40100 1.029675
714.05000 1.030739
723.69900 1.031035
733.34900 1.029657
742.99800 1.030423
752.64700 1.030728
762.29700 1.030402
771.94600 1.032814
781.59500 1.034871
791.24500 1.036817
800.89400 1.038734
810.54300 1.038967
820.19200 1.039649
829.84200 1.039333
839.49100 1.039222
849.14000 1.042729
858.79000 1.042997
868.43900 1.043654
878.08800 1.045187
887.73800 1.044696
897.38700 1.044063
&
0.00000 1.000000
13.81820 1.000019
27.63650 1.000131
41.45470 1.000306
55.27300 1.000496
69.09120 1.000662
82.90950 1.000963
96.72770 1.001113
110.54600 1.001527
124.36400 1.001833
138.18200 1.002446
152.00100 1.002804
165.81900 1.003173
179.63700 1.003538
193.45500 1.003947
207.27400 1.004277
221.09200 1.004803
234.91000 1.005320
248.72800 1.005720
262.54700 1.006283
276.36500 1.006957
290.18300 1.007457
304.00100 1.007911
317.82000 1.008236
331.63800 1.008650
345.45600 1.008797
359.27400 1.009174
373.09300 1.009410
386.91100 1.009592
400.72900 1.009777
414.54700 1.010030
428.36600 1.010240
442.18400 1.010231
456.00200 1.010518
469.82000 1.010722
483.63900 1.010785
497.45700 1.010977
511.27500 1.011236
525.09300 1.011162
538.91200 1.011351
552.73000 1.011557
566.54800 1.011543
580.36600 1.011592
594.18500 1.011641
608.00300 1.011793
621.82100 1.011980
635.63900 1.012233
649.45800 1.012340
663.27600 1.012492
677.09400 1.012623
690.91200 1.012761
704.73100 1.013109
718.54900 1.013409
732.36700 1.013231
746.18500 1.013301
760.00400 1.013081
773.82200 1.013334
787.64000 1.013598
801.45800 1.013671
815.27700 1.013717
829.09500 1.013556
842.91300 1.013287
856.73100 1.012747
870.55000 1.013208
884.36800 1.011844
898.18600 1.010888
912.00400 1.010296
925.82200 1.009431
939.64100 1.009001
953.45900 1.009263
967.27700 1.009132
981.09500 1.008531
994.91400 1.008610
1008.73000 1.008227
1022.55000 1.007539
1036.37000 1.007184
1050.19000 1.005968
1064.00000 1.006129
1077.82000 1.006945
1091.64000 1.006681
1105.46000 1.006419
1119.28000 1.005954
1133.10000 1.005638
1146.91000 1.006120
1160.73000 1.005935
1174.55000 1.003564
1188.37000 1.001950
1202.19000 1.000917
1216.01000 0.999502
1229.82000 0.998630
&
0.00000 1.000000
16.66820 1.000011
33.33630 1.000117
50.00450 1.000193
66.67260 1.000241
83.34080 1.000486
100.00900 1.000709
116.67700 1.000937
133.34500 1.001289
150.01300 1.001833
166.68200 1.002315
183.35000 1.002718
200.01800 1.003102
216.68600 1.003486
233.35400 1.003868
250.02200 1.004465
266.69100 1.004866
283.35900 1.005460
300.02700 1.006185
316.69500 1.006567
333.36300 1.006973
350.03100 1.007432
366.69900 1.007671
383.36800 1.007990
400.03600 1.008283
416.70400 1.008595
433.37200 1.008871
450.04000 1.009266
466.70800 1.009268
483.37700 1.009315
500.04500 1.009426
516.71300 1.009491
533.38100 1.009587
550.04900 1.009589
566.71700 1.009712
583.38500 1.009925
600.05400 1.009927
616.72200 1.010279
633.39000 1.010470
650.05800 1.010652
666.72600 1.010782
683.39400 1.010953
700.06300 1.011047
716.73100 1.011320
733.39900 1.011567
750.06700 1.011674
766.73500 1.011878
783.40300 1.012099
800.07200 1.012314
816.74000 1.012667
833.40800 1.012839
850.07600 1.012895
866.74400 1.013040
883.41200 1.013255
900.08000 1.013513
916.74900 1.013557
933.41700 1.013600
950.08500 1.013572
966.75300 1.013585
983.42100 1.013561
1000.09000 1.013702
1016.76000 1.013624
1033.43000 1.013878
1050.09000 1.013630
1066.76000 1.013496
1083.43000 1.013472
1100.10000 1.013168
1116.77000 1.012941
1133.43000 1.012754
1150.10000 1.012377
1166.77000 1.012196
1183.44000 1.011986
1200.11000 1.011721
1216.78000 1.011515
1233.44000 1.011125
1250.11000 1.010917
1266.78000 1.010793
1283.45000 1.010155
1300.12000 1.009875
1316.78000 1.009793
1333.45000 1.009413
1350.12000 1.009220
1366.79000 1.009109
1383.46000 1.008272
1400.13000 1.007682
1416.79000 1.007270
1433.46000 1.007248
1450.13000 1.006944
1466.80000 1.006348
1483.47000 1.006749
1500.13000 1.006033
1516.80000 1.004857
1533.47000 1.005159
1550.14000 1.003621
1566.81000 1.003313
1583.47000 1.002753
1600.14000 1.001085
1616.81000 0.999529
1633.48000 1.000421
&
0.00000 1.000000
17.56690 1.000034
35.13380 1.000057
52.70060 1.000120
70.26750 1.000193
87.83440 1.000268
105.40100 1.000409
122.96800 1.000665
140.53500 1.000858
158.10200 1.001120
175.66900 1.001510
193.23600 1.001887
210.80300 1.002177
228.36900 1.002462
245.93600 1.002764
263.50300 1.003129
281.07000 1.003511
298.63700 1.003987
316.20400 1.004511
333.77100 1.004956
351.33800 1.005321
368.90400 1.005599
386.47100 1.005895
404.03800 1.006092
421.60500 1.006359
439.17200 1.006688
456.73900 1.006973
474.30600 1.007137
491.87300 1.007405
509.43900 1.007554
527.00600 1.007762
544.57300 1.007864
562.14000 1.007810
579.70700 1.007732
597.27400 1.007871
614.84100 1.007946
632.40800 1.008038
649.97400 1.008183
667.54100 1.008213
685.10800 1.008324
702.67500 1.008250
720.24200 1.008397
737.80900 1.008546
755.37600 1.008758
772.94300 1.008829
790.50900 1.008905
808.07600 1.008919
825.64300 1.008980
843.21000 1.009083
860.77700 1.009150
878.34400 1.009337
895.91100 1.009429
913.47800 1.009282
931.04400 1.009467
948.61100 1.009402
966.17800 1.009431
983.74500 1.009397
1001.31000 1.009326
1018.88000 1.009318
1036.45000 1.009353
1054.01000 1.009232
1071.58000 1.009297
1089.15000 1.009408
1106.71000 1.009305
1124.28000 1.009188
1141.85000 1.009282
1159.41000 1.009490
1176.98000 1.009290
1194.55000 1.009238
1212.11000 1.009458
1229.68000 1.009299
1247.25000 1.009221
1264.82000 1.009255
1282.38000 1.009337
1299.95000 1.009653
1317.52000 1.009687
1335.08000 1.009850
1352.65000 1.010377
1370.22000 1.010752
1387.78000 1.010876
1405.35000 1.011392
1422.92000 1.011220
1440.48000 1.011220
1458.05000 1.011889
1475.62000 1.011893
1493.18000 1.012266
1510.75000 1.011696
1528.32000 1.012289
1545.89000 1.012833
1563.45000 1.010817
1581.02000 1.009083
1598.59000 1.010616
1616.15000 1.011019
1633.72000 1.011092
&
0.00000 1.000000
19.34030 1.000000
38.68060 1.000068
58.02090 1.000213
77.36120 1.000313
96.70160 1.000565
116.04200 1.000728
135.38200 1.000973
154.72200 1.001267
174.06300 1.001566
193.40300 1.001977
212.74300 1.002248
232.08400 1.002549
251.42400 1.002958
270.76400 1.003365
290.10500 1.003988
309.44500 1.004431
328.78500 1.005077
348.12600 1.005679
367.46600 1.006054
386.80600 1.006421
406.14700 1.006796
425.48700 1.007074
444.82700 1.007435
464.16700 1.007616
483.50800 1.007840
502.84800 1.008153
522.18800 1.008432
541.52900 1.008414
560.86900 1.008436
580.20900 1.008676
599.55000 1.008618
618.89000 1.008676
638.23000 1.008674
657.57100 1.008686
676.91100 1.008741
696.25100 1.008727
715.59200 1.008987
734.93200 1.009033
754.27200 1.009250
773.61200 1.009292
792.95300 1.009366
812.29300 1.009713
831.63300 1.009922
850.97400 1.009932
870.31400 1.010220
889.65400 1.010242
908.99500 1.010549
928.33500 1.010728
947.67500 1.010892
967.01600 1.010866
986.35600 1.010766
1005.70000 1.010702
1025.04000 1.010960
1044.38000 1.010928
1063.72000 1.010966
1083.06000 1.011008
1102.40000 1.011095
1121.74000 1.011203
1141.08000 1.011297
1160.42000 1.011211
1179.76000 1.011377
1199.10000 1.011309
1218.44000 1.011337
1237.78000 1.011377
1257.12000 1.011578
1276.46000 1.011646
1295.80000 1.011722
1315.14000 1.011782
1334.48000 1.011766
1353.82000 1.011925
1373.16000 1.011658
1392.50000 1.011259
1411.84000 1.010990
1431.18000 1.010856
1450.52000 1.010319
1469.86000 1.009962
1489.20000 1.009942
1508.54000 1.010080
1527.88000 1.009912
1547.22000 1.009338
1566.57000 1.009166
1585.91000 1.008544
1605.25000 1.008169
1624.59000 1.007828
1643.93000 1.007379
1663.27000 1.007319
1682.61000 1.006717
1701.95000 1.006427
1721.29000 1.006411
1740.63000 1.005430
1759.97000 1.004977
1779.31000 1.004606
1798.65000 1.004145
1817.99000 1.005153
1837.33000 1.003657
1856.67000 1.004060
&
0.00000 1.000000
20.23300 1.000008
40.46590 1.000058
60.69890 1.000128
80.93180 1.000275
101.16500 1.000459
121.39800 1.000714
141.63100 1.001121
161.86400 1.001393
182.09700 1.001803
202.33000 1.002418
222.56300 1.002925
242.79600 1.003268
263.02800 1.003705
283.26100 1.004245
303.49400 1.004868
323.72700 1.005618
343.96000 1.006490
364.19300 1.007477
384.42600 1.008453
404.65900 1.008734
424.89200 1.009069
445.12500 1.009269
465.35800 1.009644
485.59100 1.009943
505.82400 1.010089
526.05700 1.010286
546.29000 1.010342
566.52300 1.010404
586.75600 1.010450
606.98900 1.010366
627.22200 1.010400
647.45500 1.010320
667.68800 1.010218
687.92100 1.010172
708.15400 1.010304
728.38700 1.010294
748.62000 1.010286
768.85200 1.010312
789.08500 1.010418
809.31800 1.010386
829.55100 1.010637
849.78400 1.010751
870.01700 1.010823
890.25000 1.011014
910.48300 1.011252
930.71600 1.011276
950.94900 1.011495
971.18200 1.011599
991.41500 1.011701
1011.65000 1.011701
1031.88000 1.011689
1052.11000 1.011723
1072.35000 1.011665
1092.58000 1.011543
1112.81000 1.011695
1133.05000 1.011980
1153.28000 1.011936
1173.51000 1.011880
1193.74000 1.011860
1213.98000 1.011872
1234.21000 1.011942
1254.44000 1.012191
1274.68000 1.011948
1294.91000 1.011806
1315.14000 1.011553
1335.38000 1.011461
1355.61000 1.011409
1375.84000 1.011302
1396.07000 1.010843
1416.31000 1.010296
1436.54000 1.010137
1456.77000 1.010039
1477.01000 1.009819
1497.24000 1.009785
1517.47000 1.009055
1537.70000 1.008758
1557.94000 1.008754
1578.17000 1.008626
1598.40000 1.008383
1618.64000 1.008104
1638.87000 1.007108
1659.10000 1.007028
1679.34000 1.006903
1699.57000 1.006717
1719.80000 1.005851
1740.03000 1.006135
1760.27000 1.005869
1780.50000 1.005634
1800.73000 1.004786
1820.97000 1.004654
1841.20000 1.002179
1861.43000 1.003555
1881.67000 1.003298
1901.90000 1.002344
1922.13000 1.001831
1942.36000 1.002444
&
