0.00000 1.000000
2.34443 0.999998
4.68887 0.999904
7.03330 0.999838
9.37774 0.999825
11.72220 0.999755
14.06660 0.999466
16.41100 0.999343
18.75550 0.999026
21.09990 0.998195
23.44430 0.997331
25.78880 0.997161
28.13320 0.996111
30.47760 0.995406
32.82210 0.994304
35.16650 0.992248
37.51090 0.991580
39.85540 0.990305
42.19980 0.988083
44.54420 0.986162
46.88870 0.985689
49.23310 0.985199
51.57750 0.983563
53.92200 0.981821
56.26640 0.978114
58.61090 0.976740
60.95530 0.974828
63.29970 0.974088
65.64420 0.970988
67.98860 0.969460
70.33300 0.968150
72.67750 0.965407
75.02190 0.960656
77.36630 0.956879
79.71080 0.954112
82.05520 0.951793
84.39960 0.948853
86.74410 0.945790
89.08850 0.944486
91.43290 0.940052
93.77740 0.936954
96.12180 0.938528
98.46620 0.935390
100.81100 0.932762
103.15500 0.931084
105.50000 0.930024
107.84400 0.927623
110.18800 0.926384
112.53300 0.923588
114.87700 0.920513
117.22200 0.918543
119.56600 0.917995
121.91100 0.919855
124.25500 0.916098
126.59900 0.916633
128.94400 0.918653
131.28800 0.923596
133.63300 0.919761
135.97700 0.917108
138.32200 0.911926
140.66600 0.909595
143.01000 0.923213
145.35500 0.920527
147.69900 0.917371
150.04400 0.913921
152.38800 0.910243
154.73300 0.907752
157.07700 0.905647
159.42200 0.909366
161.76600 0.917530
164.11000 0.915270
166.45500 0.920540
168.79900 0.914388
171.14400 0.918967
173.48800 0.918276
175.83300 0.912737
178.17700 0.908621
180.52100 0.901800
182.86600 0.899504
185.21000 0.898843
187.55500 0.894378
189.89900 0.889816
192.24400 0.885617
194.58800 0.875803
196.93200 0.858466
199.27700 0.832471
201.62100 0.829632
203.96600 0.819930
206.31000 0.808625
208.65500 0.803585
210.99900 0.794298
213.34300 0.791866
215.68800 0.804662
218.03200 0.803856
220.37700 0.803048
222.72100 0.801567
225.06600 0.797866
&
0.00000 1.000000
5.37991 1.000000
10.75980 0.999969
16.13970 0.999897
21.51960 0.999729
26.89950 0.999518
32.27950 0.999205
37.65940 0.998214
43.03930 0.997904
48.41920 0.997350
53.79910 0.996351
59.17900 0.995754
64.55890 0.995345
69.93880 0.994701
75.31870 0.992611
80.69860 0.992002
86.07850 0.991565
91.45850 0.990414
96.83840 0.989552
102.21800 0.988845
107.59800 0.987401
112.97800 0.985378
118.35800 0.984447
123.73800 0.982827
129.11800 0.981357
134.49800 0.979935
139.87800 0.978847
145.25800 0.977866
150.63700 0.975561
156.01700 0.973711
161.39700 0.972658
166.77700 0.970828
172.15700 0.970029
177.53700 0.968418
182.91700 0.966382
188.29700 0.962704
193.67700 0.960744
199.05700 0.958790
204.43700 0.956948
209.81600 0.957501
215.19600 0.955809
220.57600 0.953020
225.95600 0.950325
231.33600 0.948033
236.71600 0.945267
242.09600 0.942669
247.47600 0.938303
252.85600 0.936334
258.23600 0.935104
263.61600 0.934723
268.99500 0.933885
274.37500 0.929976
279.75500 0.928716
285.13500 0.939991
290.51500 0.944667
295.89500 0.942908
301.27500 0.941627
306.65500 0.934732
312.03500 0.951050
317.41500 0.956457
322.79500 0.983032
328.17400 0.980317
333.55400 0.981413
338.93400 0.985714
344.31400 0.984394
349.69400 0.982790
355.07400 0.978178
360.45400 1.006117
365.83400 1.003031
371.21400 1.001014
376.59400 0.995943
381.97400 0.992641
387.35300 0.989796
392.73300 0.982519
398.11300 0.978360
403.49300 0.970070
408.87300 0.965367
414.25300 0.958103
419.63300 0.949311
425.01300 0.943708
430.39300 0.937135
435.77300 0.928612
441.15300 0.927570
446.53200 0.930532
451.91200 0.928218
457.29200 0.926101
462.67200 0.921945
468.05200 0.919989
473.43200 0.917073
478.81200 0.912020
484.19200 0.909857
489.57200 0.904674
494.95200 0.889431
500.33200 0.876030
505.71100 0.879616
511.09100 0.878622
516.47100 0.860811
&
0.00000 1.000000
9.64932 0.999991
19.29860 0.999964
28.94800 0.999901
38.59730 0.999828
48.24660 0.999729
57.89590 0.999485
67.54530 0.999096
77.19460 0.998500
86.84390 0.998039
96.49320 0.997605
106.14300 0.997279
115.79200 0.996394
125.44100 0.995951
135.09100 0.995499
144.74000 0.994866
154.38900 0.994152
164.03800 0.993637
173.68800 0.992932
183.33700 0.992236
192.98600 0.991341
202.63600 0.990636
212.28500 0.989678
221.93400 0.988756
231.58400 0.988114
241.23300 0.987355
250.88200 0.986333
260.53200 0.985520
270.18100 0.984734
279.83000 0.983568
289.48000 0.982691
299.12900 0.981579
308.77800 0.980323
318.42800 0.979256
328.07700 0.978081
337.72600 0.976789
347.37600 0.975442
357.02500 0.973779
366.67400 0.972685
376.32400 0.972351
385.97300 0.971835
395.62200 0.969847
405.27200 0.968672
414.92100 0.968093
424.57000 0.968111
434.22000 0.965806
443.86900 0.965770
453.51800 0.965852
463.16800 0.965906
472.81700 0.963773
482.46600 0.960736
492.11500 0.961622
501.76500 0.959235
511.41400 0.956894
521.06300 0.957825
530.71300 0.955276
540.36200 0.952746
550.01100 0.951688
559.66100 0.947593
569.31000 0.946147
578.95900 0.943345
588.60900 0.940742
598.25800 0.937940
607.90700 0.938970
617.55700 0.934451
627.20600 0.929263
636.85500 0.925765
646.50500 0.923270
656.15400 0.918615
665.80300 0.916690
675.45300 0.917079
685.10200 0.917232
694.75100 0.922077
704.40100 0.929552
714.05000 0.930619
723.69900 0.927274
733.34900 0.925747
742.99800 0.926090
752.64700 0.920911
762.29700 0.914132
771.94600 0.921661
781.59500 0.929001
791.24500 0.941339
800.89400 0.944439
810.54300 0.941637
820.19200 0.939549
829.84200 0.932445
839.49100 0.934279
849.14000 0.932915
858.79000 0.927618
868.43900 0.917341
878.08800 0.907037
887.73800 0.905961
897.38700 0.903678
&
0.00000 1.000000
13.81820 0.999993
27.63650 0.999967
41.45470 0.999844
55.27300 0.999798
69.09120 0.999688
82.90950 0.999622
96.72770 0.999492
110.54600 0.999356
124.36400 0.999225
138.18200 0.999043
152.00100 0.998822
165.81900 0.998620
179.63700 0.998340
193.45500 0.998132
207.27400 0.997930
221.09200 0.997585
234.91000 0.997292
248.72800 0.996921
262.54700 0.996446
276.36500 0.996049
290.18300 0.995593
304.00100 0.995092
317.82000 0.994701
331.63800 0.994220
345.45600 0.993809
359.27400 0.993367
373.09300 0.992931
386.91100 0.992319
400.72900 0.991811
414.54700 0.991407
428.36600 0.990835
442.18400 0.990346
456.00200 0.989721
469.82000 0.989123
483.63900 0.988407
497.45700 0.987606
511.27500 0.986753
525.09300 0.985985
538.91200 0.985165
552.73000 0.984410
566.54800 0.983492
580.36600 0.982359
594.18500 0.981819
608.00300 0.980901
621.82100 0.979977
635.63900 0.978714
649.45800 0.977698
663.27600 0.976364
677.09400 0.975218
690.91200 0.973955
704.73100 0.972328
718.54900 0.973396
732.36700 0.975244
746.18500 0.973929
760.00400 0.974776
773.82200 0.976312
787.64000 0.977933
801.45800 0.976442
815.27700 0.974385
829.09500 0.971449
842.91300 0.979502
856.73100 0.981526
870.55000 0.979098
884.36800 0.975199
898.18600 0.972035
912.00400 0.968579
925.82200 0.965805
939.64100 0.970369
953.45900 0.968045
967.27700 0.966105
981.09500 0.962381
994.91400 0.960058
1008.73000 0.959328
1022.55000 0.954394
1036.37000 0.951563
1050.19000 0.947813
1064.00000 0.946335
1077.82000 0.945086
1091.64000 0.943035
1105.46000 0.938810
1119.28000 0.936734
1133.10000 0.934006
1146.91000 0.932431
1160.73000 0.928317
1174.55000 0.923611
1188.37000 0.925433
1202.19000 0.923962
1216.01000 0.918598
1229.82000 0.909251
&
0.00000 1.000000
16.66820 0.999995
33.33630 0.999973
50.00450 0.999907
66.67260 0.999797
83.34080 0.999748
100.00900 0.999638
116.67700 0.999507
133.34500 0.999358
150.01300 0.999046
166.68200 0.998892
183.35000 0.998755
200.01800 0.998525
216.68600 0.998295
233.35400 0.998075
250.02200 0.997900
266.69100 0.997626
283.35900 0.997352
300.02700 0.997039
316.69500 0.996727
333.36300 0.996420
350.03100 0.995937
366.69900 0.995685
383.36800 0.995317
400.03600 0.994862
416.70400 0.994457
433.37200 0.994117
450.04000 0.993777
466.70800 0.993409
483.37700 0.992987
500.04500 0.992620
516.71300 0.992219
533.38100 0.991748
550.04900 0.991337
566.71700 0.990898
583.38500 0.990317
600.05400 0.989790
616.72200 0.989160
633.39000 0.988403
650.05800 0.987860
666.72600 0.987263
683.39400 0.986758
700.06300 0.986002
716.73100 0.985431
733.39900 0.984817
750.06700 0.984110
766.73500 0.983485
783.40300 0.982788
800.07200 0.981873
816.74000 0.981061
833.40800 0.980217
850.07600 0.979252
866.74400 0.978144
883.41200 0.977174
900.08000 0.976187
916.74900 0.975194
933.41700 0.974081
950.08500 0.972924
966.75300 0.971959
983.42100 0.970364
1000.09000 0.968998
1016.76000 0.967787
1033.43000 0.966175
1050.09000 0.964930
1066.76000 0.963461
1083.43000 0.962408
1100.10000 0.961103
1116.77000 0.959842
1133.43000 0.957807
1150.10000 0.956234
1166.77000 0.955949
1183.44000 0.955757
1200.11000 0.955203
1216.78000 0.953799
1233.44000 0.954128
1250.11000 0.951710
1266.78000 0.949912
1283.45000 0.948404
1300.12000 0.947093
1316.78000 0.946605
1333.45000 0.948333
1350.12000 0.946178
1366.79000 0.943847
1383.46000 0.945295
1400.13000 0.947411
1416.79000 0.946742
1433.46000 0.944396
1450.13000 0.944330
1466.80000 0.941950
1483.47000 0.939790
1500.13000 0.937322
1516.80000 0.937048
1533.47000 0.938913
1550.14000 0.937854
1566.81000 0.936769
1583.47000 0.933468
1600.14000 0.927782
1616.81000 0.917638
1633.48000 0.924410
&
0.00000 1.000000
17.56690 1.000000
35.13380 0.999990
52.70060 0.999979
70.26750 0.999855
87.83440 0.999757
105.40100 0.999644
122.96800 0.999551
140.53500 0.999421
158.10200 0.999261
175.66900 0.999142
193.23600 0.999044
210.80300 0.998925
228.36900 0.998745
245.93600 0.998548
263.50300 0.998280
281.07000 0.998161
298.63700 0.997928
316.20400 0.997737
333.77100 0.997525
351.33800 0.997215
368.90400 0.996962
386.47100 0.996704
404.03800 0.996487
421.60500 0.996172
439.17200 0.995888
456.73900 0.995547
474.30600 0.995169
491.87300 0.994792
509.43900 0.994482
527.00600 0.994069
544.57300 0.993449
562.14000 0.992958
579.70700 0.992571
597.27400 0.992230
614.84100 0.991915
632.40800 0.991517
649.97400 0.991160
667.54100 0.990716
685.10800 0.990215
702.67500 0.989724
720.24200 0.989192
737.80900 0.988649
755.37600 0.988019
772.94300 0.987492
790.50900 0.987063
808.07600 0.986485
825.64300 0.985705
843.21000 0.985074
860.77700 0.984459
878.34400 0.983819
895.91100 0.983049
913.47800 0.982300
931.04400 0.981639
948.61100 0.980807
966.17800 0.979877
983.74500 0.979107
1001.31000 0.978275
1018.88000 0.977381
1036.45000 0.976441
1054.01000 0.975403
1071.58000 0.974514
1089.15000 0.973300
1106.71000 0.972277
1124.28000 0.971347
1141.85000 0.970086
1159.41000 0.968692
1176.98000 0.967617
1194.55000 0.966568
1212.11000 0.965380
1229.68000 0.963856
1247.25000 0.962182
1264.82000 0.961221
1282.38000 0.959800
1299.95000 0.957940
1317.52000 0.956086
1335.08000 0.954003
1352.65000 0.952314
1370.22000 0.951803
1387.78000 0.950123
1405.35000 0.947788
1422.92000 0.945572
1440.48000 0.944606
1458.05000 0.944394
1475.62000 0.941914
1493.18000 0.940824
1510.75000 0.939414
1528.32000 0.938856
1545.89000 0.938551
1563.45000 0.935988
1581.02000 0.934330
1598.59000 0.935988
1616.15000 0.936293
1633.72000 0.933296
&
0.00000 1.000000
19.34030 1.000000
38.68060 0.999985
58.02090 0.999950
77.36120 0.999841
96.70160 0.999762
116.04200 0.999663
135.38200 0.999524
154.72200 0.999420
174.06300 0.999301
193.40300 0.999177
212.74300 0.999014
232.08400 0.998905
251.42400 0.998726
270.76400 0.998558
290.10500 0.998300
309.44500 0.998131
328.78500 0.997903
348.12600 0.997705
367.46600 0.997462
386.80600 0.997229
406.14700 0.996937
425.48700 0.996743
444.82700 0.996456
464.16700 0.996159
483.50800 0.995916
502.84800 0.995519
522.18800 0.995261
541.52900 0.994855
560.86900 0.994548
580.20900 0.994171
599.55000 0.993765
618.89000 0.993318
638.23000 0.992991
657.57100 0.992570
676.91100 0.992079
696.25100 0.991608
715.59200 0.991147
734.93200 0.990637
754.27200 0.990136
773.61200 0.989730
792.95300 0.989200
812.29300 0.988748
831.63300 0.988104
850.97400 0.987633
870.31400 0.986974
889.65400 0.986617
908.99500 0.985814
928.33500 0.985234
947.67500 0.984585
967.01600 0.983945
986.35600 0.983276
1005.70000 0.982374
1025.04000 0.981621
1044.38000 0.980937
1063.72000 0.980074
1083.06000 0.979336
1102.40000 0.978568
1121.74000 0.977611
1141.08000 0.976699
1160.42000 0.975603
1179.76000 0.974543
1199.10000 0.973537
1218.44000 0.972149
1237.78000 0.970910
1257.12000 0.969502
1276.46000 0.968416
1295.80000 0.967093
1315.14000 0.965779
1334.48000 0.964426
1353.82000 0.963509
1373.16000 0.962216
1392.50000 0.961160
1411.84000 0.959693
1431.18000 0.958196
1450.52000 0.955807
1469.86000 0.953993
1489.20000 0.953492
1508.54000 0.951727
1527.88000 0.951093
1547.22000 0.952297
1566.57000 0.950325
1585.91000 0.948620
1605.25000 0.947212
1624.59000 0.945581
1643.93000 0.944967
1663.27000 0.943009
1682.61000 0.945656
1701.95000 0.944169
1721.29000 0.947073
1740.63000 0.945556
1759.97000 0.943390
1779.31000 0.938810
1798.65000 0.936773
1817.99000 0.941779
1837.33000 0.938344
1856.67000 0.933958
&
0.00000 1.000000
20.23300 1.000000
40.46590 0.999990
60.69890 0.999916
80.93180 0.999872
101.16500 0.999754
121.39800 0.999676
141.63100 0.999587
161.86400 0.999346
182.09700 0.999243
202.33000 0.999101
222.56300 0.998968
242.79600 0.998766
263.02800 0.998555
283.26100 0.998368
303.49400 0.998191
323.72700 0.997955
343.96000 0.997700
364.19300 0.997380
384.42600 0.997031
404.65900 0.996800
424.89200 0.996565
445.12500 0.996260
465.35800 0.995994
485.59100 0.995729
505.82400 0.995355
526.05700 0.995021
546.29000 0.994633
566.52300 0.994294
586.75600 0.993979
606.98900 0.993517
627.22200 0.993090
647.45500 0.992593
667.68800 0.992122
687.92100 0.991699
708.15400 0.991237
728.38700 0.990829
748.62000 0.990323
768.85200 0.989856
789.08500 0.989404
809.31800 0.988892
829.55100 0.988298
849.78400 0.987816
870.01700 0.987084
890.25000 0.986386
910.48300 0.985713
930.71600 0.985093
950.94900 0.984469
971.18200 0.983766
991.41500 0.982985
1011.65000 0.982213
1031.88000 0.981447
1052.11000 0.980626
1072.35000 0.979957
1092.58000 0.979235
1112.81000 0.978050
1133.05000 0.976925
1153.28000 0.975996
1173.51000 0.974954
1193.74000 0.973676
1213.98000 0.972575
1234.21000 0.971440
1254.44000 0.970236
1274.68000 0.969449
1294.91000 0.968884
1315.14000 0.968299
1335.38000 0.967071
1355.61000 0.965970
1375.84000 0.964726
1396.07000 0.964132
1416.31000 0.964402
1436.54000 0.963272
1456.77000 0.961704
1477.01000 0.960288
1497.24000 0.958484
1517.47000 0.957575
1537.70000 0.956189
1557.94000 0.954666
1578.17000 0.952950
1598.40000 0.950709
1618.64000 0.948625
1638.87000 0.946704
1659.10000 0.944851
1679.34000 0.942447
1699.57000 0.939980
1719.80000 0.938928
1740.03000 0.935547
1760.27000 0.934780
1780.50000 0.933217
1800.73000 0.931094
1820.97000 0.930313
1841.20000 0.926902
1861.43000 0.924184
1881.67000 0.924833
1901.90000 0.923211
1922.13000 0.920026
1942.36000 0.918900
&
