f,num_active_particles,num_deleted_particles,total_deleted_rods,avalanche_sizes
0,38540,0,0,"0"
73.34431036973595,38522,18,1,"1"
87.195868170795976,38521,19,1,"1"
89.293253401188167,38509,31,1,"1"
108.71415594077953,38506,34,1,"1"
109.99135961081627,38505,35,1,"1"
127.03243832586119,38504,36,1,"1"
142.26057364584972,38503,37,1,"1"
164.27252046650622,38502,38,1,"1"
175.46731676514852,38501,39,1,"1"
211.74078530171673,38500,40,1,"1"
226.34657835789338,38498,42,2,"2"
265.03145461168208,38497,43,1,"1"
267.70783443237684,38496,44,1,"1"
269.35302020481953,38485,55,1,"1"
279.47259820577364,38482,58,1,"1"
286.41093990616025,38464,76,1,"1"
290.59479231281978,38446,94,1,"1"
315.55715855967424,38443,97,1,"1"
374.06059907543727,38425,115,1,"1"
375.69490704665554,38415,125,1,"1"
380.84699125950124,38413,127,2,"2"
392.66419627019729,38410,130,1,"1"
470.90712722461319,38406,134,2,"2"
470.98780350928627,38403,137,1,"1"
475.73008183928215,38391,149,1,"1"
488.06737335773448,38388,152,1,"1"
490.72778779878149,38378,162,1,"1"
503.37421007884063,38376,164,2,"2"
519.27562030704507,38366,174,1,"1"
528.98627688379202,38348,192,2,"2"
541.82796829349411,38337,203,1,"1"
570.75084249016049,38319,221,1,"1"
574.91622507237855,38311,229,2,"1-1"
588.06472857327424,38308,232,1,"1"
627.77077359990551,38303,237,1,"1"
648.44251714054121,38285,255,1,"1"
652.69672772485512,38267,273,1,"1"
655.79457247736548,38227,313,4,"2-1-1"
696.09788813103978,38211,329,1,"1"
714.27891344713748,38186,354,5,"3-1-1"
721.4349124453995,38183,357,1,"1"
725.82102087541352,38173,367,1,"1"
736.80252841252172,38163,377,1,"1"
752.85926342358039,38145,395,1,"1"
754.38570831767936,38119,421,2,"1-1"
760.09199991614116,38109,431,2,"1-1"
776.09620637998773,38100,440,3,"3"
794.79255496301084,38097,443,1,"1"
830.04203486401514,38083,457,1,"1"
853.4585268576493,38069,471,1,"1"
876.40037044662029,38051,489,1,"1"
879.52113093169987,38033,507,1,"1"
894.52598683717088,38028,512,1,"1"
895.09385715503106,38010,530,1,"1"
923.58723851032642,37994,546,1,"1"
936.68140142239156,37982,558,2,"2"
947.80811877440669,37973,567,1,"1"
962.99579213238644,37947,593,4,"3-1"
963.30498584404813,37935,605,2,"2"
966.1361148776158,37930,610,1,"1"
975.12373971287923,37910,630,2,"2"
990.49795167464038,37892,648,1,"1"
1012.2985925740612,37874,666,1,"1"
1015.9947350482187,37861,679,3,"2-1"
1049.1220853782643,37851,689,1,"1"
1060.5045029645757,37833,707,1,"1"
1066.6535855697257,37815,725,1,"1"
1068.5982394949117,37797,743,1,"1"
1070.7214199858749,37779,761,1,"1"
1086.682457961921,37761,779,1,"1"
1088.2935469484528,37758,782,1,"1"
1120.8506193334663,37740,800,1,"1"
1142.5201332817965,37722,818,1,"1"
1151.6376096257411,37704,836,1,"1"
1155.8933244195362,37664,876,3,"2-1"
1161.1690321416343,37647,893,1,"1"
1179.710996307148,37638,902,1,"1"
1180.7245058392264,37599,941,3,"3"
1200.0797517356448,37581,959,1,"1"
1203.6170794649672,37563,977,1,"1"
1211.5720383456401,37551,989,1,"1"
1212.9471680956751,37533,1007,1,"1"
1214.6713521188799,37479,1061,3,"3"
1224.7961032505916,37461,1079,1,"1"
1234.9757591283042,37429,1111,2,"2"
1250.8567757707829,37411,1129,1,"1"
1257.0266073926223,37399,1141,1,"1"
1263.6652205253579,37358,1182,5,"2-2-1"
1265.387277876087,37300,1240,8,"3-2-2-1"
1267.2959136244549,37289,1251,1,"1"
1267.5741585289638,37282,1258,1,"1"
1274.2334107589193,37264,1276,1,"1"
1285.22344366228,37236,1304,2,"2"
1285.6633947293301,37218,1322,1,"1"
1291.9722562766881,37200,1340,1,"1"
1306.1963725379949,37184,1356,1,"1"
1312.7655040188831,37172,1368,1,"1"
1317.1699103312417,37158,1382,2,"2"
1320.4164397628608,37122,1418,2,"1-1"
1328.125956494255,37098,1442,2,"2"
1332.9397171640155,37080,1460,1,"1"
1359.1869240397446,37062,1478,1,"1"
1361.4466702079885,36966,1574,8,"2-2-2-1-1"
1366.9212205186905,36948,1592,1,"1"
1369.0933266104373,36901,1639,5,"2-2-1"
1374.0109638509589,36875,1665,2,"2"
1376.3780924319494,36857,1683,1,"1"
1380.3493283841171,36848,1692,1,"1"
1383.8261989893172,36830,1710,1,"1"
1388.2859769932613,36444,2096,26,"4-4-4-2-2-2-2-2-1-1-1-1"
1392.5615249697494,36408,2132,2,"2"
1392.7960873240611,36401,2139,1,"1"
1407.6544257384985,36383,2157,1,"1"
1407.8362361421389,0,38540,2055,"2055"
----------------------------------------------1
0,38540,0,0,"0"
85.059471982057772,38522,18,1,"1"
129.87124870367219,38504,36,1,"1"
135.25599940007635,38503,37,1,"1"
136.1472934103449,38502,38,1,"1"
143.85889012536231,38501,39,1,"1"
150.99429554745774,38500,40,1,"1"
152.54622591466992,38488,52,1,"1"
155.62460112878117,38486,54,2,"1-1"
165.52921156267089,38484,56,2,"1-1"
262.95842674896608,38483,57,1,"1"
281.22410440268874,38482,58,1,"1"
282.87537452343264,38478,62,2,"2"
284.86461288842349,38464,76,1,"1"
294.68477286864493,38463,77,1,"1"
298.3184844495317,38445,95,1,"1"
307.61151348792174,38444,96,1,"1"
323.15104821749117,38440,100,2,"2"
325.30973324183049,38433,107,1,"1"
332.92803619190056,38415,125,1,"1"
333.40937574268656,38397,143,1,"1"
344.31150631280923,38353,187,4,"1-1-1-1"
351.19635633797907,38335,205,1,"1"
352.32629518213565,38317,223,1,"1"
362.0326678719241,38303,237,1,"1"
397.45225971924356,38296,244,3,"2-1"
404.48464988310667,38293,247,1,"1"
435.47438588041905,38290,250,1,"1"
439.07675045130924,38272,268,1,"1"
439.4621676844705,38262,278,2,"1-1"
444.19142811931692,38244,296,1,"1"
446.85000159444218,38226,314,1,"1"
479.62791281215794,38223,317,1,"1"
506.76449369406845,38218,322,1,"1"
510.62964579034906,38198,342,2,"2"
516.46170315356699,38180,360,1,"1"
530.60423394823749,38160,380,2,"2"
552.57334332793175,38142,398,1,"1"
557.84257527614727,38138,402,2,"2"
572.27349056614867,38133,407,1,"1"
574.2270802757638,38130,410,1,"1"
613.51238731485023,38112,428,1,"1"
624.20880064652442,38094,446,1,"1"
627.41319935639217,38067,473,5,"5"
631.2436608243097,38049,491,1,"1"
632.18860425298271,38031,509,1,"1"
649.48648212880528,38026,514,1,"1"
662.08066635231648,38016,524,2,"1-1"
675.41304441484465,37998,542,1,"1"
678.94745385628153,37980,560,1,"1"
697.79403919110223,37977,563,1,"1"
701.19235386776847,37959,581,1,"1"
706.6849682706594,37941,599,1,"1"
709.49167838586311,37931,609,1,"1"
719.2748590171542,37928,612,1,"1"
734.04144935656802,37910,630,1,"1"
745.19863122298511,37876,664,2,"2"
745.20666059509699,37866,674,1,"1"
750.59142872121151,37863,677,1,"1"
761.07631583127011,37851,689,1,"1"
775.49490399842318,37833,707,1,"1"
789.5080757980819,37828,712,1,"1"
801.71527026329898,37810,730,1,"1"
832.3779807415882,37796,744,2,"2"
846.63055338894185,37793,747,1,"1"
867.83319368529146,37775,765,1,"1"
881.91212345546512,37772,768,1,"1"
883.21846624815828,37754,786,1,"1"
886.44113645300808,37718,822,2,"1-1"
901.41823049049572,37700,840,1,"1"
907.00069873007192,37682,858,1,"1"
910.8758466481371,37664,876,1,"1"
911.07710163374668,37661,879,1,"1"
915.65206173510239,37643,897,1,"1"
933.52484804839412,37625,915,1,"1"
948.4137504504248,37607,933,1,"1"
953.95641181627536,37597,943,1,"1"
957.8510983248425,37579,961,1,"1"
959.14456180113882,37568,972,1,"1"
969.23170306314648,37556,984,1,"1"
977.44333388809446,37538,1002,1,"1"
986.47513371125831,37526,1014,1,"1"
990.24087488667055,37484,1056,3,"2-1"
1001.1487007809773,37466,1074,1,"1"
1011.5362637864378,37448,1092,1,"1"
1011.9097775222842,37427,1113,3,"2-1"
1030.2250270987647,37409,1131,1,"1"
1035.1024473423786,37380,1160,2,"2"
1051.0604804339071,37362,1178,1,"1"
1080.6812613560328,37357,1183,1,"1"
1095.6563064596801,37341,1199,2,"1-1"
1101.7419677004341,37305,1235,2,"1-1"
1104.4722875025864,37287,1253,1,"1"
1105.0510901131831,37263,1277,2,"1-1"
1119.6112733716775,37245,1295,1,"1"
1121.9456873186375,37227,1313,1,"1"
1130.3844135313614,37209,1331,1,"1"
1146.4772626904708,37173,1367,2,"2"
1149.3726943949575,37155,1385,2,"2"
1159.516302595561,37137,1403,1,"1"
1161.1377498986255,37119,1421,1,"1"
1164.5734062541942,37101,1439,1,"1"
1165.5097483855297,37083,1457,1,"1"
1180.285286009675,37002,1538,9,"6-2-1"
1181.4158047832811,36988,1552,1,"1"
1193.0266312866013,36970,1570,1,"1"
1193.5443972175794,36946,1594,4,"4"
1209.2202111051436,36852,1688,6,"4-1-1"
1215.2708173173633,36836,1704,1,"1"
1217.6918696134628,36818,1722,1,"1"
1222.682588501644,36808,1732,2,"2"
1224.5378964541312,36803,1737,1,"1"
1224.64784441289,36709,1831,8,"3-2-2-1"
1228.7946637624136,36652,1888,6,"3-1-1-1"
1234.139822638115,36634,1906,1,"1"
1241.556104295584,36616,1924,1,"1"
1250.0673503775097,36598,1942,1,"1"
1258.9547050001456,36580,1960,1,"1"
1277.6465721541192,36565,1975,1,"1"
1279.4486942775829,36529,2011,2,"2"
1281.6868947149542,36511,2029,1,"1"
1291.3153319560238,36493,2047,1,"1"
1297.7818128713793,36475,2065,1,"1"
1304.611674755836,36468,2072,1,"1"
1306.3704798572037,36450,2090,1,"1"
1348.1164525315978,36254,2286,14,"3-3-2-2-2-1-1"
1364.0371492243019,36236,2304,1,"1"
1374.0938776113765,36190,2350,4,"3-1"
1386.9436351384002,36172,2368,1,"1"
1388.2615374343152,36097,2443,7,"7"
1394.0003228110434,36079,2461,1,"1"
1398.5620711610463,36061,2479,1,"1"
1401.648656737696,36049,2491,1,"1"
1402.3574749789952,36037,2503,1,"1"
1402.6423536738494,36019,2521,1,"1"
1408.9764343063271,35829,2711,17,"4-4-1-1-1-1-1-1-1-1-1"
1417.1199537958269,35793,2747,2,"2"
1426.1888114194912,0,38540,2017,"2017"
----------------------------------------------2
0,38540,0,0,"0"
63.232113399211919,38522,18,1,"1"
89.357646305479861,38513,27,1,"1"
142.18641809502665,38512,28,1,"1"
143.12537216561807,38494,46,1,"1"
153.48016472320552,38482,58,1,"1"
159.65761608894593,38480,60,2,"1-1"
171.87979793498599,38479,61,1,"1"
189.71932815665321,38478,62,1,"1"
194.7491107688769,38460,80,1,"1"
195.57264337355187,38459,81,1,"1"
197.67611739700115,38456,84,1,"1"
220.54042777897578,38455,85,1,"1"
241.347564806496,38437,103,1,"1"
244.65596462358855,38436,104,1,"1"
251.84963344153689,38429,111,1,"1"
261.56732247380927,38411,129,1,"1"
262.48533889086224,38399,141,1,"1"
264.51731571800934,38398,142,1,"1"
267.68295491241344,38388,152,1,"1"
271.04916592355488,38383,157,1,"1"
276.91325268378813,38382,158,1,"1"
277.41325434784636,38380,160,2,"2"
281.50446792286459,38373,167,3,"2-1"
285.62448230644821,38357,183,1,"1"
299.77386426430451,38339,201,1,"1"
315.3398581524836,38338,202,1,"1"
331.69674333494157,38335,205,1,"1"
355.89809227067832,38317,223,1,"1"
366.10062549600383,38316,224,1,"1"
375.19535716186357,38298,242,1,"1"
386.53799938020308,38288,252,1,"1"
419.28864775177715,38287,253,1,"1"
421.67422944718669,38284,256,1,"1"
427.00528285309423,38266,274,1,"1"
429.16775704432825,38248,292,1,"1"
430.48988472971013,38230,310,1,"1"
441.2429759807286,38220,320,1,"1"
445.06885788557105,38202,338,1,"1"
497.7246896074048,38184,356,1,"1"
514.18420474939592,38180,360,2,"2"
526.1211966593097,38169,371,1,"1"
536.33986206927307,38166,374,1,"1"
545.3257724311178,38159,381,1,"1"
555.45713448764241,38149,391,2,"2"
573.64619351002227,38146,394,1,"1"
577.25498808023519,38137,403,1,"1"
579.7692746828601,38119,421,1,"1"
582.48519235246658,38095,445,2,"2"
584.81546667449322,38077,463,1,"1"
589.75885617595361,38049,491,2,"2"
657.51098222278574,38038,502,3,"2-1"
675.9272214812604,38002,538,2,"1-1"
677.2408025111298,37997,543,1,"1"
681.18745239760608,37979,561,1,"1"
705.75213058443944,37976,564,1,"1"
731.87030056821231,37969,571,1,"1"
736.0026831622381,37951,589,1,"1"
746.82220417769838,37915,625,2,"1-1"
758.83393691026902,37897,643,1,"1"
760.98111936579232,37877,663,2,"2"
795.17048325179508,37868,672,3,"3"
798.09651004236082,37865,675,1,"1"
801.38735788753502,37847,693,1,"1"
821.58687331259603,37815,725,3,"2-1"
838.43627466889745,37783,757,2,"2"
844.77299612976242,37765,775,1,"1"
844.96159001513922,37748,792,3,"3"
877.7450990203356,37745,795,1,"1"
899.23351603419655,37727,813,1,"1"
918.42952554726037,37717,823,2,"2"
919.69483479809981,37712,828,1,"1"
920.44462100813701,37709,831,1,"1"
945.80291894898198,37691,849,1,"1"
956.44321052976386,37673,867,1,"1"
998.79322626147052,37666,874,1,"1"
1001.4720022178365,37661,879,1,"1"
1027.0986768924226,37643,897,1,"1"
1027.3879380131577,37625,915,2,"2"
1033.9909317359993,37609,931,2,"1-1"
1046.4457091947281,37591,949,1,"1"
1075.4616984749059,37573,967,1,"1"
1107.0172213129986,37555,985,1,"1"
1122.9733146391025,37537,1003,1,"1"
1130.7369810515816,37519,1021,2,"2"
1133.3402458661758,37501,1039,1,"1"
1150.160263948319,37489,1051,1,"1"
1159.1678107215273,37466,1074,3,"2-1"
1163.6462912382392,37432,1108,2,"1-1"
1172.4432942183107,37429,1111,1,"1"
1173.0167888517271,37419,1121,1,"1"
1177.067205125097,37401,1139,1,"1"
1178.5209654157002,37383,1157,1,"1"
1183.150416273794,37365,1175,1,"1"
1184.5600878429341,37329,1211,2,"1-1"
1188.4933713237965,37317,1223,1,"1"
1192.6890497360805,37299,1241,1,"1"
1192.9076251757965,37275,1265,4,"3-1"
1193.8260703723959,37268,1272,1,"1"
1198.5295090524942,37230,1310,3,"3"
1202.1078923715775,37212,1328,1,"1"
1207.530402964079,37202,1338,1,"1"
1208.3822235464158,37178,1362,2,"2"
1216.0431963882504,37160,1380,1,"1"
1229.114377075294,37142,1398,1,"1"
1237.423231700626,37106,1434,2,"1-1"
1242.7532408904251,37088,1452,1,"1"
1251.6903812953528,37070,1470,1,"1"
1252.5696580853348,37052,1488,1,"1"
1260.8781142929515,37034,1506,1,"1"
1265.2447505920009,36902,1638,15,"4-3-2-2-1-1-1-1"
1269.7875664939968,36878,1662,2,"2"
1273.3160609581248,36842,1698,2,"2"
1280.7357305701673,36818,1722,2,"2"
1293.9106706174618,36800,1740,1,"1"
1302.2021720734963,36782,1758,1,"1"
1302.7547485861708,36760,1780,2,"1-1"
1302.8399574702494,36726,1814,4,"2-1-1"
1308.8482474819025,36701,1839,2,"2"
1318.339908967713,36683,1857,1,"1"
1328.0665133268199,36670,1870,1,"1"
1334.6064959336311,36659,1881,1,"1"
1334.796419769586,36641,1899,1,"1"
1339.4287301821755,36626,1914,1,"1"
1342.047830208862,36608,1932,1,"1"
1343.6943531294096,36590,1950,1,"1"
1345.7051264660713,36572,1968,1,"1"
1346.3418898462951,36554,1986,1,"1"
1347.8621277993248,36536,2004,1,"1"
1349.1497195684085,36526,2014,1,"1"
1355.4777405430239,36508,2032,1,"1"
1362.1290235370495,36453,2087,5,"3-2"
1365.0695818486122,36435,2105,1,"1"
1368.7230435973729,36405,2135,2,"2"
1377.8210565968873,36387,2153,1,"1"
1382.799589454728,36369,2171,1,"1"
1385.7543933597617,36351,2189,1,"1"
1397.646438559216,36307,2233,3,"2-1"
1399.518532545894,36089,2451,15,"6-2-2-1-1-1-1-1"
1399.8119798500295,36071,2469,1,"1"
1429.8792325789818,36035,2505,2,"2"
1436.0151334036982,36017,2523,1,"1"
1437.2033286621133,35999,2541,1,"1"
1437.8486313007197,35981,2559,1,"1"
1438.2392345030846,35908,2632,5,"4-1"
1442.5725871425441,35899,2641,1,"1"
1442.5879352513659,35888,2652,1,"1"
1446.5086367891647,35874,2666,1,"1"
1448.1541952445527,35856,2684,1,"1"
1450.4687836230837,35838,2702,1,"1"
1459.8800289536873,35802,2738,2,"2"
1466.3137107249042,35750,2790,3,"2-1"
1477.7583844316225,0,38540,2016,"2016"
----------------------------------------------3
0,38540,0,0,"0"
93.188822495246555,38539,1,1,"1"
107.60669623867301,38536,4,1,"1"
119.513075493624,38535,5,1,"1"
135.77898839386839,38530,10,1,"1"
141.33085448016979,38529,11,1,"1"
149.35623894131768,38528,12,1,"1"
152.0435689559128,38525,15,1,"1"
157.71610462252136,38524,16,1,"1"
157.76571166248596,38506,34,1,"1"
174.99251507878793,38499,41,1,"1"
186.41658583660927,38498,42,1,"1"
190.34718792976557,38497,43,1,"1"
190.41751547520448,38479,61,1,"1"
200.90028618037488,38478,62,1,"1"
205.83844133239964,38477,63,1,"1"
206.04830532408118,38476,64,1,"1"
212.35989183936906,38473,67,1,"1"
214.54983602275803,38470,70,1,"1"
249.76748455940771,38469,71,1,"1"
253.0458908634557,38457,83,1,"1"
263.14344126781543,38447,93,1,"1"
286.38891591216105,38437,103,1,"1"
314.21011988532899,38434,106,1,"1"
329.13503696881355,38433,107,1,"1"
339.67198768511309,38415,125,1,"1"
357.33990335366377,38397,143,1,"1"
359.6238282530561,38379,161,1,"1"
360.17502503197329,38376,164,1,"1"
376.69171670925351,38374,166,2,"2"
384.02418915920708,38369,171,1,"1"
406.37878478362074,38366,174,1,"1"
452.85515830098007,38365,175,1,"1"
459.24842157999751,38347,193,1,"1"
534.8054918454153,38344,196,1,"1"
552.11277707950887,38320,220,2,"2"
552.63555203527346,38302,238,1,"1"
559.12564213980841,38301,239,1,"1"
572.38086610307403,38283,257,1,"1"
573.37372634379528,38265,275,1,"1"
580.75620911199564,38247,293,1,"1"
604.37316723308459,38234,306,5,"3-2"
619.71125616435245,38229,311,1,"1"
633.62047278421346,38211,329,1,"1"
635.20751384307073,38193,347,1,"1"
651.26729368117242,38190,350,1,"1"
661.42245735885183,38172,368,1,"1"
676.574680267129,38169,371,1,"1"
679.77549995119762,38151,389,1,"1"
712.60374024917985,38146,394,1,"1"
725.85932250943313,38128,412,1,"1"
726.12473374300225,38125,415,1,"1"
730.30675798858374,38113,427,1,"1"
775.60403786757195,38099,441,1,"1"
800.59613625813279,38096,444,1,"1"
802.20847089945585,38078,462,1,"1"
807.50316928404834,38060,480,1,"1"
858.78456631456106,38057,483,1,"1"
859.6683483625427,38054,486,1,"1"
868.23159813640825,38045,495,1,"1"
879.88800194146802,38027,513,1,"1"
899.16307991195538,38020,520,1,"1"
901.23537760092881,38002,538,1,"1"
914.64415493259253,37999,541,1,"1"
914.75983797386596,37988,552,1,"1"
917.10119088323074,37945,595,5,"3-2"
970.77511392531198,37927,613,1,"1"
978.19831912631594,37909,631,1,"1"
998.4210942187658,37855,685,3,"2-1"
1011.6946589314315,37822,718,5,"4-1"
1013.2409207153873,37804,736,1,"1"
1019.1482268773315,37786,754,1,"1"
1024.8743327124503,37768,772,1,"1"
1032.8470969607563,37750,790,1,"1"
1038.8670095685154,37732,808,1,"1"
1091.4408505216643,37712,828,2,"2"
1111.9688789087702,37694,846,1,"1"
1134.1286344361476,37679,861,1,"1"
1142.173191130104,37664,876,3,"2-1"
1156.3309557290668,37644,896,2,"2"
1160.6485534959631,37631,909,1,"1"
1194.4700478204506,37613,927,1,"1"
1197.8694065153645,37606,934,1,"1"
1198.1741964105161,37588,952,1,"1"
1216.9588584055991,37570,970,1,"1"
1219.2537738880167,37552,988,1,"1"
1220.2798882397653,37547,993,1,"1"
1224.7477640032323,37537,1003,1,"1"
1229.9331937319992,37519,1021,1,"1"
1243.3826746478849,37501,1039,1,"1"
1248.5630373148977,37481,1059,2,"2"
1251.1013768266266,37463,1077,1,"1"
1266.3381757158443,37452,1088,1,"1"
1266.3973409611131,37426,1114,2,"1-1"
1270.6415615307913,37417,1123,1,"1"
1278.0272115627793,37399,1141,1,"1"
1281.6625518402684,37389,1151,1,"1"
1298.5103470587544,37337,1203,4,"4"
1299.953031381149,37303,1237,3,"2-1"
1304.3914849391708,37285,1255,1,"1"
1305.0307563396532,37267,1273,1,"1"
1319.2913718179084,37249,1291,1,"1"
1325.3591006889465,37213,1327,2,"1-1"
1328.184325539929,37173,1367,3,"2-1"
1337.8103881545178,37155,1385,1,"1"
1355.2645696663037,37144,1396,1,"1"
1374.9603995371001,37109,1431,3,"3"
1388.5823902474067,37091,1449,1,"1"
1392.0712717800329,37037,1503,3,"1-1-1"
1393.593776192919,37019,1521,1,"1"
1413.35604749807,37001,1539,1,"1"
1414.0941292931011,36983,1557,1,"1"
1415.8607129613104,36965,1575,1,"1"
1418.2589746994513,36593,1947,25,"6-4-3-3-2-2-1-1-1-1-1"
1434.4919045725733,36575,1965,1,"1"
1448.2804159239372,36565,1975,1,"1"
1453.1130014402372,36395,2145,18,"11-3-1-1-1-1"
1477.9849881342705,36377,2163,1,"1"
1489.8643276577766,36359,2181,1,"1"
1496.7904548381916,36305,2235,3,"3"
1501.5394154884098,36287,2253,1,"1"
1507.4182064905388,36235,2305,4,"3-1"
1510.0952622278749,36199,2341,2,"2"
1514.8116366195595,36170,2370,3,"1-1-1"
1518.2725246412476,36137,2403,2,"2"
1521.9873542348344,36119,2421,1,"1"
1524.1341902517711,0,38540,2044,"2044"
----------------------------------------------4
0,38540,0,0,"0"
65.678803255225489,38535,5,1,"1"
79.027195296691119,38534,6,1,"1"
82.847228220099225,38533,7,1,"1"
155.56800430725693,38532,8,1,"1"
161.0309611071315,38531,9,1,"1"
171.35777069085984,38530,10,1,"1"
251.41928463306652,38529,11,1,"1"
278.15062193069326,38525,15,2,"2"
283.30539764855467,38513,27,1,"1"
294.43729783974425,38512,28,1,"1"
308.22848198081056,38502,38,1,"1"
308.50560098196684,38501,39,1,"1"
310.6353475256347,38485,55,1,"1"
327.34571315196439,38483,57,2,"1-1"
328.87078459542397,38482,58,1,"1"
336.01408370073193,38464,76,1,"1"
361.6629536830128,38463,77,1,"1"
386.34779258412976,38445,95,1,"1"
397.6531874081324,38442,98,1,"1"
417.00421947999718,38424,116,1,"1"
428.13707430677124,38404,136,2,"2"
453.66067010210764,38386,154,1,"1"
469.53431733287562,38381,159,3,"3"
481.69450315783627,38378,162,1,"1"
487.70657137669667,38368,172,1,"1"
492.72198608239387,38358,182,1,"1"
500.34437348178022,38348,192,4,"2-2"
504.30473508465866,38330,210,1,"1"
505.88868102937801,38312,228,1,"1"
508.28529855363143,38294,246,1,"1"
521.49962832305175,38293,247,1,"1"
527.54399268094392,38275,265,1,"1"
528.60150179237564,38270,270,1,"1"
551.18213509579493,38252,288,1,"1"
556.8136405641319,38234,306,1,"1"
565.62571629716876,38222,318,1,"1"
571.41737015448734,38204,336,1,"1"
586.16165445678291,38187,353,5,"2-1-1-1"
594.39916399496349,38184,356,1,"1"
605.67298040391893,38166,374,1,"1"
606.20332414946608,38156,384,1,"1"
619.06199817843481,38153,387,1,"1"
629.11894921809915,38134,406,3,"2-1"
650.39474816041525,38122,418,2,"1-1"
667.52649074751605,38119,421,1,"1"
693.41624396397231,38109,431,1,"1"
725.94968830907112,38081,459,2,"2"
734.26731909688863,38063,477,1,"1"
736.01914450360857,38045,495,1,"1"
739.38873196790018,38040,500,1,"1"
745.43473523800458,38022,518,1,"1"
747.31882112893607,38008,532,1,"1"
761.21403251557592,37988,552,2,"2"
773.89126910380935,37985,555,1,"1"
791.58379085170429,37980,560,1,"1"
798.20351823951,37977,563,1,"1"
801.85545333144921,37974,566,1,"1"
807.66419166398532,37956,584,1,"1"
812.09969746089018,37951,589,1,"1"
812.16088779959682,37933,607,1,"1"
834.45714498547636,37930,610,1,"1"
839.17973731759275,37912,628,1,"1"
840.46218906620061,37898,642,1,"1"
851.98795365340175,37882,658,1,"1"
856.47673287804855,37864,676,1,"1"
873.81781501876424,37846,694,1,"1"
874.21971185444409,37828,712,1,"1"
876.73541017393404,37818,722,2,"2"
895.32940271075074,37800,740,1,"1"
913.02778865983987,37782,758,1,"1"
927.84604120074789,37768,772,2,"2"
948.5482705373156,37759,781,1,"1"
962.10147887352548,37723,817,2,"2"
966.39718926386138,37705,835,1,"1"
988.86899875015263,37669,871,2,"2"
991.19986837165595,37651,889,1,"1"
993.94908184432995,37633,907,1,"1"
1007.1699205332962,37615,925,1,"1"
1027.0546754501897,37597,943,1,"1"
1046.1876286173331,37579,961,1,"1"
1048.3259316473202,37572,968,1,"1"
1051.0357629888404,37563,977,1,"1"
1055.3730060316309,37545,995,1,"1"
1071.8900301426315,37521,1019,2,"1-1"
1090.222337482681,37503,1037,1,"1"
1100.0592480963817,37485,1055,1,"1"
1105.2697855675376,37473,1067,1,"1"
1110.5868424547575,37455,1085,1,"1"
1110.9033803682389,37437,1103,1,"1"
1116.3927145557793,37419,1121,1,"1"
1134.7166926042091,37416,1124,1,"1"
1138.0398079560396,37398,1142,1,"1"
1155.2651176631803,37380,1160,1,"1"
1159.6610190597112,37362,1178,1,"1"
1203.0698360477204,37344,1196,1,"1"
1209.1861034867759,37290,1250,3,"2-1"
1212.8876076309516,37253,1287,5,"3-2"
1219.530189037426,37235,1305,1,"1"
1230.0728041134589,37217,1323,1,"1"
1236.2673545740834,37181,1359,2,"1-1"
1244.7997107501787,37171,1369,1,"1"
1250.4448783631615,37153,1387,1,"1"
1256.8280500820949,37099,1441,3,"1-1-1"
1257.086873795668,37089,1451,1,"1"
1265.9416025581706,37055,1485,4,"3-1"
1277.341445681601,37037,1503,1,"1"
1277.6951636259425,37019,1521,1,"1"
1284.4815085094176,36978,1562,7,"3-3-1"
1287.9344800027761,36960,1580,1,"1"
1288.1773363072682,36942,1598,1,"1"
1290.7954596840557,36924,1616,1,"1"
1293.8786301583234,36888,1652,2,"2"
1298.7639629503483,36856,1684,2,"1-1"
1298.7727563395208,36838,1702,1,"1"
1300.2691209205475,36820,1720,1,"1"
1301.2252852130423,36802,1738,1,"1"
1303.7847173160746,36784,1756,1,"1"
1309.4582806389078,36773,1767,1,"1"
1319.7910148239873,36721,1819,3,"2-1"
1322.9496537185,36703,1837,1,"1"
1325.9656966738373,36685,1855,1,"1"
1329.992862203168,36667,1873,1,"1"
1331.9249725680454,36660,1880,1,"1"
1335.5132836666623,36606,1934,6,"2-1-1-1-1"
1351.2992722791362,36588,1952,1,"1"
1362.7067679831821,36570,1970,1,"1"
1366.1246206363551,36536,2004,3,"1-1-1"
1378.5050291418843,36520,2020,1,"1"
1385.2343553647652,36509,2031,1,"1"
1385.9225693327739,36491,2049,1,"1"
1390.1178396141534,36467,2073,2,"2"
1390.9495528207058,36421,2119,3,"2-1"
1408.1758719864224,36403,2137,1,"1"
1411.4109245967732,36345,2195,4,"2-2"
1422.6105444777813,36327,2213,1,"1"
1430.3764486516204,36309,2231,1,"1"
1430.942288630956,36291,2249,1,"1"
1431.494795938142,36273,2267,1,"1"
1437.5728531838242,36255,2285,1,"1"
1437.8350114227937,36237,2303,1,"1"
1443.7150692575342,36219,2321,1,"1"
1447.4685376247319,36201,2339,1,"1"
1447.5396936247287,36183,2357,1,"1"
1448.2995530531941,36165,2375,1,"1"
1454.458179871996,36147,2393,1,"1"
1455.285423563776,36129,2411,1,"1"
1455.6848402053972,0,38540,2050,"2050"
----------------------------------------------5
0,38540,0,0,"0"
88.118807640304752,38533,7,1,"1"
88.665764781592344,38532,8,1,"1"
110.957338311925,38531,9,1,"1"
147.84059561577109,38530,10,1,"1"
161.26258965467741,38512,28,1,"1"
167.62495136505231,38511,29,1,"1"
169.97331062992401,38510,30,1,"1"
175.33234402522183,38509,31,1,"1"
208.22667306393134,38508,32,1,"1"
213.57156050560417,38505,35,1,"1"
214.18444267186257,38504,36,1,"1"
218.09298334133541,38502,38,2,"2"
225.16893198284865,38490,50,1,"1"
243.63720667409299,38472,68,1,"1"
255.29644335353586,38470,70,2,"2"
278.10991254536953,38469,71,1,"1"
299.38822217765511,38464,76,1,"1"
301.10040703934504,38462,78,2,"1-1"
307.07983780576382,38444,96,1,"1"
316.76085134928422,38437,103,1,"1"
320.14408032356647,38419,121,1,"1"
363.29474271647388,38412,128,1,"1"
367.51907417453407,38411,129,1,"1"
369.81454139422061,38393,147,1,"1"
375.53899205643552,38375,165,1,"1"
390.05923456232244,38357,183,1,"1"
409.73326749226641,38347,193,1,"1"
432.29714106716932,38344,196,1,"1"
452.4821575563285,38333,207,1,"1"
462.33786863011335,38324,216,3,"3"
493.07099164750741,38318,222,2,"2"
501.99714722448635,38304,236,1,"1"
524.06467145423994,38299,241,1,"1"
537.19147422018568,38295,245,2,"2"
546.3802579019515,38277,263,1,"1"
562.44436083314883,38267,273,1,"1"
581.40972322720017,38249,291,1,"1"
588.58279035460998,38246,294,1,"1"
589.73303132293756,38228,312,1,"1"
624.47576788395384,38210,330,1,"1"
640.57933498779107,38198,342,1,"1"
643.25544849911819,38188,352,1,"1"
661.9586635292859,38170,370,1,"1"
671.70898071884608,38152,388,1,"1"
680.66889861691516,38149,391,1,"1"
709.63185869837901,38139,401,2,"2"
710.7192458577897,38125,415,2,"2"
726.03973792663726,38122,418,1,"1"
743.43086313738809,38119,421,1,"1"
750.72275999495469,38101,439,1,"1"
753.05032906164945,38090,450,1,"1"
760.99717570141786,38072,468,1,"1"
793.55397698885838,38057,483,1,"1"
794.23436307530312,38047,493,2,"2"
808.39444500362902,38033,507,1,"1"
831.59736425076426,38022,518,1,"1"
831.85727718978842,38011,529,3,"1-1-1"
866.93473050402156,38008,532,1,"1"
873.14973112835548,37990,550,1,"1"
875.25945465747782,37987,553,1,"1"
877.31638473498128,37980,560,1,"1"
881.69123095044267,37962,578,1,"1"
889.74593419927487,37955,585,1,"1"
911.59594660732353,37948,592,1,"1"
917.33057426686446,37930,610,1,"1"
917.49066674034202,37900,640,3,"2-1"
917.94359592201192,37895,645,1,"1"
925.73157821838356,37885,655,1,"1"
935.11731398886786,37867,673,1,"1"
936.87176939167307,37854,686,1,"1"
951.81503861207057,37840,700,1,"1"
963.61206995288887,37822,718,1,"1"
965.36541822851848,37800,740,2,"1-1"
966.54615686955037,37797,743,1,"1"
968.12515890846464,37779,761,1,"1"
985.07094705885584,37761,779,1,"1"
989.0757627483398,37743,797,1,"1"
1007.6953830174737,37725,815,2,"2"
1012.2427860226734,37707,833,1,"1"
1029.6292063937021,37689,851,1,"1"
1061.195898348861,37671,869,1,"1"
1062.1964254865131,37664,876,1,"1"
1068.2178443384582,37646,894,1,"1"
1070.1323403746342,37628,912,1,"1"
1094.073225457694,37610,930,1,"1"
1095.7842018289261,37592,948,1,"1"
1113.2201952889595,37574,966,1,"1"
1116.6651965824681,37556,984,1,"1"
1132.9474463625677,37485,1055,8,"5-1-1-1"
1142.5749207681799,37467,1073,1,"1"
1153.0671277309755,37458,1082,1,"1"
1158.30088704483,37444,1096,1,"1"
1175.0750929992028,37426,1114,1,"1"
1192.3666875362073,37408,1132,1,"1"
1198.4411428969986,37398,1142,1,"1"
1198.8836116168343,37380,1160,1,"1"
1205.4823478759195,37366,1174,1,"1"
1215.6088516902471,37298,1242,5,"2-1-1-1"
1221.5462618091635,37280,1260,1,"1"
1224.9423592130456,37258,1282,2,"1-1"
1229.2053517188972,37240,1300,1,"1"
1241.4575791805073,37206,1334,3,"2-1"
1265.532076036895,37188,1352,1,"1"
1271.2296180149817,37170,1370,1,"1"
1274.7341442324007,37152,1388,1,"1"
1275.8573110326613,37131,1409,3,"3"
1293.4064806415677,37105,1435,2,"1-1"
1306.3706973845369,37073,1467,2,"2"
1311.7246450894027,37055,1485,1,"1"
1316.9705201130664,37037,1503,1,"1"
1321.2173223216405,37019,1521,1,"1"
1324.6067078065983,37001,1539,1,"1"
1345.8687544228251,36983,1557,1,"1"
1349.8594388518297,36965,1575,1,"1"
1351.9267299966068,36955,1585,1,"1"
1387.0672868248682,36919,1621,2,"2"
1394.661854198321,36888,1652,2,"1-1"
1402.5441228108664,36836,1704,4,"4"
1407.5582084120451,36818,1722,1,"1"
1410.3974832954923,36800,1740,1,"1"
1417.2412997983172,36782,1758,1,"1"
1418.5811170461855,36748,1792,2,"1-1"
1437.9610651149153,36708,1832,3,"2-1"
1447.5215829602948,36690,1850,2,"2"
1447.5794117565852,36672,1868,1,"1"
1457.0386570078101,36636,1904,2,"2"
1458.6127746677942,36583,1957,4,"3-1"
1460.9751648961753,36547,1993,2,"2"
1464.9392538528227,36323,2217,26,"9-4-3-2-2-2-1-1-1-1"
1470.0562396478406,36162,2378,12,"5-2-2-2-1"
1473.8222343876437,36115,2425,3,"2-1"
1476.3796687881854,0,38540,2036,"2036"
----------------------------------------------6
0,38540,0,0,"0"
2.6833425010955518,38539,1,1,"1"
90.957353256458987,38538,2,1,"1"
104.81718815603116,38535,5,1,"1"
112.03974788873673,38534,6,1,"1"
121.97458707085663,38533,7,1,"1"
127.58847967104124,38521,19,1,"1"
137.15319676749917,38520,20,1,"1"
173.1451610313018,38519,21,1,"1"
193.55561072879544,38517,23,2,"2"
220.84046334344734,38507,33,1,"1"
222.30419515828814,38489,51,1,"1"
222.56453380078565,38471,69,1,"1"
236.85585914702833,38468,72,1,"1"
238.7237407531421,38467,73,1,"1"
249.67326225308665,38464,76,1,"1"
262.10189593995665,38461,79,1,"1"
283.39261632873172,38460,80,1,"1"
312.4494825240003,38459,81,1,"1"
314.05388317352606,38458,82,1,"1"
364.16973373057988,38440,100,1,"1"
399.70164998923303,38422,118,1,"1"
409.23556832434167,38404,136,1,"1"
418.33899435722253,38400,140,2,"1-1"
432.11406301570469,38382,158,1,"1"
459.90367050626458,38354,186,2,"1-1"
466.9168500593226,38336,204,1,"1"
512.64952697335173,38333,207,1,"1"
517.89418512751922,38321,219,6,"3-2-1"
526.35707856125373,38303,237,1,"1"
533.35069436630283,38299,241,2,"2"
536.40509503950796,38281,259,1,"1"
546.69059144433197,38263,277,1,"1"
575.27135569029417,38245,295,1,"1"
581.88393403695386,38242,298,1,"1"
590.11205665163754,38224,316,1,"1"
594.47640208040502,38206,334,1,"1"
615.20860411612671,38188,352,1,"1"
624.81743488697987,38183,357,1,"1"
631.73743755945077,38180,360,1,"1"
645.52093829838827,38162,378,1,"1"
651.7054179447664,38144,396,1,"1"
667.60535569699505,38141,399,1,"1"
683.53648069462895,38130,410,1,"1"
695.02446404994112,38094,446,2,"2"
701.01712691265413,38091,449,1,"1"
714.09511831593932,38088,452,1,"1"
719.81812689978244,38034,506,6,"3-1-1-1"
727.71815810151099,38003,537,3,"2-1"
733.96306688408117,37991,549,2,"1-1"
734.37312187215787,37979,561,2,"1-1"
734.46565322495519,37961,579,1,"1"
736.36539536565044,37943,597,1,"1"
749.7528246323667,37925,615,1,"1"
752.94250301638431,37920,620,1,"1"
763.90275984584605,37902,638,1,"1"
773.36973886311796,37890,650,1,"1"
784.01608525240863,37870,670,2,"2"
819.88742857500597,37846,694,4,"4"
834.82407387036324,37836,704,2,"2"
847.80762422197915,37825,715,1,"1"
847.90433173619454,37816,724,1,"1"
849.25272369301035,37798,742,1,"1"
849.8255279254887,37788,752,1,"1"
876.21884699145858,37768,772,2,"2"
882.30476863781746,37753,787,3,"2-1"
887.20108491499775,37735,805,1,"1"
890.28699113535311,37730,810,1,"1"
900.4211674546109,37712,828,1,"1"
906.67380843897934,37694,846,1,"1"
920.34430301469888,37648,892,3,"2-1"
951.64536106255377,37630,910,1,"1"
957.85866604315436,37612,928,1,"1"
958.16049900279961,37598,942,1,"1"
964.22722443966097,37580,960,1,"1"
975.11867741511605,37560,980,2,"2"
990.2595142060901,37542,998,1,"1"
991.57869757772335,37510,1030,2,"1-1"
1007.3399355740895,37500,1040,1,"1"
1012.2458156046378,37482,1058,1,"1"
1015.511559083283,37464,1076,1,"1"
1017.0310882218673,37446,1094,1,"1"
1019.8834308671454,37428,1112,1,"1"
1026.0747284330168,37418,1122,2,"1-1"
1028.8779967289813,37386,1154,2,"2"
1031.9114235984073,37368,1172,1,"1"
1034.1980452421053,37350,1190,1,"1"
1043.334682256339,37332,1208,1,"1"
1045.1052303748254,37314,1226,1,"1"
1056.1670848194642,37296,1244,1,"1"
1071.3391504562278,37278,1262,1,"1"
1075.0126666156766,37266,1274,1,"1"
1078.3901256166453,37256,1284,2,"2"
1089.8941351027474,37249,1291,1,"1"
1104.8226123621323,37244,1296,1,"1"
1113.9584278258678,37226,1314,1,"1"
1131.18188576333,37208,1332,1,"1"
1131.220540822233,37201,1339,1,"1"
1158.9543398829906,37183,1357,1,"1"
1164.196904979035,37153,1387,3,"2-1"
1165.0461436294472,37119,1421,2,"2"
1166.162104305412,37101,1439,1,"1"
1166.3880289079284,37083,1457,1,"1"
1189.0819318834056,37073,1467,1,"1"
1200.9103245887268,37066,1474,1,"1"
1201.0962078471691,37048,1492,1,"1"
1202.3662485502689,37007,1533,5,"4-1"
1216.0477706532965,36989,1551,1,"1"
1221.7756797643929,36971,1569,1,"1"
1224.2656925813787,36953,1587,1,"1"
1240.7316702427097,36935,1605,1,"1"
1273.8103089686354,36881,1659,3,"2-1"
1288.4710193048056,36857,1683,2,"1-1"
1293.2303867420671,36789,1751,4,"4"
1301.4393410086316,36771,1769,1,"1"
1324.2136206335001,36717,1823,3,"2-1"
1326.5928337731764,36699,1841,1,"1"
1335.4656929426999,36645,1895,3,"3"
1342.0245924655285,36627,1913,1,"1"
1344.4980247074604,36573,1967,3,"2-1"
1345.0469330258102,36555,1985,1,"1"
1348.2938350863694,36522,2018,2,"2"
1358.3636366438272,36387,2153,13,"3-3-2-2-1-1-1"
1363.7331700422019,36378,2162,1,"1"
1370.8959573241352,36350,2190,4,"4"
1378.9070420992973,36332,2208,1,"1"
1379.3114943607538,36320,2220,1,"1"
1381.1645461807377,36304,2236,1,"1"
1383.505530948986,36288,2252,2,"1-1"
1383.9760507066787,36252,2288,2,"2"
1385.7851643355907,36242,2298,1,"1"
1386.4889379205649,36174,2366,5,"2-1-1-1"
1386.9833977306446,36098,2442,6,"2-2-1-1"
1392.4731198002958,36080,2460,1,"1"
1399.425609973315,36062,2478,1,"1"
1399.7385872590544,36030,2510,3,"2-1"
1405.5072443051699,36012,2528,1,"1"
1415.0622074956343,36001,2539,1,"1"
1423.6619657232427,35983,2557,1,"1"
1430.105429360885,35965,2575,1,"1"
1431.6365788817313,35907,2633,5,"3-2"
1437.5870137167733,35889,2651,1,"1"
1446.3739611650458,35827,2713,4,"2-1-1"
1455.6555973739619,0,38540,2022,"2022"
----------------------------------------------7
0,38540,0,0,"0"
62.351836041215726,38522,18,1,"1"
82.076384009745738,38510,30,1,"1"
93.168287685180886,38509,31,1,"1"
122.84321330357574,38508,32,1,"1"
149.80530970674582,38507,33,1,"1"
154.03806819406603,38495,45,1,"1"
176.94057972752779,38494,46,1,"1"
237.8217450696923,38480,60,1,"1"
244.41733238797445,38462,78,1,"1"
253.2033054472069,38450,90,1,"1"
258.11441579116274,38447,93,1,"1"
259.19388064792957,38444,96,1,"1"
277.12745116669652,38441,99,1,"1"
295.89032464465254,38432,108,1,"1"
300.76163907135191,38431,109,1,"1"
308.02576313054237,38413,127,1,"1"
314.75554001155757,38410,130,3,"2-1"
316.69071297915468,38392,148,1,"1"
316.95168567004498,38374,166,1,"1"
321.72717818341965,38369,171,3,"2-1"
326.37802666906185,38368,172,1,"1"
327.57386593095754,38367,173,1,"1"
330.47812857363022,38366,174,1,"1"
334.46536792142888,38365,175,1,"1"
337.97922239553566,38347,193,1,"1"
340.24293194021078,38337,203,2,"2"
362.20656315312607,38336,204,1,"1"
383.2537077800942,38333,207,1,"1"
408.28975700559499,38315,225,1,"1"
420.46163435335495,38312,228,1,"1"
447.99983508867189,38311,229,1,"1"
485.9885147514936,38301,239,1,"1"
491.4780253409487,38298,242,1,"1"
508.86652150114685,38280,260,1,"1"
520.77356731036434,38275,265,1,"1"
523.60289631517446,38257,283,1,"1"
531.02110350928194,38239,301,1,"1"
531.16000010502012,38221,319,1,"1"
542.18431618089812,38203,337,1,"1"
547.05955790058681,38185,355,1,"1"
549.74428200500495,38180,360,1,"1"
560.80422961347824,38175,365,1,"1"
571.9882907466033,38165,375,1,"1"
575.52669191283439,38156,384,1,"1"
593.06090025872766,38138,402,1,"1"
609.55812610716384,38118,422,2,"2"
622.16097642059538,38109,431,1,"1"
628.11186977428599,38091,449,1,"1"
651.1265606921819,38073,467,1,"1"
667.15962407258462,38062,478,1,"1"
670.02046390439705,38040,500,4,"2-1-1"
672.54184151716834,38030,510,1,"1"
677.96843232729759,38012,528,1,"1"
679.12503625621514,38005,535,1,"1"
693.30826307360633,37987,553,1,"1"
697.85542152055962,37973,567,2,"2"
703.26931437447865,37955,585,1,"1"
708.91701436600579,37937,603,1,"1"
713.52216006820197,37919,621,1,"1"
717.01858262667974,37916,624,1,"1"
738.88639159933473,37898,642,6,"5-1"
753.38040413324939,37888,652,1,"1"
761.57538473568229,37876,664,1,"1"
763.71377256324365,37858,682,1,"1"
808.85779487920479,37855,685,1,"1"
836.8155241042017,37819,721,2,"2"
853.21143312982213,37801,739,1,"1"
905.31214524217137,37783,757,1,"1"
909.68791313730935,37776,764,1,"1"
927.77162704333205,37758,782,1,"1"
938.83641904774208,37740,800,1,"1"
942.01633944024024,37722,818,1,"1"
947.51264654435215,37704,836,1,"1"
953.1023283616056,37686,854,1,"1"
959.76526782883093,37668,872,1,"1"
960.00206932728668,37661,879,1,"1"
982.86169689351675,37643,897,1,"1"
983.19516895652964,37625,915,1,"1"
1001.3140361219349,37613,927,1,"1"
1009.6863134777302,37571,969,3,"3"
1019.6232073605272,37529,1011,3,"3"
1022.6169267620867,37511,1029,1,"1"
1031.3381630706203,37501,1039,2,"2"
1036.1846011289654,37483,1057,1,"1"
1038.648255583563,37465,1075,1,"1"
1045.2105878975274,37447,1093,1,"1"
1059.5884421773706,37437,1103,1,"1"
1062.5076043453607,37419,1121,1,"1"
1067.2229022011272,37399,1141,2,"2"
1071.2090751359594,37396,1144,1,"1"
1073.881764220876,37360,1180,2,"2"
1075.8516879663396,37324,1216,2,"2"
1089.3942616348079,37306,1234,1,"1"
1089.4833771071585,37296,1244,1,"1"
1089.5151449399946,37242,1298,3,"2-1"
1104.1433210685798,37207,1333,5,"2-1-1-1"
1106.0869249731174,37189,1351,1,"1"
1125.1878670395074,37171,1369,1,"1"
1145.451403309364,37137,1403,3,"2-1"
1152.2374859333968,37134,1406,1,"1"
1153.9363718249633,37116,1424,1,"1"
1158.7401911219513,37057,1483,7,"3-2-2"
1160.0674708792947,37039,1501,1,"1"
1165.4547948007332,37021,1519,1,"1"
1173.4496820881375,37001,1539,2,"1-1"
1176.2753337053248,36983,1557,1,"1"
1177.8746745885849,36908,1632,11,"3-2-2-1-1-1-1"
1179.8848146107771,36898,1642,1,"1"
1180.3172313822311,36874,1666,2,"1-1"
1196.9933761826419,36850,1690,2,"1-1"
1198.0883767381063,36832,1708,1,"1"
1202.1721218969537,36804,1736,2,"2"
1227.9281666634847,36768,1772,2,"1-1"
1252.7247983041223,36750,1790,1,"1"
1261.6415873292594,36732,1808,1,"1"
1269.3116078329797,36696,1844,2,"2"
1269.6877175037994,36682,1858,1,"1"
1272.7958214030755,36621,1919,5,"2-1-1-1"
1275.67436519956,36611,1929,1,"1"
1299.9953834497692,36593,1947,1,"1"
1312.8120991983683,36573,1967,2,"1-1"
1342.4378045178862,36555,1985,1,"1"
1366.3704169550997,36537,2003,1,"1"
1384.0324703392994,36519,2021,1,"1"
1398.9305390697261,36512,2028,1,"1"
1400.8360108447764,36494,2046,1,"1"
1409.8269239896522,36470,2070,2,"1-1"
1411.9583413878456,36452,2088,1,"1"
1419.7709544018999,36436,2104,1,"1"
1443.0522799243915,36418,2122,1,"1"
1451.1772138848223,36360,2180,4,"2-1-1"
1452.983354859851,36324,2216,2,"1-1"
1475.2127565407554,36317,2223,1,"1"
1478.9232555438002,36299,2241,1,"1"
1486.0983609668592,36275,2265,2,"2"
1486.7011229792615,36239,2301,2,"2"
1488.7711083845429,36191,2349,6,"4-1-1"
1492.2241608462114,36167,2373,2,"2"
1506.5010539718044,36131,2409,2,"2"
1507.1376227972717,36113,2427,1,"1"
1511.9583463530628,36077,2463,2,"2"
1516.1836653783685,36041,2499,2,"2"
1517.7334038222014,36029,2511,1,"1"
1521.7815743443014,36001,2539,2,"1-1"
1527.9200174090647,35919,2621,5,"2-1-1-1"
1528.8583368332811,35909,2631,1,"1"
1535.1393831234259,35868,2672,3,"3"
1541.6196942437573,35850,2690,1,"1"
1556.4470907496504,35786,2754,4,"4"
1556.6472488720856,35728,2812,4,"2-1-1"
1568.6522921444039,0,38540,2015,"2015"
----------------------------------------------8
0,38540,0,0,"0"
78.436275393460349,38522,18,1,"1"
90.646986952717583,38506,34,1,"1"
112.94170578388473,38505,35,1,"1"
134.61081119988296,38503,37,2,"2"
134.99798519420386,38502,38,1,"1"
147.4069585324188,38499,41,1,"1"
161.60821868431481,38498,42,1,"1"
170.88143405798635,38493,47,1,"1"
204.07811447261599,38490,50,1,"1"
216.71049635886379,38487,53,1,"1"
229.92743297057322,38486,54,1,"1"
238.28228242861726,38485,55,1,"1"
239.29661439352725,38467,73,1,"1"
243.65548279384646,38466,74,1,"1"
258.65286171568948,38463,77,3,"2-1"
288.55065703379086,38445,95,1,"1"
289.32782700454538,38442,98,1,"1"
304.16337150631017,38430,110,1,"1"
312.69231736632753,38429,111,1,"1"
329.05305635374464,38411,129,1,"1"
335.804990072458,38401,139,1,"1"
339.35959840460862,38391,149,1,"1"
345.0102165352007,38381,159,1,"1"
353.16034820477694,38380,160,1,"1"
353.81910306576157,38377,163,1,"1"
359.6732002815429,38368,172,1,"1"
375.98144841829594,38367,173,1,"1"
426.22800827468501,38365,175,2,"2"
433.24893217902383,38362,178,1,"1"
434.19764168243881,38361,179,1,"1"
449.15504607278132,38343,197,1,"1"
454.16084624988059,38325,215,1,"1"
454.94137437131758,38322,218,1,"1"
468.71021802363106,38304,236,1,"1"
479.52702958397242,38301,239,1,"1"
482.42738526047845,38265,275,2,"2"
496.68862178559522,38262,278,1,"1"
505.95076672784597,38244,296,1,"1"
506.77473985647595,38234,306,1,"1"
519.88310168619989,38228,312,2,"2"
520.20739913854038,38210,330,1,"1"
573.33580883343507,38207,333,1,"1"
612.59835426485665,38189,351,1,"1"
615.95823754390642,38171,369,1,"1"
620.11862324157914,38153,387,1,"1"
623.10315316147478,38148,392,1,"1"
643.91492681572026,38140,400,2,"1-1"
658.4413587799271,38133,407,1,"1"
694.38639407699509,38115,425,1,"1"
736.06977769753178,38100,440,1,"1"
736.41976997910615,38082,458,1,"1"
738.63808836591102,38064,476,1,"1"
741.90375492270823,38046,494,1,"1"
744.93747189746705,38028,512,1,"1"
749.22275388936566,38008,532,2,"2"
750.98108537850317,38003,537,1,"1"
751.5942906089324,37985,555,1,"1"
759.53900926837684,37979,561,2,"2"
773.2528272184378,37967,573,1,"1"
776.25338469890187,37957,583,1,"1"
779.1479852843413,37939,601,1,"1"
780.4694948306601,37928,612,1,"1"
781.79361733625001,37923,617,1,"1"
792.25208237873312,37905,635,1,"1"
796.2425002577329,37887,653,1,"1"
801.8792540043537,37869,671,1,"1"
821.35688541088462,37841,699,2,"1-1"
828.41183597077156,37823,717,1,"1"
844.00868995185056,37805,735,1,"1"
844.37170209648366,37787,753,1,"1"
863.33482919073583,37784,756,1,"1"
870.39095220286993,37766,774,1,"1"
874.48671425025452,37763,777,1,"1"
874.90621072924705,37739,801,4,"3-1"
877.30087698442924,37721,819,1,"1"
881.53839480767772,37699,841,2,"1-1"
881.94452806249842,37681,859,1,"1"
892.79468221998604,37631,909,3,"2-1"
894.95438090447624,37624,916,1,"1"
916.90165563078267,37592,948,2,"2"
923.88779070434043,37580,960,1,"1"
929.54584114757267,37562,978,1,"1"
930.89443489968551,37544,996,1,"1"
930.91031387873591,37526,1014,1,"1"
958.41676530030531,37496,1044,2,"2"
1002.0075319452816,37493,1047,1,"1"
1006.3719113444296,37475,1065,1,"1"
1015.7730390721143,37463,1077,1,"1"
1016.0993193327822,37445,1095,1,"1"
1018.5703185083793,37435,1105,1,"1"
1025.6934795691136,37417,1123,1,"1"
1045.727175744111,37405,1135,1,"1"
1046.4281329843336,37381,1159,2,"1-1"
1046.7065797286364,37372,1168,1,"1"
1053.5947370538088,37354,1186,1,"1"
1062.0421415173691,37318,1222,2,"1-1"
1064.2231249971906,37308,1232,1,"1"
1067.1091390784816,37284,1256,4,"2-2"
1075.6954580094225,37270,1270,2,"2"
1088.825713606039,37252,1288,1,"1"
1100.8567272538585,37234,1306,1,"1"
1105.8438901988789,37223,1317,1,"1"
1110.9985734894226,37207,1333,1,"1"
1146.0577842084942,37189,1351,1,"1"
1152.4459178061638,37171,1369,1,"1"
1160.7873377128312,37153,1387,1,"1"
1173.5675879911889,37135,1405,1,"1"
1177.9537155064793,37103,1437,4,"3-1"
1178.6595607989514,37085,1455,2,"2"
1181.2899605424036,37067,1473,1,"1"
1193.586447282805,37031,1509,2,"2"
1197.4160599650018,37021,1519,2,"2"
1209.2803916194605,37003,1537,1,"1"
1222.1888348954785,36985,1555,1,"1"
1234.1363203699518,36949,1591,2,"1-1"
1234.3455952890529,36931,1609,2,"2"
1243.991219558322,36871,1669,5,"3-2"
1253.0328139857857,36835,1705,3,"2-1"
1253.1624727397648,36799,1741,3,"1-1-1"
1260.2502530195313,36745,1795,8,"3-2-2-1"
1261.6617286304966,36732,1808,1,"1"
1266.6433960777383,36725,1815,1,"1"
1269.2676951132387,36689,1851,2,"2"
1275.3026038952341,36671,1869,1,"1"
1276.2740327368674,36655,1885,2,"1-1"
1283.170293212308,36645,1895,1,"1"
1289.9916765763253,36627,1913,1,"1"
1306.8721680402527,36609,1931,1,"1"
1306.9567482828315,36573,1967,2,"2"
1308.8497893558583,36555,1985,1,"1"
1309.5760811224898,36537,2003,1,"1"
1312.5294233642223,36519,2021,1,"1"
1314.3233301945609,36448,2092,6,"3-2-1"
1315.9097231703443,36357,2183,9,"3-2-1-1-1-1"
1322.1424850542192,36339,2201,1,"1"
1325.6070636212605,36332,2208,1,"1"
1328.7051414618495,36238,2302,8,"2-2-1-1-1-1"
1330.6282926574604,36220,2320,1,"1"
1336.7365239195019,36202,2338,1,"1"
1349.105903712737,36166,2374,2,"2"
1356.9645928400989,36148,2392,1,"1"
1360.7727498058675,36128,2412,2,"1-1"
1364.3164374081309,36066,2474,4,"2-2"
1373.3365923486119,36048,2492,1,"1"
1378.37763241228,36041,2499,1,"1"
1381.2230258719649,36023,2517,1,"1"
1385.630421136882,36005,2535,1,"1"
1387.7341002836586,35957,2583,4,"3-1"
1402.9788653761009,35921,2619,2,"2"
1407.0931494801707,35903,2637,1,"1"
1409.9606744894752,35885,2655,1,"1"
1416.9021956595261,35867,2673,1,"1"
1417.546131516388,35849,2691,1,"1"
1423.8180255761181,35792,2748,4,"2-1-1"
1433.5039572977469,35756,2784,2,"1-1"
1434.6761528481049,35743,2797,1,"1"
1442.3968550577215,35707,2833,2,"2"
1454.1357070795425,35689,2851,1,"1"
1468.9288019334301,35671,2869,1,"1"
1478.8267337181942,35617,2923,3,"2-1"
1481.1087127536059,0,38540,2007,"2007"
----------------------------------------------9
0,38540,0,0,"0"
32.256730811918892,38528,12,1,"1"
90.828020387622331,38527,13,1,"1"
115.90346471750011,38526,14,1,"1"
134.87699280951912,38525,15,1,"1"
141.66827061651182,38507,33,1,"1"
151.52774005955891,38505,35,2,"2"
156.36552003437004,38504,36,1,"1"
193.10351432010344,38494,46,1,"1"
208.84225498031171,38491,49,1,"1"
213.06274736553343,38490,50,1,"1"
224.13859154739021,38489,51,1,"1"
259.10956903288354,38478,62,1,"1"
269.71770918076919,38476,64,2,"2"
286.85192093079502,38458,82,1,"1"
288.54540771838919,38453,87,1,"1"
295.56209343386882,38452,88,1,"1"
328.38048634378418,38451,89,1,"1"
328.78383785381527,38450,90,1,"1"
331.68743514381066,38440,100,1,"1"
385.03209441431977,38437,103,1,"1"
399.40295454698713,38431,109,2,"2"
402.4430802178926,38419,121,1,"1"
412.22811029149312,38410,130,1,"1"
424.20901467748092,38407,133,1,"1"
432.77740362383202,38404,136,1,"1"
433.32832631190922,38394,146,1,"1"
440.07918436839554,38391,149,1,"1"
449.31668494876197,38390,150,1,"1"
452.41838004059349,38380,160,4,"2-1-1"
453.7343550441675,38379,161,1,"1"
460.47308840991451,38376,164,1,"1"
462.60477055461837,38375,165,1,"1"
468.59166550899539,38357,183,1,"1"
468.78559472653438,38354,186,1,"1"
476.045117431047,38340,200,2,"2"
490.81601050888213,38322,218,1,"1"
523.70583117719309,38315,225,1,"1"
555.8424557846746,38312,228,1,"1"
571.13474588012605,38294,246,1,"1"
573.25853030043152,38289,251,1,"1"
605.45410278235727,38284,256,1,"1"
619.12710854533611,38281,259,1,"1"
648.12879481046912,38271,269,1,"1"
668.48260067118645,38266,274,1,"1"
689.40951277246586,38248,292,1,"1"
702.79848208218539,38233,307,1,"1"
710.26148873931515,38215,325,1,"1"
714.83459850039981,38212,328,1,"1"
719.59341163309739,38194,346,1,"1"
730.56574683960525,38176,364,1,"1"
753.23657791382664,38158,382,1,"1"
753.94532815360299,38138,402,2,"2"
754.54767796792214,38122,418,1,"1"
759.04129776525588,38112,428,2,"2"
760.37398000813698,38099,441,1,"1"
772.0451116086407,38081,459,1,"1"
780.12359212660738,38063,477,1,"1"
805.89125849421112,38046,494,3,"2-1"
808.37037950927152,38028,512,1,"1"
816.6852923187954,37993,547,2,"1-1"
840.25358962730047,37983,557,1,"1"
845.3743455654319,37965,575,1,"1"
852.62327525738692,37955,585,1,"1"
859.1552003676685,37937,603,1,"1"
859.15647277281346,37927,613,1,"1"
870.95293830719618,37909,631,1,"1"
873.56210939396874,37891,649,1,"1"
882.72178679541764,37873,667,1,"1"
902.98745140913979,37855,685,1,"1"
923.30473979772785,37826,714,2,"2"
923.72709851959883,37808,732,1,"1"
934.21103193259103,37790,750,1,"1"
951.83440991073257,37777,763,3,"3"
952.44900182449283,37759,781,1,"1"
958.63032880892331,37749,791,2,"2"
961.89922831686192,37734,806,1,"1"
989.69689650943133,37719,821,1,"1"
990.56923949459087,37665,875,5,"3-2"
1034.7200271570503,37639,901,2,"1-1"
1081.1611173982271,37609,931,2,"1-1"
1088.6002276571301,37591,949,1,"1"
1104.612748256804,37573,967,1,"1"
1108.2998480281658,37555,985,1,"1"
1115.0166091922881,37531,1009,4,"3-1"
1116.6377094293823,37510,1030,3,"3"
1146.0659002495004,37505,1035,1,"1"
1153.4307301106219,37487,1053,1,"1"
1153.8646446944304,37469,1071,1,"1"
1161.8105770796183,37433,1107,2,"1-1"
1161.999632342985,37421,1119,2,"2"
1165.0543150731719,37395,1145,2,"1-1"
1185.4019789230736,37375,1165,2,"2"
1185.4250497409214,37364,1176,1,"1"
1198.2107871306141,37352,1188,1,"1"
1202.2378477104271,37320,1220,3,"2-1"
1207.4882860233001,37306,1234,2,"2"
1213.1705571644136,37270,1270,2,"2"
1213.7700359034236,37252,1288,1,"1"
1223.2570677704498,37152,1388,7,"4-2-1"
1234.6168010546598,37134,1406,1,"1"
1260.5637377025939,37102,1438,2,"1-1"
1264.3412597318879,37084,1456,1,"1"
1265.7303294807166,37048,1492,2,"2"
1271.9458253052549,37012,1528,2,"2"
1276.9173188475245,36994,1546,1,"1"
1278.116080550031,36976,1564,1,"1"
1283.555048737107,36043,2497,79,"10-9-9-6-6-5-4-3-3-3-2-2-2-2-2-2-1-1-1-1-1-1-1-1-1"
1288.8877357087338,0,38540,2024,"2024"
