f,num_active_particles,num_deleted_particles,total_deleted_rods,avalanche_sizes
0,38925,0,0,"0"
58.25271176990929,38909,16,1,"1"
150.02040658604562,38908,17,1,"1"
225.87522242212268,38905,20,3,"2-1"
235.62129956969494,38904,21,1,"1"
238.78975087389236,38892,33,1,"1"
243.2892767306877,38891,34,1,"1"
247.32594209215986,38890,35,1,"1"
273.06957740991515,38878,47,1,"1"
289.17862547704499,38877,48,1,"1"
302.43438710807737,38874,51,1,"1"
305.68251645691629,38856,69,1,"1"
308.26444266730203,38853,72,1,"1"
349.78506119721771,38850,75,1,"1"
358.67090309065969,38849,76,1,"1"
413.64493254990242,38845,80,2,"2"
421.33761520348446,38827,98,1,"1"
437.34124882883782,38824,101,1,"1"
466.31425904000054,38818,107,2,"2"
503.00547994528893,38808,117,1,"1"
512.21646787801762,38799,126,1,"1"
530.53715663420519,38781,144,1,"1"
533.25832308121619,38763,162,1,"1"
535.62611200066976,38760,165,1,"1"
560.84215623260786,38742,183,1,"1"
580.36359080613227,38735,190,1,"1"
587.37965946719612,38732,193,1,"1"
610.02518989443774,38722,203,2,"2"
613.60660200068583,38704,221,1,"1"
628.62756518361903,38695,230,3,"2-1"
634.30290914982459,38679,246,1,"1"
654.32071687461632,38669,256,1,"1"
655.05805011122845,38651,274,1,"1"
663.95710180739036,38641,284,1,"1"
681.03316919427539,38634,291,1,"1"
681.4061810005245,38629,296,1,"1"
710.8321987004955,38617,308,1,"1"
713.75168449170974,38607,318,1,"1"
728.91661884341158,38593,332,2,"1-1"
740.81113043348626,38586,339,1,"1"
752.15008237697384,38583,342,1,"1"
753.46264050818377,38572,353,1,"1"
784.25094253870964,38561,364,1,"1"
815.39614807178214,38543,382,1,"1"
821.74293967790163,38525,400,1,"1"
840.04902707445456,38522,403,1,"1"
847.36757851060736,38504,421,1,"1"
860.93126909056298,38499,426,1,"1"
873.81878172635788,38496,429,1,"1"
884.95574379790901,38486,439,2,"2"
886.29655286915147,38474,451,2,"2"
886.79466664338042,38438,487,2,"2"
890.42760351364836,38426,499,4,"2-1-1"
908.60027658962667,38400,525,2,"2"
909.95204257323167,38382,543,1,"1"
913.99174999636512,38366,559,4,"4"
930.7248693145807,38354,571,1,"1"
970.97214902176347,38336,589,1,"1"
974.53226175641419,38333,592,1,"1"
975.8070629256938,38315,610,1,"1"
988.01717678936836,38297,628,1,"1"
1031.0548319686759,38279,646,1,"1"
1036.5017154977495,38265,660,2,"2"
1052.6065868108358,38262,663,1,"1"
1088.1471874779115,38251,674,1,"1"
1128.621772970447,38246,679,1,"1"
1130.9120340358008,38228,697,1,"1"
1145.709745045498,38210,715,1,"1"
1164.0429960442343,38192,733,1,"1"
1167.9328164111564,38185,740,1,"1"
1173.1752713969377,38167,758,1,"1"
1181.2266133976605,38149,776,2,"2"
1194.8109605456159,38131,794,1,"1"
1200.0612489779533,38119,806,1,"1"
1203.3209079262533,38101,824,1,"1"
1203.8009096821552,38094,831,1,"1"
1205.08641119151,38078,847,1,"1"
1236.6283843795727,38060,865,1,"1"
1243.1238278790991,38042,883,2,"2"
1244.7464911774787,38006,919,2,"2"
1254.854586929129,37996,929,1,"1"
1264.9338355245961,37978,947,1,"1"
1268.0465381416254,37968,957,1,"1"
1278.6160718929166,37950,975,1,"1"
1291.6393980377179,37932,993,1,"1"
1300.2412045460972,37922,1003,2,"2"
1314.4085785134384,37886,1039,2,"2"
1339.2916025537745,37868,1057,1,"1"
1344.6837979486297,37855,1070,1,"1"
1345.7392465586911,37837,1088,1,"1"
1366.5185442686611,37823,1102,1,"1"
1380.957884103999,37805,1120,1,"1"
1401.5582838865073,37769,1156,2,"1-1"
1407.525263214156,37751,1174,1,"1"
1410.6241320669828,37733,1192,1,"1"
1440.3668778171668,37715,1210,1,"1"
1440.7431726466239,37697,1228,1,"1"
1447.9862583368772,37679,1246,1,"1"
1448.3680157194303,37661,1264,1,"1"
1450.3147522680954,37615,1310,4,"3-1"
1455.5559261886719,37605,1320,2,"1-1"
1458.2401942288241,37596,1329,1,"1"
1458.4448483689325,37581,1344,1,"1"
1460.4047693097125,37557,1368,2,"1-1"
1467.1202862445739,37550,1375,1,"1"
1485.6154097216477,0,38925,2134,"2134"
----------------------------------------------1
0,38925,0,0,"0"
52.978078590045968,38924,1,1,"1"
91.165267055885138,38906,19,1,"1"
96.681846489897609,38905,20,1,"1"
104.88535139126904,38887,38,1,"1"
118.98201521749748,38886,39,1,"1"
172.36339970047163,38885,40,1,"1"
251.60428967847346,38884,41,1,"1"
255.68426185335625,38866,59,1,"1"
258.49406567602688,38865,60,1,"1"
271.71040995611969,38862,63,1,"1"
272.30574681962349,38844,81,1,"1"
282.31341033804557,38843,82,1,"1"
304.71270859694914,38842,83,1,"1"
322.06123457110658,38824,101,1,"1"
328.79705689009251,38806,119,1,"1"
348.05456459365462,38788,137,1,"1"
356.7849930046338,38787,138,1,"1"
357.01560304276978,38769,156,1,"1"
357.7490412239809,38751,174,1,"1"
372.62202184790618,38733,192,1,"1"
384.25685627200471,38713,212,2,"2"
394.29914660619193,38712,213,1,"1"
394.78924824987246,38705,220,1,"1"
431.99826082595882,38693,232,1,"1"
496.66979057421486,38675,250,1,"1"
502.52725883831152,38668,257,1,"1"
534.55189187601388,38662,263,2,"2"
539.92905299539916,38644,281,1,"1"
570.54743737441322,38626,299,1,"1"
574.27906256118501,38614,311,1,"1"
592.37922566461202,38611,314,1,"1"
600.76103749015738,38602,323,1,"1"
615.55816543942922,38564,361,3,"3"
625.2947041327235,38546,379,1,"1"
640.80266370445395,38543,382,1,"1"
659.52809556496584,38525,400,1,"1"
660.80509356582058,38508,417,1,"1"
677.53723173487208,38490,435,1,"1"
681.50630783226211,38472,453,1,"1"
682.66734576673593,38466,459,2,"2"
692.21677577798482,38448,477,1,"1"
693.68190706207815,38445,480,1,"1"
702.33051955629037,38427,498,1,"1"
710.47771296767201,38414,511,3,"3"
716.65215724498819,38396,529,1,"1"
723.56845561612909,38378,547,1,"1"
736.34772205821116,38342,583,2,"2"
743.92893874499123,38324,601,1,"1"
751.98877777753239,38313,612,1,"1"
763.83931676109694,38310,615,1,"1"
838.44294661439733,38307,618,1,"1"
841.7660401244093,38289,636,1,"1"
843.19330509959809,38271,654,1,"1"
860.74183450402711,38253,672,1,"1"
866.70496003507697,38227,698,2,"1-1"
879.42814568735162,38221,704,2,"2"
886.00671445112039,38203,722,1,"1"
902.33435256123425,38200,725,1,"1"
908.47943872119129,38186,739,1,"1"
909.57509539979276,38183,742,1,"1"
918.01959436804918,38167,758,4,"4"
928.72859870846139,38156,769,1,"1"
933.97827911898048,38140,785,4,"3-1"
952.82058524496176,38122,803,1,"1"
954.89932421682408,38104,821,1,"1"
962.04762460407881,38046,879,5,"3-2"
962.96424911011422,38028,897,1,"1"
974.33145038207545,38008,917,2,"1-1"
982.72409791481164,37989,936,3,"2-1"
1005.0722246817168,37977,948,1,"1"
1005.611180461023,37959,966,1,"1"
1022.7142145921496,37941,984,1,"1"
1024.313745492394,37923,1002,1,"1"
1033.189408173303,37916,1009,1,"1"
1039.0612227943168,37898,1027,1,"1"
1041.792978269262,37880,1045,1,"1"
1043.198392798033,37865,1060,1,"1"
1064.3571176233809,37847,1078,1,"1"
1067.8285476834976,37759,1166,6,"5-1"
1084.1503224520632,37741,1184,1,"1"
1090.2338047152696,37723,1202,1,"1"
1102.7650075815441,37705,1220,1,"1"
1103.9287155643208,37702,1223,1,"1"
1105.3487255356306,37684,1241,1,"1"
1123.3580824601397,37666,1259,1,"1"
1140.6556527459315,37630,1295,2,"1-1"
1157.2374418672555,37616,1309,1,"1"
1174.9745868721075,37598,1327,1,"1"
1176.7879699616988,37580,1345,1,"1"
1199.2537782088748,37562,1363,1,"1"
1204.4596680872423,37552,1373,1,"1"
1205.8250434729448,37454,1471,7,"3-2-2"
1206.4044655963373,37436,1489,1,"1"
1207.4977853407615,37412,1513,2,"1-1"
1213.1044014066492,37402,1523,1,"1"
1216.5574052014279,37384,1541,1,"1"
1226.6465489677028,37381,1544,1,"1"
1236.8662390589204,37375,1550,2,"2"
1237.6297328543994,37357,1568,1,"1"
1240.6010007493296,37339,1586,1,"1"
1241.7334734639496,37321,1604,1,"1"
1252.9569666683778,37303,1622,1,"1"
1255.0358835529948,37276,1649,3,"2-1"
1258.1357879150473,37228,1697,4,"4"
1261.100859454313,37210,1715,1,"1"
1261.1512605377548,37195,1730,1,"1"
1278.3677801382801,37141,1784,3,"3"
1287.2194584982731,37123,1802,1,"1"
1296.0800970141402,37116,1809,1,"1"
1307.9833756869764,37098,1827,1,"1"
1310.1302812438498,37091,1834,1,"1"
1310.4369612212354,37073,1852,1,"1"
1313.3559803642981,37055,1870,1,"1"
1315.4623039054738,37037,1888,1,"1"
1328.5815055001087,37032,1893,1,"1"
1329.777956494303,37010,1915,2,"2"
1334.8949749474407,36992,1933,1,"1"
1344.2878612410111,36974,1951,1,"1"
1349.8520895818233,36958,1967,1,"1"
1370.3009094107529,36922,2003,2,"2"
1395.2290491954805,36886,2039,2,"2"
1406.2909084357004,36758,2167,11,"5-2-1-1-1-1"
1409.0423997608334,36722,2203,2,"2"
1438.0759133663407,36686,2239,2,"2"
1447.2385944049879,36676,2249,1,"1"
1452.9846180396539,36658,2267,1,"1"
1453.6953644120558,36640,2285,1,"1"
1456.7489016001496,36622,2303,1,"1"
1458.1259647699433,36548,2377,6,"2-2-1-1"
1459.2176310039567,36527,2398,3,"2-1"
1465.5928025507408,36491,2434,2,"2"
1468.7763077168697,36475,2450,1,"1"
1475.7685568430011,36457,2468,1,"1"
1482.4709468975987,36421,2504,2,"2"
1485.8895169350087,36363,2562,8,"4-2-1-1"
1498.7903472955893,0,38925,2058,"2058"
----------------------------------------------2
0,38925,0,0,"0"
67.882641265892218,38907,18,1,"1"
74.735955450100462,38906,19,1,"1"
93.765379720716311,38905,20,1,"1"
102.10890183653051,38898,27,1,"1"
109.85371782967289,38897,28,1,"1"
140.73360692743094,38896,29,1,"1"
148.48592344233106,38893,32,1,"1"
152.76782138424187,38875,50,1,"1"
155.09452920614888,38872,53,1,"1"
159.81857279022606,38855,70,1,"1"
172.61693424059567,38854,71,1,"1"
191.84888512659165,38836,89,1,"1"
200.5524823854764,38835,90,1,"1"
206.44623692425469,38832,93,1,"1"
228.91786163610621,38831,94,1,"1"
256.15722613829769,38813,112,1,"1"
267.08526967096697,38811,114,2,"2"
271.94258162642728,38808,117,1,"1"
335.57076029654291,38805,120,1,"1"
337.98181553147344,38798,127,1,"1"
402.64417974799937,38780,145,1,"1"
416.43052072031765,38762,163,1,"1"
422.3364144483391,38759,166,1,"1"
434.7782944509068,38741,184,1,"1"
444.11448804328768,38723,202,1,"1"
449.48061160844492,38705,220,1,"1"
455.3049989708237,38693,232,1,"1"
467.08959089763522,38692,233,1,"1"
472.89299336114084,38674,251,1,"1"
481.06920025692216,38671,254,1,"1"
485.28411542170869,38668,257,1,"1"
497.94239400033194,38650,275,1,"1"
513.0486325988619,38644,281,2,"2"
540.18929870522277,38626,299,1,"1"
542.45349811254891,38608,317,1,"1"
579.21355468272543,38590,335,1,"1"
601.2057337461481,38587,338,1,"1"
613.58909693211478,38580,345,1,"1"
632.15522018627701,38577,348,1,"1"
634.58192143677888,38559,366,1,"1"
641.56442503182654,38543,382,1,"1"
646.62365196048529,38525,400,1,"1"
659.49409190118683,38513,412,1,"1"
704.84522011936883,38495,430,1,"1"
710.8771626117906,38492,433,1,"1"
722.26814020042207,38474,451,1,"1"
727.1866909540712,38467,458,1,"1"
749.48150079335301,38436,489,9,"5-4"
768.63076423602251,38433,492,1,"1"
769.55394564808478,38426,499,1,"1"
769.82706529078473,38410,515,1,"1"
774.47268837602576,38402,523,2,"2"
786.50875304352564,38384,541,1,"1"
791.74879501648627,38366,559,1,"1"
806.44917374564091,38348,577,1,"1"
829.21695769324106,38330,595,1,"1"
844.30260153708764,38320,605,1,"1"
860.04043169013232,38302,623,1,"1"
864.94287899706933,38297,628,1,"1"
874.71596734662023,38287,638,2,"2"
875.04711316862699,38276,649,1,"1"
895.97622161827758,38258,667,1,"1"
919.35450180456985,38246,679,1,"1"
937.71293548137442,38228,697,1,"1"
940.89672758313907,38215,710,3,"2-1"
944.75730557023326,38171,754,3,"2-1"
946.55705619347907,38135,790,2,"2"
955.61044813136425,38117,808,1,"1"
965.60580704179347,38103,822,1,"1"
967.28120002896389,38067,858,2,"2"
974.31314316353439,38049,876,1,"1"
981.44387548042653,38039,886,1,"1"
987.64395524440647,38021,904,1,"1"
988.64793784899257,38003,922,1,"1"
994.21885225872859,37985,940,1,"1"
1005.0281227642668,37967,958,1,"1"
1011.9367184993355,37949,976,1,"1"
1018.9732516172025,37933,992,1,"1"
1040.3544447610004,37915,1010,1,"1"
1042.5009267909759,37900,1025,1,"1"
1056.1554462224829,37868,1057,3,"2-1"
1096.3897063211994,37850,1075,1,"1"
1100.4456461532088,37803,1122,5,"2-1-1-1"
1128.7322960904396,37785,1140,1,"1"
1140.3049791627982,37776,1149,1,"1"
1142.7182876011464,37758,1167,1,"1"
1150.8173471897578,37740,1185,1,"1"
1164.5227218361683,37722,1203,1,"1"
1165.1581152176734,37715,1210,1,"1"
1170.6444799804494,37697,1228,1,"1"
1178.5213767309469,37671,1254,2,"1-1"
1201.1462523381222,37647,1278,4,"4"
1212.3967200344789,37629,1296,1,"1"
1213.2873667599001,37611,1314,1,"1"
1214.3584747177683,37575,1350,2,"2"
1222.5817921014282,37557,1368,1,"1"
1230.8120752913819,37539,1386,1,"1"
1233.9219452915556,37485,1440,3,"2-1"
1235.2513480974128,37467,1458,1,"1"
1245.5105930115058,37413,1512,3,"2-1"
1249.910895537098,37197,1728,15,"8-6-1"
1252.4579826279396,37179,1746,1,"1"
1266.4556595913955,37143,1782,2,"2"
1312.544320548659,37132,1793,1,"1"
1319.1117504939336,37125,1800,1,"1"
1323.7409921294186,37107,1818,1,"1"
1345.6253476583931,37089,1836,1,"1"
1358.2500869872672,37071,1854,1,"1"
1369.8955200845464,37053,1872,1,"1"
1370.4045011485157,37035,1890,1,"1"
1377.0707261591508,36989,1936,4,"1-1-1-1"
1379.225972263213,36971,1954,1,"1"
1380.6189662648972,36960,1965,1,"1"
1384.8170394556419,36945,1980,1,"1"
1396.6005661251631,36927,1998,1,"1"
1405.6847555258526,36909,2016,1,"1"
1406.5028488556027,36891,2034,1,"1"
1423.9346145539123,36886,2039,1,"1"
1427.0331660380455,36868,2057,1,"1"
1429.056496784212,36850,2075,1,"1"
1432.8214428634078,36832,2093,2,"2"
1459.8397936520719,36796,2129,2,"1-1"
1473.8272183180634,36778,2147,1,"1"
1496.9527205886093,0,38925,2092,"2092"
----------------------------------------------3
0,38925,0,0,"0"
119.01630548457064,38922,3,1,"1"
121.04656999238018,38921,4,1,"1"
155.61884053851313,38903,22,1,"1"
182.44946614040342,38901,24,2,"2"
186.98811990747558,38900,25,1,"1"
216.99058008409799,38897,28,1,"1"
227.36168859222923,38896,29,1,"1"
239.08627919653452,38889,36,1,"1"
249.98707088268452,38888,37,1,"1"
253.61758824763561,38870,55,1,"1"
279.65572582083871,38867,58,1,"1"
281.41932197953565,38864,61,1,"1"
286.89225811237117,38849,76,1,"1"
294.2536377778336,38847,78,2,"2"
302.92058221224738,38846,79,1,"1"
328.38423694142921,38828,97,1,"1"
339.18054782418722,38827,98,1,"1"
411.00213010111929,38809,116,1,"1"
419.66540790859557,38803,122,2,"2"
425.31974906190243,38800,125,1,"1"
427.93351470438023,38782,143,1,"1"
428.52487702829393,38779,146,1,"1"
440.21031804124055,38776,149,1,"1"
444.85444888754688,38758,167,1,"1"
448.62677875347345,38722,203,2,"1-1"
477.2860209087894,38704,221,1,"1"
486.70569262405434,38694,231,1,"1"
501.26996314987866,38674,251,2,"2"
526.8703776600729,38664,261,1,"1"
529.89288079033645,38646,279,1,"1"
532.51809221082829,38641,284,1,"1"
540.9751233460554,38623,302,1,"1"
619.40509117786701,38613,312,1,"1"
636.16297038896482,38610,315,1,"1"
653.62082580699189,38598,327,1,"1"
671.72126572353625,38580,345,1,"1"
709.73364192577799,38562,363,1,"1"
781.93255865045387,38552,373,1,"1"
795.22202586293292,38534,391,1,"1"
799.56892375614814,38529,396,1,"1"
818.05354476669697,38524,401,1,"1"
818.68727612751684,38514,411,2,"2"
820.61879968758217,38508,417,2,"1-1"
830.709937091185,38490,435,1,"1"
837.08745959705379,38472,453,1,"1"
847.58500042403296,38466,459,2,"1-1"
852.36032540022654,38461,464,1,"1"
864.26756797971143,38455,470,2,"2"
864.58025109244772,38437,488,1,"1"
872.64076622480798,38419,506,1,"1"
873.65424809408296,38416,509,1,"1"
878.77882369953045,38398,527,1,"1"
885.25142582508749,38380,545,1,"1"
923.84862873157681,38362,563,1,"1"
930.45703380652185,38343,582,3,"2-1"
938.91586620908822,38325,600,1,"1"
942.84798040900205,38297,628,2,"2"
950.35482436587904,38294,631,1,"1"
959.95504744198524,38265,660,2,"2"
984.41258090614849,38249,676,1,"1"
986.4398600504212,38235,690,2,"1-1"
993.36597230370785,38224,701,1,"1"
998.74039864014856,38188,737,2,"1-1"
1025.7227874688526,38170,755,2,"1-1"
1038.8119211709218,38152,773,1,"1"
1045.1582072337653,38116,809,2,"2"
1056.6454524484425,38110,815,2,"2"
1062.0253668832163,38092,833,1,"1"
1068.403342471953,38080,845,1,"1"
1069.0768947515223,38068,857,1,"1"
1075.608573049451,38052,873,1,"1"
1077.527138134081,38034,891,1,"1"
1100.6155662871347,38027,898,1,"1"
1100.8028482733619,38018,907,1,"1"
1101.9011283124432,37998,927,2,"2"
1124.1455600002569,37902,1023,6,"6"
1131.7959126908004,37866,1059,2,"1-1"
1137.0487741207971,37841,1084,3,"2-1"
1143.3339293740707,37835,1090,2,"2"
1148.9113606881945,37821,1104,1,"1"
1154.3599398623699,37803,1122,1,"1"
1171.8237351415564,37785,1140,1,"1"
1172.6516026152901,37775,1150,1,"1"
1180.1068213775288,37745,1180,2,"1-1"
1184.7926010774561,37727,1198,1,"1"
1195.4356369838135,37709,1216,1,"1"
1200.7149310146679,37691,1234,1,"1"
1203.4042029711343,37673,1252,1,"1"
1209.8807119719877,37655,1270,1,"1"
1213.3879283136368,37619,1306,3,"2-1"
1227.155251894769,37601,1324,1,"1"
1230.0929836610335,37583,1342,1,"1"
1245.9245507104577,37565,1360,1,"1"
1246.6822160247564,37554,1371,1,"1"
1249.962462785516,37518,1407,2,"1-1"
1254.7259047833106,37500,1425,1,"1"
1265.0901635068299,37482,1443,1,"1"
1269.1324522210159,37474,1451,2,"2"
1269.3837896028053,37469,1456,1,"1"
1276.9025152970314,37451,1474,1,"1"
1285.0667035837871,37417,1508,4,"2-1-1"
1289.26633494016,37399,1526,1,"1"
1302.4735080272915,37381,1544,1,"1"
1304.9018244063466,37369,1556,1,"1"
1306.5644891167944,37337,1588,2,"2"
1314.9794009781356,37319,1606,1,"1"
1321.9640767939434,37291,1634,4,"3-1"
1322.016301960615,37273,1652,1,"1"
1323.6041408991016,37261,1664,1,"1"
1327.9713018032355,37243,1682,1,"1"
1346.3084100445242,37201,1724,3,"2-1"
1349.2824022257148,37165,1760,2,"2"
1353.7146413680939,37105,1820,4,"2-1-1"
1357.2818721327876,37089,1836,1,"1"
1364.3660951945067,37071,1854,1,"1"
1368.1235346173169,37064,1861,1,"1"
1401.7817153326816,37057,1868,1,"1"
1402.4224190185994,37039,1886,1,"1"
1432.4152482206241,37021,1904,1,"1"
1478.0174542777388,0,38925,2103,"2103"
----------------------------------------------4
0,38925,0,0,"0"
98.4985557078667,38924,1,1,"1"
185.20160807514833,38923,2,1,"1"
204.52625916348265,38921,4,2,"2"
210.05711645443751,38903,22,1,"1"
233.8515376418828,38900,25,1,"1"
238.93225666279531,38899,26,1,"1"
252.20078061584545,38897,28,2,"2"
280.65225292489362,38896,29,1,"1"
293.98769034752132,38895,30,1,"1"
310.21983122003058,38877,48,1,"1"
327.3269039849697,38874,51,1,"1"
333.16853793763221,38873,52,1,"1"
404.65411533800489,38855,70,1,"1"
418.39592545473073,38837,88,1,"1"
433.43187842710682,38819,106,1,"1"
448.43185243175509,38801,124,1,"1"
522.18861404105564,38783,142,1,"1"
538.22107525922172,38765,160,1,"1"
553.17756494987793,38762,163,1,"1"
592.88533134223326,38744,181,1,"1"
598.37009317374236,38739,186,1,"1"
599.11170352728982,38729,196,1,"1"
601.81619528790497,38711,214,1,"1"
609.67909828082952,38693,232,1,"1"
633.55169165907159,38684,241,3,"3"
636.33317514140572,38673,252,1,"1"
665.74798049034086,38661,264,1,"1"
667.37994947698041,38643,282,1,"1"
671.62611101640437,38640,285,1,"1"
684.29817413826333,38622,303,1,"1"
685.9986894700944,38615,310,1,"1"
706.83494186191956,38597,328,1,"1"
714.14971740305509,38579,346,1,"1"
731.90833425603466,38561,364,1,"1"
755.87408679260113,38543,382,1,"1"
802.20079744508951,38533,392,2,"2"
815.20026424644539,38513,412,2,"2"
818.76209920599251,38503,422,2,"2"
825.66811799521815,38498,427,1,"1"
832.65138944904345,38467,458,9,"5-2-1-1"
836.21892802395064,38449,476,1,"1"
866.14907983815647,38438,487,1,"1"
874.96313407206185,38427,498,3,"2-1"
880.51805582705231,38409,516,1,"1"
881.60517867971589,38391,534,1,"1"
883.9192198823788,38373,552,1,"1"
884.52234759233716,38341,584,6,"3-2-1"
890.99405784861437,38255,670,5,"4-1"
892.76999039682562,38244,681,1,"1"
896.97643530510163,38232,693,1,"1"
905.72763502716407,38214,711,1,"1"
913.85939795047409,38198,727,1,"1"
914.41791607489063,38180,745,1,"1"
921.55580215942246,38175,750,1,"1"
936.3070211204473,38139,786,2,"2"
942.28014854580022,38121,804,1,"1"
956.84413545963025,38097,828,2,"2"
964.20798231116532,38079,846,1,"1"
968.89887401146404,38061,864,1,"1"
974.7130747227061,38055,870,2,"2"
994.43683237655011,38019,906,2,"2"
994.58101321037373,38001,924,1,"1"
994.68863380036248,37998,927,1,"1"
1001.883285185654,37972,953,2,"2"
1008.1804693860296,37962,963,1,"1"
1013.3252298196596,37944,981,1,"1"
1017.139640695991,37926,999,1,"1"
1020.9298113718596,37919,1006,1,"1"
1025.2892228876722,37916,1009,1,"1"
1025.6000464472636,37898,1027,1,"1"
1030.4577808331633,37880,1045,1,"1"
1031.7058441464608,37868,1057,1,"1"
1042.5165857800141,37851,1074,1,"1"
1050.8981730140949,37833,1092,1,"1"
1064.2574157015119,37815,1110,1,"1"
1079.4177504378431,37797,1128,1,"1"
1081.9048817472587,37786,1139,1,"1"
1083.0259079617645,37768,1157,1,"1"
1084.2630125227968,37757,1168,1,"1"
1091.6174195612427,37739,1186,1,"1"
1095.0762631033704,37703,1222,2,"2"
1104.0654453697728,37681,1244,2,"1-1"
1112.5446463472922,37663,1262,1,"1"
1123.8459125382112,37645,1280,1,"1"
1136.3597303709655,37599,1326,4,"1-1-1-1"
1141.7310131315523,37569,1356,4,"2-1-1"
1144.8173519531974,37559,1366,2,"2"
1153.9007884809821,37541,1384,1,"1"
1162.3727957737044,37534,1391,1,"1"
1168.6694140113871,37516,1409,1,"1"
1169.3184671977679,37498,1427,1,"1"
1176.1097056399333,37480,1445,1,"1"
1200.1722586133985,37473,1452,1,"1"
1201.7376314611552,37461,1464,1,"1"
1203.8519879611424,37443,1482,1,"1"
1208.8438461386693,37431,1494,1,"1"
1213.5999795560995,37413,1512,1,"1"
1219.4908040823461,37395,1530,1,"1"
1220.0631109929539,37209,1716,14,"5-3-2-2-1-1"
1235.1365959643063,37173,1752,4,"3-1"
1238.9695142895011,37155,1770,1,"1"
1244.3711913279278,37136,1789,3,"2-1"
1245.1971211245611,37118,1807,2,"2"
1255.1191671022689,37100,1825,1,"1"
1265.9245848600281,37088,1837,1,"1"
1267.8274927690888,37070,1855,1,"1"
1268.4633027913626,37046,1879,2,"1-1"
1276.9191635691991,37028,1897,1,"1"
1281.1301499515423,37010,1915,1,"1"
1285.6045795457514,36945,1980,5,"2-1-1-1"
1287.3346523432958,36927,1998,1,"1"
1288.0091803803582,36909,2016,1,"1"
1290.3260917228911,36891,2034,1,"1"
1301.2258697458037,36875,2050,1,"1"
1302.6885112603968,36857,2068,1,"1"
1303.9474598843346,36839,2086,1,"1"
1305.9411678841316,36821,2104,1,"1"
1315.3061933411718,36804,2121,1,"1"
1327.5828251518253,36786,2139,1,"1"
1341.5029333405923,36768,2157,1,"1"
1344.6636703560059,36750,2175,1,"1"
1345.1446412375396,36732,2193,1,"1"
1349.8502003554358,36566,2359,13,"4-2-2-2-1-1-1"
1358.2808163749817,36512,2413,3,"3"
1359.0571815773856,36494,2431,1,"1"
1361.9443081126849,36476,2449,1,"1"
1363.2080259487648,36458,2467,1,"1"
1377.464151830924,36440,2485,1,"1"
1385.7088012792415,36389,2536,7,"2-2-1-1-1"
1390.9274193548451,36371,2554,1,"1"
1403.6399305590858,36320,2605,4,"2-1-1"
1419.0701212544461,36302,2623,1,"1"
1438.1107205833589,36266,2659,2,"1-1"
1455.0426108316792,36214,2711,5,"4-1"
1458.5707254680676,36196,2729,1,"1"
1476.2369264437596,36146,2779,3,"2-1"
1477.7923460182146,36120,2805,2,"2"
1478.8067135306976,36102,2823,1,"1"
1480.3011147504506,36084,2841,1,"1"
1484.6558854009754,36066,2859,1,"1"
1488.1005067175563,36048,2877,1,"1"
1495.3103421996182,36030,2895,1,"1"
1499.8784938551303,36012,2913,1,"1"
1504.6872818166166,35999,2926,1,"1"
1504.9753873603047,35833,3092,10,"4-3-1-1-1"
1510.8030808193339,35804,3121,2,"2"
1521.6336888738213,35732,3193,4,"2-1-1"
1525.7858448893699,0,38925,2013,"2013"
----------------------------------------------5
0,38925,0,0,"0"
55.705182772455359,38911,14,1,"1"
84.049217469794996,38910,15,1,"1"
105.8313838042933,38907,18,1,"1"
153.01538803456964,38903,22,2,"2"
156.92511943398418,38901,24,2,"2"
170.47779300402146,38900,25,1,"1"
180.3240383099124,38899,26,1,"1"
233.8394570586359,38881,44,1,"1"
242.91576592991038,38863,62,1,"1"
248.50285011936847,38845,80,1,"1"
265.84489488557421,38844,81,1,"1"
272.69386237470326,38843,82,1,"1"
281.66986073844203,38825,100,1,"1"
283.72909796040204,38822,103,1,"1"
319.26012028251256,38821,104,1,"1"
367.1041227929972,38818,107,1,"1"
382.44570741682003,38800,125,1,"1"
394.79627702284802,38797,128,1,"1"
423.09695190726478,38791,134,2,"2"
460.88726361882414,38779,146,1,"1"
483.36403735724826,38761,164,1,"1"
490.98557619118048,38743,182,1,"1"
505.15232777070594,38742,183,1,"1"
507.93504238614736,38739,186,1,"1"
522.21257375089635,38736,189,1,"1"
528.13251783860665,38710,215,2,"1-1"
530.73001265761445,38692,233,1,"1"
561.21819254917318,38676,249,1,"1"
569.93446645688994,38658,267,1,"1"
575.06753511798922,38640,285,1,"1"
586.38020394181115,38637,288,1,"1"
596.50078058358599,38630,295,1,"1"
597.5000303794036,38623,302,1,"1"
663.09084180226148,38613,312,2,"2"
669.99345656178093,38601,324,1,"1"
696.48637365421484,38583,342,1,"1"
707.78866397743195,38571,354,1,"1"
749.04896807695002,38568,357,1,"1"
753.63038240960896,38563,362,1,"1"
791.91084679882113,38554,371,1,"1"
800.42924307901023,38536,389,1,"1"
824.45230993439714,38518,407,1,"1"
829.32687878922775,38500,425,1,"1"
843.64377271412525,38484,441,2,"1-1"
860.87644970140718,38479,446,1,"1"
866.6651312620678,38467,458,1,"1"
870.36768263205045,38449,476,1,"1"
885.92424713988612,38431,494,1,"1"
894.9446063561445,38413,512,1,"1"
896.9419070482985,38395,530,1,"1"
898.35629594239094,38377,548,1,"1"
902.72443839275115,38359,566,1,"1"
907.09466003731916,38341,584,1,"1"
916.2972925104043,38338,587,1,"1"
916.5820770368241,38320,605,1,"1"
922.67644823786964,38302,623,1,"1"
956.40647487955937,38285,640,5,"4-1"
958.61884997961749,38267,658,1,"1"
958.73838368717963,38249,676,1,"1"
964.50387480298798,38231,694,1,"1"
971.73256421173744,38213,712,1,"1"
975.09837379033593,38197,728,1,"1"
979.09298050639961,38161,764,6,"5-1"
1011.3295763770279,38155,770,2,"2"
1029.308068019669,38137,788,1,"1"
1035.3695476851165,38101,824,2,"1-1"
1035.5395961672896,38091,834,1,"1"
1045.6685571563805,37985,940,8,"2-2-2-1-1"
1049.5618501347396,37967,958,1,"1"
1051.7988254773256,37949,976,1,"1"
1052.0454645604375,37931,994,1,"1"
1064.5310327432401,37707,1218,16,"11-2-2-1"
1064.9457985413014,37689,1236,1,"1"
1065.82190420352,37682,1243,1,"1"
1089.6104304596806,37646,1279,2,"2"
1099.4995199722246,37628,1297,1,"1"
1104.7610947598232,37610,1315,1,"1"
1113.0195213212114,37592,1333,1,"1"
1129.3708137572769,37574,1351,1,"1"
1129.5129090078251,37556,1369,1,"1"
1158.0736038635287,37520,1405,3,"2-1"
1196.7803181600182,37508,1417,1,"1"
1212.6077745135808,37462,1463,3,"2-1"
1223.2604399405309,37444,1481,1,"1"
1226.4222544696045,37426,1499,1,"1"
1239.1447896223369,37414,1511,1,"1"
1241.9852330473684,37396,1529,1,"1"
1246.7841317386271,37386,1539,1,"1"
1249.0884720063245,37371,1554,1,"1"
1263.2120819658276,37313,1612,4,"2-1-1"
1263.479911753443,37259,1666,3,"3"
1263.4804992334159,37250,1675,3,"3"
1273.7001225627953,37238,1687,2,"1-1"
1274.1783497235847,37220,1705,1,"1"
1276.8050856458103,37204,1721,2,"1-1"
1277.1218139622306,37186,1739,1,"1"
1282.2287437064508,37150,1775,3,"2-1"
1287.2446228025451,37086,1839,4,"4"
1288.0741787643612,37079,1846,1,"1"
1289.8634708632931,37061,1864,1,"1"
1291.7442675190709,36957,1968,8,"4-2-1-1"
1292.5207274117911,36939,1986,2,"1-1"
1297.3237872758812,36899,2026,3,"2-1"
1299.3560695304845,36853,2072,3,"2-1"
1304.6514320330807,36729,2196,10,"3-3-2-2"
1327.65892706508,36675,2250,3,"2-1"
1332.8832118339631,36629,2296,3,"3"
1333.991945545037,36615,2310,1,"1"
1336.3036780233997,36469,2456,10,"3-3-2-1-1"
1349.0436161462567,36433,2492,2,"2"
1355.5820676776762,36419,2506,2,"2"
1357.1074424081951,36401,2524,1,"1"
1358.7777967836494,36383,2542,1,"1"
1362.7445920896116,36365,2560,1,"1"
1371.0425736921143,36347,2578,1,"1"
1371.372550043922,36329,2596,1,"1"
1382.1989824174348,36299,2626,2,"2"
1388.0932876503064,36288,2637,1,"1"
1388.5818453150393,36252,2673,2,"2"
1431.1273985665521,36234,2691,1,"1"
1432.7088975390257,36216,2709,1,"1"
1433.3065186557806,36198,2727,1,"1"
1433.3162233775101,36187,2738,1,"1"
1434.7139469710389,36051,2874,8,"3-1-1-1-1-1"
1434.8868445816831,36033,2892,1,"1"
1435.8616172554525,36015,2910,1,"1"
1436.3576048990471,0,38925,2039,"2039"
----------------------------------------------6
0,38925,0,0,"0"
77.239556561025964,38907,18,1,"1"
104.644630579794,38904,21,1,"1"
124.17644021856009,38897,28,1,"1"
126.05355766152768,38896,29,1,"1"
173.3718251115553,38895,30,1,"1"
232.82168253361741,38877,48,1,"1"
235.81380411327436,38859,66,1,"1"
248.55906302223542,38841,84,1,"1"
252.39863607207081,38839,86,2,"1-1"
254.31496240470855,38838,87,1,"1"
255.87899554534917,38836,89,2,"2"
270.01814154586185,38835,90,1,"1"
279.15406390355349,38824,101,1,"1"
298.90215817023363,38823,102,1,"1"
317.49514397607675,38812,113,3,"2-1"
408.19125714963315,38806,119,2,"2"
408.7121352073226,38788,137,1,"1"
413.41484053076914,38787,138,1,"1"
425.80114919585759,38769,156,1,"1"
429.36936422183254,38753,172,4,"3-1"
440.24414735778009,38743,182,2,"2"
440.48119712251861,38731,194,1,"1"
460.716188198574,38722,203,1,"1"
542.1418293556502,38704,221,1,"1"
609.860127195058,38686,239,1,"1"
616.75458848160019,38671,254,1,"1"
618.42568633990561,38653,272,1,"1"
624.54628939426948,38646,279,1,"1"
631.8050350151758,38622,303,2,"1-1"
660.55147283464441,38604,321,1,"1"
661.22053379808028,38586,339,1,"1"
670.0982590796084,38583,342,1,"1"
678.80091589423853,38565,360,1,"1"
707.63465458774931,38551,374,2,"2"
708.92543588914577,38535,390,1,"1"
709.69073049868939,38525,400,1,"1"
726.33034268903941,38507,418,1,"1"
771.50052501233233,38489,436,1,"1"
776.57645173685898,38480,445,3,"3"
798.91717894081853,38462,463,1,"1"
802.12554327503653,38455,470,1,"1"
808.33989402350812,38440,485,1,"1"
867.37374435320805,38422,503,1,"1"
883.65272615697995,38391,534,5,"4-1"
894.31409111746598,38362,563,7,"7"
902.12666724781252,38344,581,1,"1"
911.31988619993513,38337,588,1,"1"
918.06096057905984,38319,606,1,"1"
931.0321125767706,38301,624,1,"1"
935.58516939015954,38298,627,1,"1"
941.84931937588181,38293,632,1,"1"
942.06261899970536,38257,668,2,"2"
944.60761792526989,38217,708,5,"3-1-1"
946.95092173818034,38199,726,1,"1"
949.13959497822987,38181,744,1,"1"
957.22131924720043,38171,754,1,"1"
983.56081586350058,38153,772,1,"1"
1017.9032387866935,38135,790,1,"1"
1027.3739920123535,38117,808,1,"1"
1029.5766978593185,38099,826,1,"1"
1040.7087025166015,38081,844,1,"1"
1064.4216217742387,38063,862,1,"1"
1079.6383958811793,38058,867,1,"1"
1079.6395233121,38040,885,1,"1"
1088.8435780234465,38004,921,2,"2"
1118.1095060194546,37987,938,3,"3"
1118.7678565169758,37969,956,1,"1"
1121.9998047025183,37931,994,3,"2-1"
1129.3673568329521,37913,1012,1,"1"
1135.2480173772096,37895,1030,1,"1"
1141.2558062334724,37892,1033,1,"1"
1144.0508880216453,37874,1051,1,"1"
1166.4376902501299,37856,1069,1,"1"
1177.4442271340424,37851,1074,1,"1"
1181.4123081106879,37815,1110,2,"1-1"
1182.5956248967004,37761,1164,3,"3"
1183.9010395890436,37743,1182,1,"1"
1197.3096474734766,37729,1196,2,"2"
1212.8296081179199,37711,1214,1,"1"
1236.8568386998038,37689,1236,2,"2"
1249.8087928903869,37671,1254,1,"1"
1254.0851865753025,37653,1272,1,"1"
1262.8808261100617,37635,1290,1,"1"
1271.4256699989517,37623,1302,1,"1"
1278.4742126665608,37587,1338,2,"2"
1281.1075149778353,37569,1356,1,"1"
1286.5857250911349,37551,1374,1,"1"
1297.1334401493136,37533,1392,1,"1"
1308.1381764875425,37515,1410,1,"1"
1308.6640431996336,37455,1470,5,"3-2"
1330.0503951287549,37377,1548,6,"3-2-1"
1334.1757739855479,37341,1584,2,"2"
1339.3988855334039,37267,1658,8,"4-2-2"
1341.430923968069,37249,1676,1,"1"
1350.1023060043972,37242,1683,1,"1"
1356.6694429685465,37224,1701,1,"1"
1358.8070006578839,37152,1773,6,"3-2-1"
1362.6184884611259,37116,1809,2,"1-1"
1369.8313683966094,37062,1863,3,"2-1"
1388.9215899784829,37050,1875,2,"1-1"
1392.5215423843431,37038,1887,1,"1"
1395.3032328485097,37020,1905,1,"1"
1398.8054598805843,36984,1941,2,"2"
1402.0854002377241,36966,1959,1,"1"
1411.9909432043526,36948,1977,1,"1"
1413.6081191579897,36854,2071,10,"7-1-1-1"
1416.2464705534192,36836,2089,1,"1"
1417.9004142845654,36740,2185,7,"5-1-1"
1418.6939490649138,36718,2207,2,"1-1"
1430.6125129624963,36700,2225,1,"1"
1434.4225199620143,36682,2243,1,"1"
1446.6330174208515,36664,2261,1,"1"
1460.0552817133828,36646,2279,1,"1"
1461.6302578262766,36628,2297,1,"1"
1461.9831038666389,36616,2309,1,"1"
1464.3578151688507,36598,2327,1,"1"
1464.7891189001621,36424,2501,12,"6-3-2-1"
1470.8165946485276,36415,2510,1,"1"
1472.670395133149,36397,2528,1,"1"
1474.6453966716986,36379,2546,1,"1"
1477.4019323813079,36361,2564,1,"1"
1481.2635729242349,36351,2574,1,"1"
1491.0249814087249,36333,2592,1,"1"
1500.8199699448694,36315,2610,1,"1"
1504.6660555102205,36279,2646,2,"1-1"
1512.1737742496673,36243,2682,2,"2"
1519.7494337476023,36207,2718,2,"2"
1524.6174786659192,36103,2822,7,"4-2-1"
1525.9289976530945,36079,2846,2,"2"
1534.4774663677595,36061,2864,1,"1"
1539.1827769371916,36043,2882,1,"1"
1540.7589174947566,36025,2900,1,"1"
1550.8948662681307,0,38925,2033,"2033"
----------------------------------------------7
0,38925,0,0,"0"
61.619391957817562,38907,18,1,"1"
177.93052961158165,38903,22,2,"1-1"
182.70795234918981,38902,23,1,"1"
199.4450049043399,38901,24,1,"1"
204.4233189258735,38883,42,1,"1"
205.07607701950283,38882,43,1,"1"
209.33281082625629,38881,44,1,"1"
216.12994598322288,38878,47,1,"1"
220.04623482423247,38860,65,1,"1"
246.68778494065026,38859,66,1,"1"
276.08561579959314,38858,67,1,"1"
286.17239861736766,38857,68,1,"1"
330.20189822620222,38839,86,1,"1"
337.29589008762656,38821,104,1,"1"
352.90457166355202,38803,122,1,"1"
374.3525356419961,38785,140,1,"1"
388.12325347400889,38784,141,1,"1"
417.98335274473737,38766,159,1,"1"
442.81798701025639,38748,177,1,"1"
443.03369796847198,38730,195,1,"1"
443.95466565774342,38712,213,1,"1"
458.93247334711083,38694,231,1,"1"
462.36174548567971,38688,237,2,"2"
463.99946857229901,38670,255,1,"1"
480.09887473415483,38652,273,1,"1"
492.32033768830667,38642,283,2,"2"
492.58355253533887,38624,301,1,"1"
509.11190503724998,38606,319,1,"1"
515.37684675885453,38603,322,1,"1"
524.27158381755612,38585,340,1,"1"
530.43358336599294,38554,371,7,"3-3-1"
533.49494536042232,38542,383,1,"1"
560.29414181294203,38541,384,1,"1"
624.60416916702127,38531,394,1,"1"
627.09461997629046,38513,412,1,"1"
677.40097729849572,38495,430,1,"1"
682.32013858685423,38477,448,1,"1"
697.17348405421524,38459,466,1,"1"
699.10224925392822,38441,484,1,"1"
718.16711200283532,38434,491,1,"1"
750.94765629358812,38422,503,1,"1"
764.9770140589344,38404,521,1,"1"
791.98084251924581,38397,528,1,"1"
796.61050470952216,38394,531,1,"1"
800.23743286267029,38358,567,2,"2"
803.88613266650964,38355,570,1,"1"
805.97927540064495,38337,588,1,"1"
808.67373240645225,38319,606,1,"1"
821.31608920705867,38316,609,1,"1"
822.56420333382459,38298,627,1,"1"
832.66721466033323,38280,645,1,"1"
840.94129029085309,38274,651,2,"2"
846.94681594012388,38262,663,1,"1"
863.084637601439,38244,681,1,"1"
868.08692083613244,38238,687,2,"2"
923.43271315754407,38235,690,1,"1"
930.75106563799875,38217,708,1,"1"
952.96987168976,38206,719,1,"1"
958.4976465179692,38197,728,3,"3"
972.79409530330383,38179,746,1,"1"
984.05863284833197,38148,777,3,"1-1-1"
993.30576120813544,38130,795,1,"1"
994.43233618235354,38118,807,1,"1"
998.34470963746082,38095,830,3,"3"
1002.6111985463172,38077,848,1,"1"
1007.3148718541873,38043,882,3,"2-1"
1010.1661169296424,38028,897,3,"3"
1025.4229285356587,38010,915,1,"1"
1036.8361496461346,37992,933,1,"1"
1044.576445627747,37956,969,2,"2"
1055.6914872679572,37938,987,1,"1"
1066.8271233344392,37920,1005,1,"1"
1075.5765976894374,37902,1023,1,"1"
1078.2787689264389,37884,1041,1,"1"
1078.8637369095986,37830,1095,3,"2-1"
1086.4312163015231,37812,1113,1,"1"
1094.7936878328708,37776,1149,2,"2"
1098.0864954288622,37758,1167,1,"1"
1102.9467758646365,37753,1172,1,"1"
1110.4178908140448,37735,1190,1,"1"
1127.09644170305,37718,1207,3,"3"
1127.7210260763529,37715,1210,1,"1"
1176.2511289054976,37704,1221,1,"1"
1185.4929223558217,37668,1257,2,"2"
1192.5975140102523,37632,1293,2,"2"
1199.342812264405,37614,1311,1,"1"
1215.1285405013755,37607,1318,1,"1"
1216.9953099946601,37589,1336,1,"1"
1222.8759545408188,37571,1354,1,"1"
1230.0571173849262,37553,1372,1,"1"
1231.6017919884719,37535,1390,1,"1"
1231.671719688632,37517,1408,1,"1"
1232.5524720987487,37497,1428,2,"2"
1255.9073419148967,37465,1460,3,"2-1"
1257.9101554289857,37447,1478,1,"1"
1268.2452228885177,37444,1481,1,"1"
1269.1940702823531,37421,1504,3,"2-1"
1271.0364058379548,37409,1516,1,"1"
1289.3428772493817,37373,1552,2,"2"
1303.5631330916417,37355,1570,1,"1"
1307.1472192505669,37327,1598,2,"2"
1338.3647315450519,37309,1616,1,"1"
1339.9320426674694,37291,1634,1,"1"
1350.2957986357753,37273,1652,1,"1"
1354.101262186105,37261,1664,1,"1"
1364.0495154521907,37247,1678,1,"1"
1373.8079586634024,37229,1696,1,"1"
1380.3067786000713,37211,1714,1,"1"
1387.1476184440687,37199,1726,1,"1"
1389.0716650187771,37181,1744,1,"1"
1400.0156726204211,37163,1762,1,"1"
1407.4514256313255,37145,1780,1,"1"
1407.6529748296909,37127,1798,1,"1"
1412.5978011282195,36927,1998,13,"8-1-1-1-1-1"
1425.71612938626,36889,2036,6,"4-1-1"
1430.0423922570849,36835,2090,3,"3"
1434.3069109700277,36818,2107,1,"1"
1434.590125151833,36800,2125,1,"1"
1437.5541730196921,36793,2132,1,"1"
1449.6468334963802,36755,2170,4,"2-1-1"
1454.3371768573556,36750,2175,1,"1"
1458.2058872096559,36743,2182,1,"1"
1458.7953287608179,36725,2200,1,"1"
1466.1377434550971,36707,2218,1,"1"
1474.2249372433503,36689,2236,1,"1"
1477.2253174361499,36660,2265,2,"1-1"
1479.2646850940571,36626,2299,4,"3-1"
1479.7044615336467,36608,2317,1,"1"
1482.1217231414628,36554,2371,3,"3"
1515.4555377048484,36539,2386,1,"1"
1526.8961363891083,36521,2404,1,"1"
1545.6812083343673,36503,2422,1,"1"
1546.6974264630635,36467,2458,2,"2"
1552.6747326665952,36411,2514,6,"2-2-2"
1559.764060418807,36404,2521,1,"1"
1562.1713249359366,36246,2679,11,"2-2-2-2-1-1-1"
1562.9199008904252,36186,2739,6,"3-1-1-1"
1565.774693529645,36168,2757,1,"1"
1568.7399460820659,36150,2775,1,"1"
1576.9508195828075,36132,2793,1,"1"
1580.3539067410018,36114,2811,1,"1"
1600.8220602440579,0,38925,2041,"2041"
----------------------------------------------8
0,38925,0,0,"0"
59.421213105311644,38909,16,1,"1"
104.07701661066932,38891,34,1,"1"
118.37694206148072,38884,41,1,"1"
121.32001088294108,38883,42,1,"1"
151.5131313248871,38881,44,2,"2"
155.84660665291426,38880,45,1,"1"
170.38244065398592,38879,46,1,"1"
255.16512931753078,38878,47,1,"1"
259.24219227513845,38877,48,1,"1"
275.67254040153989,38876,49,1,"1"
309.32277351316668,38875,50,1,"1"
355.98062758766298,38857,68,1,"1"
383.56576212928258,38839,86,1,"1"
408.00682244086698,38821,104,1,"1"
409.03402090522127,38810,115,1,"1"
409.36411698294944,38807,118,1,"1"
417.03505465405652,38798,127,1,"1"
457.1840331420695,38780,145,1,"1"
457.47536780110681,38779,146,1,"1"
463.61874943502556,38761,164,1,"1"
481.65699035361013,38743,182,1,"1"
493.53922877190809,38740,185,1,"1"
507.1070420471043,38730,195,1,"1"
525.70257394421299,38727,198,1,"1"
555.68142568493931,38712,213,1,"1"
564.54829585043717,38694,231,1,"1"
580.69025255643578,38684,241,1,"1"
591.89570302775519,38668,257,4,"4"
595.28354731304125,38650,275,1,"1"
606.35734637106407,38632,293,1,"1"
613.79846116652595,38622,303,1,"1"
624.18380579541645,38610,315,1,"1"
647.21385835649085,38592,333,1,"1"
656.35876443809457,38586,339,2,"2"
656.860848209506,38568,357,1,"1"
664.83245819451793,38558,367,2,"2"
670.7962556310024,38540,385,1,"1"
680.24658624669075,38530,395,1,"1"
685.57315192668329,38512,413,1,"1"
690.06116210482969,38505,420,1,"1"
693.51895713753652,38487,438,1,"1"
702.140817359984,38474,451,3,"2-1"
704.33464505599534,38461,464,1,"1"
729.77528888314055,38425,500,2,"1-1"
731.62460096947279,38420,505,1,"1"
733.71197178230295,38406,519,1,"1"
744.78617900149789,38403,522,1,"1"
762.76924842465417,38385,540,1,"1"
768.47703335612061,38367,558,1,"1"
774.80244221347448,38329,596,3,"2-1"
793.01243025957172,38311,614,1,"1"
812.73292700583283,38293,632,1,"1"
825.59599781477948,38269,656,2,"1-1"
830.82867899397513,38254,671,1,"1"
837.38085362359618,38236,689,1,"1"
838.24883066315613,38218,707,1,"1"
843.94885866874461,38215,710,1,"1"
849.31982510854539,38197,728,1,"1"
863.21417330365693,38188,737,3,"3"
878.59221935294454,38185,740,1,"1"
907.09577252019903,38167,758,1,"1"
922.04328687146324,38149,776,1,"1"
931.44682836305628,38131,794,1,"1"
932.86206531030359,38113,812,1,"1"
940.78423168444203,38102,823,1,"1"
942.59446119086442,38097,828,1,"1"
943.95479457136003,38079,846,1,"1"
951.34711212343359,38061,864,1,"1"
953.4705295770093,38043,882,1,"1"
980.68238860981808,37996,929,9,"5-3-1"
990.42978058101062,37972,953,2,"2"
1002.3198096443969,37954,971,1,"1"
1019.8789423822756,37936,989,1,"1"
1024.4424329992021,37918,1007,1,"1"
1037.7952419552632,37912,1013,2,"2"
1045.3536790132578,37879,1046,2,"2"
1047.1672865421895,37872,1053,1,"1"
1054.2437943913039,37865,1060,1,"1"
1074.5082259109099,37847,1078,1,"1"
1101.1998681814869,37829,1096,1,"1"
1140.6084168699058,37811,1114,1,"1"
1142.5403477476968,37795,1130,2,"1-1"
1147.9479582120141,37780,1145,1,"1"
1149.5242084415636,37773,1152,1,"1"
1158.0762670118716,37719,1206,3,"1-1-1"
1175.0492790066492,37701,1224,1,"1"
1182.7310656560098,37694,1231,1,"1"
1190.1135462905279,37676,1249,1,"1"
1213.4018254758187,37666,1259,1,"1"
1229.6997153990276,37648,1277,1,"1"
1240.0687771491034,37631,1294,1,"1"
1246.7377868358751,37619,1306,1,"1"
1257.4663060138118,37609,1316,1,"1"
1257.8146655660055,37591,1334,1,"1"
1259.3536788134272,37573,1352,1,"1"
1260.364627776717,37555,1370,1,"1"
1272.0426022914555,37533,1392,2,"2"
1273.6876836309173,37519,1406,1,"1"
1273.8364804200689,37507,1418,1,"1"
1288.4744109494497,37471,1454,4,"4"
1297.1117219349533,37419,1506,4,"2-1-1"
1300.6226526789926,37383,1542,2,"2"
1305.2061937789315,37365,1560,1,"1"
1307.7788243456982,37185,1740,13,"7-3-2-1"
1311.8396674115165,37149,1776,2,"2"
1319.9980319565805,37117,1808,2,"2"
1346.1556936691477,37081,1844,2,"2"
1346.7158355050983,37063,1862,1,"1"
1356.0525268737997,37045,1880,4,"4"
1372.7587291958205,37033,1892,2,"1-1"
1384.1933200287608,37015,1910,1,"1"
1410.8120326726334,36995,1930,2,"1-1"
1421.9451536735019,36977,1948,1,"1"
1430.9192419769056,36941,1984,2,"2"
1440.3673129328915,36923,2002,1,"1"
1450.7049513554341,36905,2020,1,"1"
1465.6684321916882,36887,2038,1,"1"
1468.536758161021,36869,2056,1,"1"
1468.9118331340192,36851,2074,1,"1"
1469.5250100013839,36833,2092,1,"1"
1475.3926823616066,36683,2242,12,"4-2-2-1-1-1-1"
1482.8227048127173,36676,2249,1,"1"
1493.4208125735199,36671,2254,1,"1"
1500.5635666922528,36653,2272,1,"1"
1502.9218850126213,36635,2290,1,"1"
1505.9746804396027,36625,2300,1,"1"
1510.2239095744371,36607,2318,1,"1"
1511.9162633059898,36589,2336,1,"1"
1517.9161604140618,36571,2354,1,"1"
1520.7945413813786,36553,2372,1,"1"
1535.3323051217196,36527,2398,2,"1-1"
1549.2802266176384,36435,2490,7,"4-2-1"
1549.6794683975131,36417,2508,1,"1"
1549.9652927861548,36331,2594,5,"5"
1551.5441150819315,36313,2612,1,"1"
1552.4424773589978,36277,2648,2,"2"
1559.9022561868444,36259,2666,1,"1"
1564.1094263227692,36241,2684,1,"1"
1574.7344929946312,36231,2694,2,"2"
1577.6827755449815,36224,2701,1,"1"
1580.6737156296688,0,38925,2047,"2047"
----------------------------------------------9
0,38925,0,0,"0"
59.451808997328882,38924,1,1,"1"
105.33074019722262,38906,19,1,"1"
151.89793374767376,38905,20,1,"1"
171.79001349635109,38904,21,1,"1"
191.52809207781345,38892,33,1,"1"
239.04402566924824,38891,34,1,"1"
244.54436098290824,38890,35,1,"1"
251.48722219277201,38889,36,1,"1"
267.31972171566639,38888,37,1,"1"
271.27908384257762,38887,38,1,"1"
274.09069523574846,38880,45,1,"1"
306.43020638095942,38877,48,1,"1"
310.45379453496349,38874,51,1,"1"
314.48909074467656,38873,52,1,"1"
337.90494078373297,38855,70,1,"1"
338.30783069223304,38837,88,1,"1"
352.8862819103777,38827,98,2,"2"
372.82261003385594,38826,99,1,"1"
384.98560885298292,38823,102,1,"1"
416.87849357552358,38811,114,1,"1"
456.7459351830247,38799,126,1,"1"
466.10559570623377,38781,144,1,"1"
474.63158035862511,38775,150,2,"1-1"
475.0672608193471,38769,156,2,"2"
485.3326588062061,38751,174,1,"1"
499.84778870918558,38733,192,1,"1"
524.94019375306743,38697,228,2,"2"
547.45743653213015,38687,238,1,"1"
554.79327551636595,38679,246,2,"2"
559.71248856957652,38661,264,1,"1"
588.94794505482059,38643,282,1,"1"
590.9829577453462,38636,289,1,"1"
608.17619739903876,38626,299,1,"1"
628.82029429617569,38608,317,1,"1"
635.65454311559574,38588,337,2,"2"
637.13519353169113,38585,340,1,"1"
652.90954109158122,38567,358,1,"1"
665.39019051343212,38564,361,1,"1"
670.01143192616701,38553,372,1,"1"
678.96518221666884,38535,390,1,"1"
694.49060896730941,38517,408,1,"1"
696.83293649587301,38499,426,1,"1"
698.54188675661248,38496,429,1,"1"
706.32483636592087,38473,452,3,"2-1"
717.22854776331781,38455,470,1,"1"
730.50528719326303,38448,477,1,"1"
740.94327984490042,38430,495,1,"1"
753.15301879705805,38427,498,1,"1"
762.79794499139655,38399,526,2,"2"
777.79401219045144,38375,550,2,"1-1"
788.44284486638298,38360,565,1,"1"
789.90236866477233,38350,575,1,"1"
796.04348795807448,38314,611,2,"2"
809.36891254916736,38308,617,2,"2"
814.69084809727849,38290,635,1,"1"
823.55990441338247,38256,669,8,"6-1-1"
842.04753468649164,38253,672,1,"1"
846.42362751088967,38243,682,1,"1"
866.0323584039204,38240,685,1,"1"
887.46896545505024,38222,703,1,"1"
888.59417249630121,38204,721,1,"1"
892.4486900411772,38186,739,1,"1"
945.60777862886846,38168,757,1,"1"
950.33640944083095,38150,775,1,"1"
956.29101564162295,38140,785,1,"1"
959.1885452734648,38122,803,1,"1"
960.25488637470505,38104,821,1,"1"
963.72674108728984,38086,839,1,"1"
968.45950409634577,38068,857,1,"1"
977.02995704856414,38032,893,2,"1-1"
992.76042713679192,38018,907,1,"1"
995.60167462229197,38000,925,1,"1"
1012.4260685813175,37900,1025,7,"4-3"
1015.3215090819297,37882,1043,1,"1"
1017.5612595784602,37864,1061,1,"1"
1022.4592174782439,37846,1079,1,"1"
1031.0579499390817,37828,1097,1,"1"
1041.6730785769432,37816,1109,1,"1"
1072.2127187616238,37800,1125,4,"2-1-1"
1079.8819341346975,37782,1143,1,"1"
1082.8706069098018,37769,1156,1,"1"
1084.0030327571187,37671,1254,8,"3-2-2-1"
1089.7531064661498,37653,1272,1,"1"
1095.6550932103553,37635,1290,1,"1"
1096.0820790272151,37620,1305,1,"1"
1116.497688013186,37602,1323,1,"1"
1117.1096873192632,37566,1359,2,"2"
1126.5449475609412,37548,1377,1,"1"
1126.6467751144551,37462,1463,6,"4-2"
1129.571185369218,37444,1481,1,"1"
1132.2545811235952,37426,1499,1,"1"
1147.3995993773667,37421,1504,1,"1"
1155.3120109846873,37401,1524,2,"2"
1186.860510956393,37383,1542,1,"1"
1203.3037703175094,37365,1560,1,"1"
1205.0361153247256,37347,1578,1,"1"
1207.5569287601286,37329,1596,1,"1"
1216.1447455064997,37311,1614,1,"1"
1219.9978566086088,37293,1632,1,"1"
1237.8784213814818,37275,1650,1,"1"
1261.2253109657345,37237,1688,3,"2-1"
1262.0097595496834,37201,1724,2,"2"
1262.1908895332506,37147,1778,3,"2-1"
1262.6987627439419,37111,1814,2,"1-1"
1270.9471891660635,37093,1832,1,"1"
1273.2662232104967,37029,1896,5,"3-2"
1274.4023424965408,37011,1914,1,"1"
1285.0242024337831,36830,2095,20,"11-5-2-1-1"
1286.0890566624535,36808,2117,2,"2"
1288.3400249522945,36790,2135,1,"1"
1293.7440012404991,36754,2171,2,"2"
1299.4675870840554,36736,2189,1,"1"
1309.5245452341642,36725,2200,1,"1"
1313.2319257332827,36714,2211,1,"1"
1341.0224049694236,36696,2229,1,"1"
1341.8319639011768,36644,2281,3,"3"
1359.1602724141092,36634,2291,1,"1"
1375.4194746432597,36598,2327,2,"2"
1380.0755493433037,36575,2350,3,"3"
1382.3227609682924,36564,2361,1,"1"
1388.4148168497306,36484,2441,7,"3-2-1-1"
1393.8195532963998,36466,2459,1,"1"
1409.8330454255156,36451,2474,1,"1"
1412.0568704863347,36439,2486,1,"1"
1412.1199356785623,36421,2504,1,"1"
1434.5738459341605,36403,2522,1,"1"
1465.3398068735448,36345,2580,4,"3-1"
1470.1829944141341,36221,2704,8,"5-1-1-1"
1471.7325290166884,36203,2722,1,"1"
1478.7995585147603,36185,2740,1,"1"
1481.7910462750031,36149,2776,2,"1-1"
1482.1597876824994,35845,3080,26,"4-3-3-3-3-3-2-2-2-1"
1490.178723357207,35780,3145,4,"4"
1490.5093928394078,35712,3213,4,"4"
1495.0165821779613,35694,3231,1,"1"
1500.9287431914049,35676,3249,1,"1"
1518.1098434695518,35658,3267,1,"1"
1524.8671344919596,35640,3285,1,"1"
1530.0498201367241,35604,3321,2,"2"
1530.6926407565636,35595,3330,1,"1"
1556.0127508003784,0,38925,2000,"2000"
