f,num_active_particles,num_deleted_particles,total_deleted_rods,avalanche_sizes
0,38824,0,0,"0"
82.642397086333318,38806,18,1,"1"
123.40687697067226,38803,21,1,"1"
128.2509438090602,38802,22,1,"1"
177.80597966630779,38801,23,1,"1"
188.16595359290304,38800,24,1,"1"
207.49196328810834,38795,29,1,"1"
226.13075347966344,38794,30,1,"1"
254.00373845472959,38793,31,1,"1"
261.33281130189516,38792,32,1,"1"
286.61790751819098,38789,35,1,"1"
291.67579090903018,38777,47,1,"1"
309.6667594395534,38776,48,1,"1"
310.55834970715887,38775,49,1,"1"
330.75716604600728,38757,67,1,"1"
345.20600043233441,38739,85,1,"1"
350.66107400253452,38738,86,1,"1"
372.50014681958055,38737,87,1,"1"
403.69663970599873,38736,88,1,"1"
406.12810425595103,38724,100,1,"1"
412.14295668943288,38723,101,1,"1"
426.56200624376544,38719,105,4,"2-2"
426.82250324284456,38716,108,1,"1"
427.60198705392401,38710,114,2,"2"
432.07744856015364,38707,117,1,"1"
445.32526802021289,38704,120,1,"1"
446.21476396903591,38686,138,1,"1"
466.60858725109188,38685,139,1,"1"
490.33383159667949,38681,143,2,"1-1"
490.60963104504134,38672,152,1,"1"
512.70110634007006,38654,170,1,"1"
552.73044670916522,38636,188,1,"1"
572.1841193852689,38618,206,1,"1"
612.6300259882313,38613,211,1,"1"
647.04481210693416,38595,229,1,"1"
651.48542421680907,38589,235,2,"2"
663.65284009616198,38583,241,2,"2"
683.14932422532672,38571,253,1,"1"
692.11711014594414,38553,271,1,"1"
697.91660170493674,38536,288,1,"1"
723.44900569007871,38533,291,1,"1"
730.973866370427,38530,294,1,"1"
762.17756527893027,38527,297,1,"1"
769.29879540860929,38517,307,2,"1-1"
789.6346390205257,38510,314,1,"1"
846.76519852240392,38492,332,1,"1"
853.04321385851244,38489,335,1,"1"
899.17464802210327,38475,349,1,"1"
910.95124908320781,38441,383,2,"2"
925.67705853013069,38421,403,2,"1-1"
936.92892990565679,38409,415,1,"1"
940.44913660821658,38403,421,2,"1-1"
948.67402940270665,38393,431,1,"1"
949.45479041019632,38375,449,1,"1"
950.19751934733745,38349,475,2,"1-1"
950.20305356521351,38334,490,1,"1"
951.12323052166209,38306,518,2,"2"
962.49381726831234,38297,527,3,"3"
962.74457810566196,38294,530,1,"1"
965.54590910594129,38282,542,1,"1"
982.47978664856669,38251,573,5,"4-1"
986.94976577904868,38245,579,2,"2"
996.1457360923024,38227,597,1,"1"
1008.8641362690013,38198,626,5,"3-1-1"
1012.0369862909622,38180,644,1,"1"
1016.9424659052027,38170,654,1,"1"
1031.3496481993636,38152,672,1,"1"
1035.8281041594132,38120,704,2,"1-1"
1036.6613425532646,38102,722,1,"1"
1037.3708353779302,38084,740,1,"1"
1046.6506730712149,38066,758,1,"1"
1048.5978579099392,38048,776,1,"1"
1049.6051522891728,38030,794,1,"1"
1064.4380996559398,38012,812,1,"1"
1072.4768586094824,37970,854,3,"2-1"
1096.9339359238948,37942,882,2,"2"
1098.9686235950614,37939,885,1,"1"
1112.577106802152,37930,894,1,"1"
1125.7151280713244,37912,912,1,"1"
1137.8465402492575,37856,968,4,"2-1-1"
1144.4540930142384,37849,975,1,"1"
1161.7014527888543,37837,987,1,"1"
1162.9377656048061,37819,1005,1,"1"
1164.9322420090889,37801,1023,1,"1"
1167.5591336002578,37787,1037,1,"1"
1175.6421476828193,37780,1044,1,"1"
1176.717370910842,37766,1058,2,"2"
1181.90321989625,37754,1070,1,"1"
1197.6799459589158,37642,1182,8,"4-3-1"
1215.2714757749504,37628,1196,1,"1"
1225.684424856827,37610,1214,1,"1"
1230.4200968761886,37592,1232,1,"1"
1269.5978748892333,37576,1248,2,"2"
1284.8182264720215,37192,1632,28,"7-5-3-2-2-2-1-1-1-1-1-1-1"
1286.3383559997185,37174,1650,1,"1"
1294.6896522368484,37156,1668,1,"1"
1296.7828957533864,37141,1683,1,"1"
1308.5790125519791,37123,1701,1,"1"
1315.9316506283083,37105,1719,1,"1"
1316.6876038456887,37080,1744,3,"3"
1319.0359716044511,37044,1780,2,"2"
1348.1935695707766,37026,1798,1,"1"
1371.2730422551067,0,38824,2107,"2107"
----------------------------------------------1
0,38824,0,0,"0"
81.141482209687481,38823,1,1,"1"
109.60609348366812,38805,19,1,"1"
131.45348821196254,38787,37,1,"1"
131.757983819115,38786,38,1,"1"
167.79798115913891,38785,39,1,"1"
169.39528945284982,38784,40,1,"1"
176.09530325172182,38783,41,1,"1"
184.67769976278487,38782,42,1,"1"
189.51644525609882,38781,43,1,"1"
191.84041571635956,38763,61,1,"1"
219.84320305742261,38745,79,1,"1"
233.64550905998166,38740,84,1,"1"
274.28504271459144,38739,85,1,"1"
302.09688985357917,38738,86,1,"1"
317.89338136034388,38720,104,1,"1"
361.26663777380605,38702,122,1,"1"
362.8526484888846,38684,140,1,"1"
380.4456842290644,38666,158,1,"1"
384.06661248192808,38665,159,1,"1"
391.68080606216495,38647,177,1,"1"
410.15634812451742,38645,179,2,"2"
410.65530607323547,38643,181,2,"2"
416.45847554418094,38640,184,1,"1"
430.36828960118578,38639,185,1,"1"
454.16619006060677,38621,203,1,"1"
464.11016387466043,38603,221,1,"1"
471.17034776829928,38585,239,1,"1"
479.87186171084926,38567,257,1,"1"
485.79307812609267,38561,263,2,"1-1"
489.75630700903247,38560,264,1,"1"
497.2134479873601,38559,265,1,"1"
498.68018505151116,38541,283,1,"1"
518.46606147233331,38531,293,1,"1"
518.54410863665873,38513,311,1,"1"
521.22040068089109,38499,325,1,"1"
533.76568959037661,38496,328,1,"1"
539.693697449414,38478,346,1,"1"
544.62169479435283,38444,380,2,"2"
547.97694195986537,38441,383,1,"1"
573.20914555642617,38438,386,1,"1"
574.05407730046841,38435,389,1,"1"
633.53041320030513,38429,395,2,"2"
638.30303631106938,38426,398,1,"1"
638.53202294106904,38414,410,1,"1"
667.3280617894419,38396,428,1,"1"
671.0691613705792,38393,431,1,"1"
680.21036506795747,38386,438,1,"1"
698.19053756147832,38372,452,1,"1"
705.71203930553997,38351,473,3,"2-1"
715.70306977315499,38348,476,1,"1"
743.20179116811107,38336,488,2,"2"
752.16551996594956,38321,503,5,"3-1-1"
758.52078769360503,38303,521,1,"1"
773.01442322293201,38285,539,1,"1"
792.15964822353624,38279,545,2,"2"
797.92387849807017,38267,557,1,"1"
801.24104466589529,38249,575,1,"1"
808.26531531203671,38231,593,1,"1"
820.05174216843534,38213,611,1,"1"
839.61929250776132,38195,629,1,"1"
839.64096477257078,38177,647,1,"1"
854.93966571363228,38170,654,1,"1"
858.64059146861962,38152,672,1,"1"
861.5935312822445,38134,690,1,"1"
868.10023270936665,38116,708,1,"1"
877.78813325011299,38098,726,1,"1"
900.29399732457114,38086,738,4,"4"
910.31650667586291,38072,752,1,"1"
928.62693133179391,38054,770,1,"1"
938.44385732888145,38036,788,1,"1"
947.7627355147514,38014,810,2,"1-1"
991.0601222199374,37978,846,2,"2"
991.99825335676292,37960,864,1,"1"
993.31871493290873,37942,882,1,"1"
997.53198942770769,37939,885,1,"1"
1003.3978762583463,37932,892,1,"1"
1004.3068597073926,37914,910,1,"1"
1013.4980996905849,37896,928,1,"1"
1027.2480527161342,37878,946,1,"1"
1039.126033213681,37860,964,1,"1"
1039.3936295148485,37842,982,1,"1"
1046.1486557222349,37837,987,1,"1"
1046.5219190164307,37819,1005,1,"1"
1049.4645446367795,37801,1023,1,"1"
1052.8045521330571,37783,1041,1,"1"
1057.3187725311391,37769,1055,2,"2"
1060.556038246717,37755,1069,1,"1"
1063.3745730060389,37739,1085,2,"1-1"
1070.2879592748927,37721,1103,1,"1"
1072.9707315038163,37707,1117,1,"1"
1084.5856115149686,37689,1135,1,"1"
1085.9107709587906,37636,1188,6,"4-2"
1093.5509622032168,37526,1298,9,"4-2-1-1-1"
1095.2911725398587,37508,1316,1,"1"
1100.0755785657745,37490,1334,1,"1"
1104.0001604570539,37472,1352,1,"1"
1118.7867568594597,37454,1370,1,"1"
1121.1741143913418,37390,1434,4,"1-1-1-1"
1123.1961108473281,37372,1452,1,"1"
1149.8016786714447,37354,1470,1,"1"
1157.094121605187,37336,1488,1,"1"
1159.9687759646554,37324,1500,1,"1"
1161.7090897541757,37314,1510,1,"1"
1162.9530694616747,37302,1522,1,"1"
1162.9883893556359,37284,1540,1,"1"
1173.6100581403289,37272,1552,1,"1"
1186.0876144897427,37254,1570,1,"1"
1208.6007140047589,37236,1588,1,"1"
1218.0434677580322,37233,1591,1,"1"
1231.067028923404,37215,1609,1,"1"
1255.9921843047341,37161,1663,3,"1-1-1"
1256.3327159929986,37125,1699,2,"2"
1261.3876214841832,37113,1711,1,"1"
1283.3740350200499,37095,1729,1,"1"
1293.4269053859373,37077,1747,1,"1"
1296.1766448853007,37059,1765,1,"1"
1299.4470551161376,37041,1783,1,"1"
1304.3853553625436,37005,1819,2,"2"
1305.2222359664354,36940,1884,7,"6-1"
1309.2263066666585,36922,1902,1,"1"
1310.8136684306169,36919,1905,1,"1"
1314.9857987028604,36901,1923,1,"1"
1317.2935867802698,36892,1932,1,"1"
1323.3951106781712,36887,1937,1,"1"
1326.2657773929234,36869,1955,1,"1"
1339.715900361105,36851,1973,1,"1"
1346.8235768095569,36816,2008,5,"4-1"
1363.1470639537717,36798,2026,1,"1"
1370.3387106738521,36780,2044,1,"1"
1375.9482919939692,36726,2098,3,"2-1"
1397.0955102834621,36708,2116,1,"1"
1397.2522262993093,36672,2152,2,"2"
1397.5410878219081,36659,2165,1,"1"
1402.8111350609388,36645,2179,1,"1"
1416.3401171410683,36627,2197,1,"1"
1436.281551227685,36556,2268,9,"4-2-1-1-1"
1438.5326092135642,36538,2286,1,"1"
1447.1481120756621,36520,2304,1,"1"
1468.2487020628646,36502,2322,1,"1"
1473.4047281021064,36470,2354,4,"3-1"
1473.4406115431711,36452,2372,1,"1"
1474.4006089426393,36434,2390,1,"1"
1476.6597929468287,36294,2530,10,"3-2-2-2-1"
1485.6726479263723,36276,2548,1,"1"
1489.9965453361751,36222,2602,3,"2-1"
1498.9825085144553,36116,2708,8,"3-2-2-1"
1503.5597119407887,35972,2852,8,"6-2"
1509.7662467122288,35882,2942,5,"1-1-1-1-1"
1513.7723168258954,35846,2978,2,"2"
1524.8488542168398,35786,3038,5,"2-1-1-1"
1525.8429760696758,0,38824,2030,"2030"
----------------------------------------------2
0,38824,0,0,"0"
55.268996199305214,38806,18,1,"1"
114.81860386000058,38805,19,1,"1"
146.92095547345684,38804,20,1,"1"
151.3520915132309,38803,21,1,"1"
182.25748884628396,38802,22,1,"1"
186.09442892092261,38801,23,1,"1"
209.6434774564338,38800,24,1,"1"
215.74773121170753,38782,42,1,"1"
223.518084245789,38764,60,1,"1"
225.54430341500074,38763,61,1,"1"
252.46029577538209,38762,62,1,"1"
252.68391342812683,38755,69,1,"1"
254.60961018358643,38754,70,1,"1"
255.70731769717452,38736,88,1,"1"
257.83292843903206,38727,97,1,"1"
260.70076049835978,38709,115,1,"1"
261.16978976430613,38708,116,1,"1"
266.32710665140701,38707,117,1,"1"
280.19012164092902,38689,135,1,"1"
328.67164476023805,38688,136,1,"1"
406.57557607632208,38670,154,1,"1"
410.11456589551273,38667,157,1,"1"
435.28918982742368,38666,158,1,"1"
467.26199006114143,38665,159,1,"1"
467.53077084098226,38655,169,1,"1"
476.90784770406066,38637,187,1,"1"
487.93338687527216,38634,190,1,"1"
488.37319741303128,38631,193,1,"1"
502.97071338604724,38613,211,1,"1"
517.77058809413381,38610,214,1,"1"
521.06669111264364,38592,232,1,"1"
523.33529704226635,38590,234,2,"2"
523.83193450685349,38587,237,1,"1"
524.44347622551538,38569,255,1,"1"
524.93875165920565,38567,257,2,"2"
532.2251561550728,38549,275,1,"1"
532.8130696429231,38541,283,2,"2"
544.44352857341858,38536,288,1,"1"
553.05564685429158,38518,306,1,"1"
571.03580172255499,38515,309,1,"1"
576.87161642758224,38497,327,1,"1"
586.16667021452224,38479,345,1,"1"
588.86339291999013,38476,348,1,"1"
597.01961134157284,38458,366,1,"1"
598.42951145513894,38440,384,1,"1"
598.463965367431,38422,402,1,"1"
600.96747270032131,38386,438,2,"2"
607.77029307421208,38380,444,2,"2"
615.52614690218638,38362,462,1,"1"
621.83196097310758,38344,480,1,"1"
635.14699070797974,38341,483,1,"1"
636.8157066506667,38334,490,1,"1"
642.96142870046401,38314,510,2,"2"
649.19819988854965,38301,523,3,"3"
669.72882744560388,38283,541,1,"1"
670.49703526287908,38276,548,1,"1"
701.3510161202712,38258,566,1,"1"
710.19869909315378,38252,572,2,"1-1"
710.33004432058885,38235,589,1,"1"
715.82740895032271,38221,603,1,"1"
725.8636245476946,38211,613,1,"1"
757.80958178334981,38204,620,1,"1"
767.34609267484427,38201,623,1,"1"
767.76954522066853,38198,626,1,"1"
769.7487661508236,38182,642,1,"1"
806.39276078871637,38164,660,1,"1"
815.9814890672078,38157,667,1,"1"
888.11874736551056,38139,685,1,"1"
909.93446889437257,38121,703,1,"1"
924.15367385131401,38113,711,2,"1-1"
934.71667496878877,38095,729,1,"1"
939.06051485700823,38088,736,1,"1"
943.43029250445773,38073,751,5,"2-2-1"
944.29206973253974,38055,769,1,"1"
948.00086133441175,38045,779,1,"1"
953.5291566474184,38040,784,1,"1"
959.24012858302945,38030,794,1,"1"
972.79765844357269,38018,806,4,"4"
995.4813367129118,37999,825,3,"2-1"
1034.5049456699119,37981,843,1,"1"
1040.7223204024251,37963,861,1,"1"
1042.3654206767228,37945,879,1,"1"
1051.620143317625,37935,889,1,"1"
1055.71578198565,37917,907,1,"1"
1061.8857784299951,37906,918,1,"1"
1062.2007437757998,37888,936,1,"1"
1065.124754132132,37857,967,5,"4-1"
1069.6181629347896,37846,978,1,"1"
1069.7752707106074,37839,985,1,"1"
1080.3091274007968,37821,1003,1,"1"
1083.062288870213,37785,1039,2,"2"
1088.7768735725044,37737,1087,3,"3"
1133.5350858486236,37720,1104,1,"1"
1144.691173986517,37702,1122,1,"1"
1151.4269958397986,37684,1140,1,"1"
1152.6612471257997,37666,1158,1,"1"
1152.9071762503725,37648,1176,1,"1"
1161.618072263828,37641,1183,1,"1"
1163.9608081274257,37619,1205,2,"2"
1165.8117147352614,37609,1215,1,"1"
1178.9409992851636,37591,1233,1,"1"
1187.7236205511324,37573,1251,1,"1"
1192.5709118573445,37555,1269,1,"1"
1198.2213500830107,37537,1287,1,"1"
1198.9802758378278,37519,1305,1,"1"
1200.8112198677045,37504,1320,1,"1"
1201.0803623560778,37486,1338,1,"1"
1212.549567750473,37468,1356,1,"1"
1217.5752298682894,37458,1366,1,"1"
1228.3861819544372,37426,1398,2,"2"
1230.3577321865976,37408,1416,1,"1"
1233.9328083433504,37390,1434,1,"1"
1236.499610525269,37354,1470,2,"2"
1254.6643939767848,37342,1482,1,"1"
1262.9904511995417,37324,1500,1,"1"
1265.9768390185275,37310,1514,2,"2"
1285.7152994097769,37292,1532,1,"1"
1291.9245428034324,37283,1541,1,"1"
1305.5247354387955,37278,1546,1,"1"
1306.9329310934318,37260,1564,1,"1"
1310.1372777053562,37246,1578,1,"1"
1318.5237765145955,37232,1592,2,"2"
1320.8180281899959,37218,1606,1,"1"
1356.2664350393823,37053,1771,15,"10-3-1-1"
1361.2682582274099,37017,1807,3,"2-1"
1374.2112310979535,37010,1814,1,"1"
1376.3611236171093,36957,1867,4,"3-1"
1377.0021018804548,36921,1903,2,"2"
1380.8863730941066,36869,1955,4,"2-1-1"
1381.4319125068384,36862,1962,1,"1"
1381.7487487282453,36853,1971,1,"1"
1392.1965664984702,36817,2007,2,"1-1"
1393.3661277444264,36799,2025,1,"1"
1410.1793636904047,36787,2037,1,"1"
1410.886202459993,36773,2051,1,"1"
1413.8449954356154,36719,2105,3,"3"
1417.9448787651531,36701,2123,1,"1"
1427.8111994800254,36665,2159,2,"1-1"
1435.3670490616296,36655,2169,1,"1"
1454.0345296954374,36410,2414,26,"6-4-3-3-3-2-2-1-1-1"
1462.6069787658814,36398,2426,1,"1"
1463.0101460622395,36380,2444,1,"1"
1478.8345911525059,36362,2462,1,"1"
1480.3499142003259,36344,2480,1,"1"
1482.7866883238412,36264,2560,6,"2-2-2"
1485.6258550117477,36246,2578,1,"1"
1501.3614487994705,36228,2596,1,"1"
1504.74785123841,36210,2614,1,"1"
1517.2558263746726,36192,2632,1,"1"
1518.8611008944099,36108,2716,7,"4-1-1-1"
1519.1981613938794,36090,2734,1,"1"
1521.0412275236263,36054,2770,2,"1-1"
1533.362728117088,36036,2788,1,"1"
1536.9972453283199,36018,2806,1,"1"
1545.3443318858324,35762,3062,17,"4-2-2-2-2-1-1-1-1-1"
1546.3234200178224,35690,3134,4,"2-1-1"
1546.4527839299105,35678,3146,1,"1"
1555.0089340133468,35660,3164,1,"1"
1555.9125786386412,35642,3182,1,"1"
1562.47645733174,35609,3215,2,"2"
1563.6684432897741,35591,3233,1,"1"
1568.4414041895004,35573,3251,1,"1"
1578.6420038000583,35555,3269,1,"1"
1582.2159866327197,35537,3287,1,"1"
1584.903473749484,35509,3315,2,"1-1"
1593.4182030616723,0,38824,1997,"1997"
----------------------------------------------3
0,38824,0,0,"0"
63.825459861474947,38808,16,1,"1"
119.01910049864274,38807,17,1,"1"
152.61829527210816,38801,23,2,"2"
164.77651202512803,38800,24,1,"1"
192.00939119277353,38799,25,1,"1"
193.66262258768973,38797,27,2,"2"
204.46306162106805,38796,28,1,"1"
213.01903373408769,38795,29,1,"1"
266.11606126604607,38788,36,1,"1"
282.28913053455807,38770,54,1,"1"
287.96483749689861,38769,55,1,"1"
309.71443771800477,38768,56,1,"1"
353.35428612680056,38765,59,1,"1"
387.64524278853128,38763,61,2,"2"
407.14500624248154,38762,62,1,"1"
412.71006101467094,38744,80,1,"1"
423.58939478715797,38743,81,1,"1"
444.27306641514213,38742,82,1,"1"
453.81515000507517,38741,83,1,"1"
455.31434405306737,38723,101,1,"1"
455.92380273430638,38722,102,1,"1"
462.16118543939996,38704,120,1,"1"
465.29397612109744,38697,127,1,"1"
470.64378586007672,38694,130,1,"1"
491.72434496379009,38691,133,1,"1"
497.26649977544372,38690,134,1,"1"
513.72593094145975,38681,143,1,"1"
531.35855547537381,38663,161,1,"1"
532.24405149553547,38660,164,1,"1"
537.90691964110579,38642,182,1,"1"
541.90140567478682,38636,188,2,"1-1"
544.85501391796174,38633,191,1,"1"
554.47734682879366,38615,209,1,"1"
556.60998955918558,38597,227,1,"1"
590.39621824327094,38594,230,1,"1"
608.32321540840655,38585,239,1,"1"
634.60533304949615,38579,245,2,"2"
640.04841109718598,38561,263,1,"1"
647.81727442832357,38527,297,2,"2"
663.78867774194748,38509,315,1,"1"
672.2182084859146,38503,321,2,"2"
678.56202079065451,38487,337,4,"4"
689.19186112813088,38484,340,1,"1"
695.66942580544935,38481,343,1,"1"
696.51366666111528,38445,379,2,"1-1"
698.12670342493902,38427,397,1,"1"
716.13986400211434,38415,409,1,"1"
716.53748653091975,38412,412,1,"1"
744.30726308158023,38394,430,1,"1"
759.42782147287232,38376,448,1,"1"
786.0838461848407,38365,459,1,"1"
802.67479587705839,38347,477,1,"1"
806.46738708476664,38311,513,2,"1-1"
822.7314823379229,38293,531,1,"1"
823.42875467512476,38275,549,1,"1"
843.3405516806946,38251,573,2,"2"
850.25931119668576,38242,582,1,"1"
852.9664432204379,38230,594,4,"2-1-1"
853.50284097339068,38227,597,1,"1"
858.06229852857689,38209,615,1,"1"
862.39431650334211,38191,633,1,"1"
902.78743220204751,38188,636,1,"1"
904.59059850951792,38170,654,1,"1"
907.70586237997372,38167,657,1,"1"
908.08029931532349,38149,675,1,"1"
938.55776520684651,38140,684,1,"1"
1007.5076334986289,38114,710,4,"1-1-1-1"
1012.6415778683532,38096,728,1,"1"
1021.7733745707687,38078,746,1,"1"
1023.2831493168289,38073,751,1,"1"
1025.98950716645,38048,776,3,"2-1"
1040.9710272537402,38015,809,5,"3-1-1"
1048.1131772493793,37997,827,1,"1"
1051.6957856934407,37979,845,1,"1"
1054.7775667419755,37961,863,1,"1"
1060.3240216265465,37943,881,1,"1"
1064.8462030844141,37925,899,1,"1"
1080.8022935464176,37920,904,1,"1"
1087.5264990637581,37892,932,4,"4"
1094.3450054773887,37874,950,1,"1"
1099.8054103740405,37860,964,2,"2"
1108.2585046330767,37842,982,1,"1"
1112.3838772107938,37824,1000,1,"1"
1119.9023446112544,37812,1012,1,"1"
1134.5065425195351,37802,1022,1,"1"
1135.5490590428353,37797,1027,1,"1"
1140.6744058053757,37794,1030,1,"1"
1146.9835782954788,37784,1040,1,"1"
1153.1780040617559,37766,1058,1,"1"
1166.5291136349122,37702,1122,5,"2-2-1"
1178.4894813223668,37684,1140,1,"1"
1196.0390231109486,37675,1149,1,"1"
1201.3561108784972,37657,1167,1,"1"
1205.7804099632585,37645,1179,1,"1"
1216.9408659718433,37640,1184,1,"1"
1229.2717486300196,37568,1256,4,"2-2"
1229.4379997022195,37518,1306,3,"3"
1239.3219681143485,37500,1324,1,"1"
1239.4038673338814,37495,1329,1,"1"
1245.3224748328205,37469,1355,2,"1-1"
1248.5332226793403,37459,1365,1,"1"
1253.664528666136,37429,1395,2,"2"
1264.2112450763166,37411,1413,1,"1"
1271.5164338576981,37393,1431,1,"1"
1289.1292522932299,37375,1449,1,"1"
1299.0854654340715,37357,1467,1,"1"
1301.9564628015214,37339,1485,1,"1"
1305.0723912215703,37285,1539,3,"1-1-1"
1327.4156718254221,37267,1557,1,"1"
1335.103825479576,37255,1569,1,"1"
1344.5169690091363,37237,1587,1,"1"
1349.9837972005153,37219,1605,1,"1"
1351.8853728042257,37183,1641,2,"2"
1356.1015634346277,37099,1725,7,"3-2-1-1"
1359.2711192788222,37073,1751,4,"2-1-1"
1369.8629361158582,37055,1769,1,"1"
1370.9449979033025,37037,1787,1,"1"
1373.6201431091818,36992,1832,5,"2-1-1-1"
1381.2382878025944,36961,1863,3,"2-1"
1383.1801713782202,36943,1881,1,"1"
1402.5334970589697,36925,1899,1,"1"
1405.8002778231216,36913,1911,2,"1-1"
1408.752843891629,36877,1947,3,"2-1"
1420.9184459771702,36843,1981,3,"2-1"
1428.1502049128662,36829,1995,1,"1"
1431.713337078678,36771,2053,4,"2-2"
1434.8802865054179,36737,2087,2,"2"
1438.5458334585664,36730,2094,1,"1"
1440.9263404755045,36683,2141,5,"2-2-1"
1456.5931848376238,36619,2205,4,"2-1-1"
1458.1576951017655,36589,2235,2,"1-1"
1462.2102125898869,36571,2253,1,"1"
1463.4663324492296,36553,2271,1,"1"
1470.5549928606465,36535,2289,1,"1"
1480.9108570849683,36497,2327,3,"2-1"
1483.0653682165566,36341,2483,14,"5-3-3-1-1-1"
1484.3944091288472,36141,2683,13,"6-3-1-1-1-1"
1490.9921679549568,36131,2693,1,"1"
1500.2267914132349,36124,2700,1,"1"
1506.9042805444708,0,38824,2037,"2037"
----------------------------------------------4
0,38824,0,0,"0"
9.0899476195215012,38823,1,1,"1"
55.474383658551808,38822,2,1,"1"
68.151026476679476,38821,3,1,"1"
92.968519686413202,38818,6,1,"1"
155.66572019404657,38817,7,1,"1"
197.60855507042848,38816,8,1,"1"
198.56787572917068,38815,9,1,"1"
225.31013892583627,38797,27,1,"1"
234.74799205070974,38779,45,1,"1"
246.07356333004219,38776,48,1,"1"
269.47764924048323,38775,49,1,"1"
285.82556309230131,38774,50,1,"1"
300.11161490463286,38773,51,1,"1"
313.56394685508087,38770,54,1,"1"
326.51216698944421,38768,56,2,"1-1"
342.10398159964802,38750,74,1,"1"
359.71949978124655,38745,79,1,"1"
376.17158966900331,38744,80,1,"1"
396.15306941841141,38733,91,1,"1"
405.40088454350189,38732,92,1,"1"
411.69661502660176,38726,98,2,"2"
416.83963889130354,38725,99,1,"1"
420.21712051927915,38724,100,1,"1"
450.85830719883347,38721,103,1,"1"
456.73458361223527,38719,105,2,"2"
461.30099056316351,38718,106,1,"1"
481.57082199273924,38700,124,1,"1"
503.90561213743462,38682,142,1,"1"
521.38712188382601,38679,145,1,"1"
523.61667181064945,38667,157,2,"2"
548.58799887518387,38639,185,2,"2"
559.36982891254706,38621,203,1,"1"
570.41926230605122,38603,221,1,"1"
586.53109160192776,38600,224,1,"1"
588.4777862302908,38593,231,1,"1"
596.80807829061371,38590,234,1,"1"
605.23126591041591,38577,247,3,"2-1"
640.8630853061984,38565,259,1,"1"
642.36011340618506,38562,262,1,"1"
658.63446543271391,38544,280,1,"1"
679.96127040112651,38532,292,1,"1"
689.10417933644101,38514,310,1,"1"
691.69470088063599,38511,313,1,"1"
723.43779405479518,38487,337,2,"2"
749.39276166446018,38467,357,2,"1-1"
755.14266228390784,38449,375,1,"1"
757.48526127907689,38438,386,1,"1"
765.88477853406698,38420,404,1,"1"
778.20009934411314,38404,420,1,"1"
810.42654967745261,38386,438,1,"1"
829.12080214571131,38377,447,3,"2-1"
830.09151901312657,38365,459,1,"1"
838.00551698988772,38347,477,1,"1"
842.20482949123505,38341,483,2,"2"
863.5383349400114,38338,486,1,"1"
865.46855163258374,38320,504,1,"1"
865.60347852858058,38302,522,1,"1"
872.47284467534291,38284,540,1,"1"
876.14152416792263,38242,582,3,"2-1"
876.88788545438331,38224,600,1,"1"
886.93434841126782,38206,618,1,"1"
903.10953609214289,38188,636,1,"1"
916.81125046963757,38170,654,1,"1"
927.92788643629933,38161,663,1,"1"
936.48944448108909,38125,699,2,"1-1"
938.65999605834543,38122,702,1,"1"
943.91370240076992,38104,720,1,"1"
964.26951634448938,38088,736,1,"1"
968.56462828039025,38070,754,1,"1"
972.59929620551156,38067,757,1,"1"
973.01904840247835,38057,767,1,"1"
981.43790124600696,38045,779,1,"1"
987.78025698603153,38009,815,2,"1-1"
988.48251078609576,37991,833,1,"1"
1002.4141828878303,37973,851,1,"1"
1006.4421684209057,37955,869,1,"1"
1016.0094491978397,37939,885,1,"1"
1016.8005236646738,37921,903,1,"1"
1017.0509627276159,37903,921,1,"1"
1017.6140364932072,37885,939,1,"1"
1031.5901217856804,37877,947,2,"1-1"
1032.7043045670689,37826,998,7,"3-1-1-1-1"
1054.1276671652063,37815,1009,1,"1"
1068.5752408359315,37797,1027,1,"1"
1072.342157679919,37785,1039,1,"1"
1077.308415308855,37767,1057,1,"1"
1077.5870387026209,37760,1064,1,"1"
1091.506090377984,37742,1082,1,"1"
1096.4903938551847,37735,1089,1,"1"
1098.7138307490172,37717,1107,1,"1"
1109.1128188887644,37712,1112,1,"1"
1109.6868393765865,37702,1122,1,"1"
1118.3129060531842,37684,1140,1,"1"
1120.7304929149348,37666,1158,1,"1"
1131.1055087257403,37648,1176,1,"1"
1134.8737634328527,37630,1194,1,"1"
1140.852863975251,37612,1212,1,"1"
1147.3336060086101,37594,1230,1,"1"
1150.1667366319725,37576,1248,1,"1"
1154.3466026332976,37552,1272,2,"2"
1162.9153045743569,37528,1296,2,"2"
1167.9883026703742,37522,1302,2,"1-1"
1168.3511311357438,37504,1320,1,"1"
1181.1355263143205,37494,1330,1,"1"
1182.8316045440708,37476,1348,1,"1"
1184.8132596601527,37458,1366,1,"1"
1195.3410316730219,37440,1384,1,"1"
1199.4568242490402,37422,1402,1,"1"
1202.2681882299285,37404,1420,1,"1"
1206.4309194938996,37358,1466,3,"2-1"
1207.9428686983547,37348,1476,1,"1"
1210.6087538510656,37312,1512,2,"2"
1215.6233319643677,37284,1540,4,"4"
1215.7530676623417,37248,1576,2,"2"
1234.4965838462149,37230,1594,1,"1"
1234.6712961819346,37216,1608,2,"2"
1243.639871853436,37194,1630,4,"3-1"
1248.716499396523,37176,1648,1,"1"
1251.2070052298961,37147,1677,3,"1-1-1"
1275.4079117712354,37128,1696,3,"3"
1276.6275669873444,37110,1714,1,"1"
1281.6235163810209,37092,1732,1,"1"
1297.4690352814578,37074,1750,1,"1"
1307.1930786892597,37049,1775,3,"3"
1313.8558451480405,37031,1793,1,"1"
1319.5029234051176,37015,1809,1,"1"
1322.8941550469656,37001,1823,2,"2"
1327.2651237734492,36965,1859,2,"1-1"
1336.8961331353189,36960,1864,1,"1"
1338.2940718294637,36942,1882,1,"1"
1362.5753218395764,36924,1900,1,"1"
1369.1697407607551,36906,1918,1,"1"
1378.7811445820432,36888,1936,1,"1"
1381.9552652891698,36876,1948,2,"2"
1400.3016729344331,36858,1966,1,"1"
1402.0912299552003,36796,2028,5,"3-2"
1406.0054706769411,36778,2046,1,"1"
1407.4421496437694,36764,2060,1,"1"
1408.1595624316212,36620,2204,11,"8-2-1"
1411.2300803053615,36523,2301,9,"2-2-2-1-1-1"
1411.8717686890959,36516,2308,1,"1"
1411.890836558593,36504,2320,1,"1"
1411.8951279529592,36476,2348,4,"2-1-1"
1427.8021061951836,36458,2366,1,"1"
1427.9256181263991,36440,2384,1,"1"
1434.9048882265515,36431,2393,1,"1"
1439.1452543678599,36187,2637,16,"7-3-2-1-1-1-1"
1443.6311123752296,36151,2673,2,"1-1"
1443.8940827980193,36133,2691,1,"1"
1446.4170828578599,36103,2721,2,"1-1"
1449.6557845347486,0,38824,2040,"2040"
----------------------------------------------5
0,38824,0,0,"0"
16.927302643741999,38821,3,1,"1"
65.753724295593685,38820,4,1,"1"
108.5169973821768,38819,5,1,"1"
110.2660477424503,38801,23,1,"1"
123.51698320536912,38800,24,1,"1"
177.43650103276059,38799,25,1,"1"
207.72623984820621,38798,26,1,"1"
208.32645805008246,38795,29,1,"1"
212.66685785197069,38777,47,1,"1"
222.34312414614692,38776,48,1,"1"
232.8932847410577,38775,49,1,"1"
241.67061457290217,38757,67,1,"1"
249.00510249277133,38756,68,1,"1"
261.66756847424011,38738,86,1,"1"
265.61127344562442,38737,87,1,"1"
272.92401683951744,38736,88,1,"1"
281.66609475125028,38727,97,1,"1"
288.61543146573695,38717,107,2,"2"
330.32587472117069,38716,108,1,"1"
343.05211705413063,38713,111,1,"1"
345.88175831413309,38695,129,1,"1"
349.29621435176648,38694,130,1,"1"
378.95281863521876,38693,131,1,"1"
396.05030318027923,38688,136,1,"1"
408.62339213137551,38679,145,1,"1"
413.94921669545914,38678,146,1,"1"
415.69466288296547,38677,147,1,"1"
459.26739584910575,38659,165,1,"1"
473.85294603730091,38643,181,1,"1"
478.88882985104868,38625,199,1,"1"
494.21512014895973,38616,208,1,"1"
496.61540303160814,38615,209,1,"1"
497.05116013018835,38613,211,2,"1-1"
505.75993951807641,38610,214,1,"1"
507.42645585999685,38598,226,1,"1"
510.09755972746632,38580,244,1,"1"
520.97987759553871,38571,253,1,"1"
534.48180544489401,38557,267,2,"2"
536.74488355548078,38546,278,3,"2-1"
538.97565377483068,38528,296,1,"1"
541.17045190970407,38516,308,1,"1"
555.37658071457656,38499,325,3,"3"
651.11683892544022,38493,331,2,"2"
675.81460616791344,38475,349,1,"1"
684.91512893423692,38459,365,2,"2"
688.51483672956851,38456,368,1,"1"
705.75745781660055,38451,373,1,"1"
709.06105955427279,38430,394,3,"3"
739.10018589027675,38394,430,2,"2"
744.20147590329964,38391,433,1,"1"
759.73510807470211,38373,451,1,"1"
768.65725828428242,38355,469,1,"1"
776.94569432389085,38346,478,1,"1"
809.24161630005699,38343,481,1,"1"
815.81966981413245,38325,499,1,"1"
816.67239734106795,38319,505,2,"2"
825.16560515384708,38310,514,3,"2-1"
835.70791356147436,38292,532,1,"1"
841.52165435209417,38287,537,1,"1"
844.7341591637221,38281,543,2,"2"
856.85864066731392,38263,561,1,"1"
857.78483341757772,38249,575,4,"2-1-1"
875.70122953890962,38246,578,1,"1"
883.31430389047034,38234,590,1,"1"
886.43692109168717,38216,608,1,"1"
895.22784365921859,38210,614,2,"2"
918.16343794274326,38186,638,2,"1-1"
932.09498024069478,38168,656,1,"1"
932.09866937116703,38165,659,1,"1"
947.24228437400677,38153,671,1,"1"
963.00612119297887,38135,689,1,"1"
965.76254293292902,38117,707,1,"1"
967.9058666850882,38101,723,1,"1"
997.12007760980543,38094,730,1,"1"
1017.3813039681869,38076,748,1,"1"
1018.7596576402333,38042,782,2,"2"
1040.2055183587697,38030,794,1,"1"
1061.604750307398,38016,808,2,"2"
1090.4305085402254,38005,819,1,"1"
1094.4783643173039,37995,829,1,"1"
1109.8685234883865,37977,847,1,"1"
1120.6758854194625,37959,865,2,"1-1"
1140.9531621997605,37941,883,1,"1"
1144.8085229492774,37923,901,1,"1"
1146.0811188643784,37905,919,1,"1"
1157.4469009375573,37861,963,3,"1-1-1"
1174.5456559781423,37843,981,1,"1"
1194.0381937577542,37825,999,1,"1"
1199.4090997090063,37807,1017,1,"1"
1223.5140998898194,37789,1035,1,"1"
1223.7625035310418,37771,1053,1,"1"
1224.6843421264416,37736,1088,5,"5"
1225.1738726763947,37733,1091,1,"1"
1225.862995340668,37661,1163,6,"3-1-1-1"
1227.171256318233,37649,1175,2,"1-1"
1245.7357491661426,37631,1193,1,"1"
1245.9880013487455,37555,1269,5,"2-2-1"
1249.310465934218,37537,1287,1,"1"
1255.4800040762077,37519,1305,1,"1"
1265.3597930312824,37501,1323,1,"1"
1268.3875316936121,37483,1341,1,"1"
1269.845398122681,37465,1359,1,"1"
1272.8363685086147,37447,1377,1,"1"
1278.7338409321517,37389,1435,5,"3-1-1"
1279.9271544470098,37353,1471,2,"1-1"
1285.6044168128783,37320,1504,5,"3-2"
1291.8789412779656,37315,1509,1,"1"
1295.2734069363987,37308,1516,1,"1"
1295.6877639637451,37299,1525,1,"1"
1297.3888446347071,37289,1535,1,"1"
1301.4387141365739,37271,1553,1,"1"
1307.1304681498516,37253,1571,1,"1"
1322.5635710806889,37235,1589,1,"1"
1324.2278558349744,37123,1701,10,"2-2-2-1-1-1-1"
1328.1340409269469,37116,1708,1,"1"
1331.7169233954751,37098,1726,1,"1"
1335.1883432456571,37087,1737,1,"1"
1338.6711507228963,36964,1860,12,"5-1-1-1-1-1-1-1"
1341.2545279108213,36932,1892,4,"2-1-1"
1345.6138899419368,36925,1899,1,"1"
1352.4564595317834,36907,1917,1,"1"
1355.1905884971006,36889,1935,1,"1"
1355.8334729412438,36871,1953,1,"1"
1359.96288346244,36859,1965,1,"1"
1363.9463080987871,36823,2001,2,"2"
1364.6424125590879,36805,2019,1,"1"
1370.6058593689365,36787,2037,1,"1"
1375.5504383982554,36451,2373,28,"6-5-3-3-3-2-1-1-1-1-1-1"
1378.9885666607724,36415,2409,2,"2"
1390.3895428101082,36171,2653,18,"7-5-2-1-1-1-1"
1404.4855507558864,36156,2668,1,"1"
1406.9831286795682,36138,2686,1,"1"
1421.836043433874,36102,2722,2,"2"
1423.8410619964081,36084,2740,1,"1"
1438.9373979046084,36048,2776,2,"2"
1439.6691231649218,36030,2794,1,"1"
1441.3660989842606,35948,2876,5,"2-2-1"
1450.3561342661974,35930,2894,1,"1"
1450.6482393237625,35876,2948,3,"2-1"
1450.9746701649547,35858,2966,1,"1"
1451.5502379361217,35840,2984,1,"1"
1454.7523619492106,35750,3074,7,"4-2-1"
1460.9918948828458,35714,3110,2,"1-1"
1462.7417500310007,35699,3125,1,"1"
1463.7808461387281,35684,3140,1,"1"
1467.7695865310125,35666,3158,1,"1"
1474.8689190295208,35648,3176,1,"1"
1476.8570274080589,35615,3209,2,"1-1"
1489.8122016317755,0,38824,1996,"1996"
----------------------------------------------6
0,38824,0,0,"0"
62.714672505849144,38823,1,1,"1"
91.187378385306559,38822,2,1,"1"
124.35718101396976,38804,20,1,"1"
131.34677124538567,38803,21,1,"1"
133.59914006289245,38802,22,1,"1"
152.53998301597534,38801,23,1,"1"
162.81527369921514,38783,41,1,"1"
175.77504051938817,38782,42,1,"1"
248.39625618069027,38764,60,1,"1"
249.54807981405347,38746,78,1,"1"
270.00775753662828,38745,79,1,"1"
303.62147909399357,38742,82,1,"1"
316.83556134261676,38741,83,1,"1"
338.20309235929653,38734,90,1,"1"
358.34213696375195,38716,108,1,"1"
365.71085408250178,38715,109,1,"1"
373.67651639845809,38697,127,1,"1"
374.53260141042642,38694,130,1,"1"
387.14733982146208,38676,148,1,"1"
391.04243475075799,38669,155,1,"1"
401.10015543515908,38664,160,3,"2-1"
410.04963127059597,38646,178,1,"1"
417.59412178614332,38644,180,2,"2"
421.90027089621469,38643,181,1,"1"
485.20974566050847,38632,192,5,"2-2-1"
518.59875451731239,38614,210,1,"1"
525.25301370542741,38596,228,1,"1"
527.15527040032771,38595,229,1,"1"
528.66987703658617,38586,238,1,"1"
528.81783416711778,38583,241,1,"1"
530.58098994306988,38580,244,1,"1"
555.07176944363982,38562,262,1,"1"
562.34362970410768,38559,265,1,"1"
596.84363120570026,38541,283,1,"1"
603.10099963758864,38538,286,1,"1"
613.38336633595031,38533,291,1,"1"
644.51204386685049,38524,300,1,"1"
656.13929252034814,38506,318,1,"1"
699.51156091341556,38499,325,1,"1"
725.14738703660498,38493,331,2,"2"
741.13404782462749,38475,349,1,"1"
743.37393852098023,38472,352,1,"1"
755.76984785665911,38465,359,1,"1"
762.42669972752844,38447,377,1,"1"
768.2420025309234,38429,395,1,"1"
773.49629493825887,38411,413,1,"1"
780.75022461207811,38393,431,1,"1"
783.65026845957141,38390,434,1,"1"
791.09570004567638,38380,444,1,"1"
792.58524528957116,38362,462,1,"1"
794.7742697835406,38357,467,1,"1"
815.27224999575412,38339,485,1,"1"
818.89454513422254,38315,509,2,"1-1"
819.47401682969644,38297,527,1,"1"
832.70660771196879,38275,549,2,"1-1"
839.03513755742733,38272,552,1,"1"
843.116104087964,38260,564,1,"1"
844.80933743002959,38254,570,2,"2"
851.01572423389996,38236,588,1,"1"
851.64130439727649,38203,621,5,"3-1-1"
859.27662308582944,38185,639,1,"1"
860.42826290811411,38167,657,1,"1"
866.97321096569897,38157,667,2,"2"
881.11691841305446,38139,685,1,"1"
885.77086495848494,38134,690,1,"1"
886.2780162003022,38116,708,1,"1"
890.41201680506424,38098,726,1,"1"
890.73379995101845,38087,737,1,"1"
897.72644287168032,38084,740,1,"1"
918.56129129623866,38081,743,1,"1"
924.37796596695102,38052,772,7,"6-1"
935.50484790875043,38036,788,1,"1"
937.14464173983981,38031,793,1,"1"
937.49897064361937,38017,807,2,"2"
939.11815175731851,38004,820,1,"1"
949.72100434547417,37968,856,2,"1-1"
965.93814438939376,37950,874,1,"1"
975.2356359180252,37932,892,1,"1"
977.69699115092874,37914,910,1,"1"
985.52957531507036,37900,924,2,"2"
994.1479336172423,37860,964,3,"2-1"
1013.5022431522125,37846,978,2,"2"
1032.7023038356811,37841,983,1,"1"
1033.4994872975976,37829,995,1,"1"
1042.3876475067059,37811,1013,1,"1"
1043.0282010809151,37773,1051,3,"2-1"
1044.2328114512088,37761,1063,2,"1-1"
1047.5015526256379,37743,1081,1,"1"
1055.8525181566242,37725,1099,1,"1"
1064.5515093673434,37707,1117,1,"1"
1073.8779645594402,37681,1143,4,"3-1"
1075.7761360185771,37663,1161,1,"1"
1093.833891298842,37657,1167,2,"2"
1094.3979157918463,37652,1172,1,"1"
1099.5143382680153,37634,1190,1,"1"
1112.6949432385966,37631,1193,1,"1"
1114.9835144112919,37613,1211,1,"1"
1120.546390091919,37589,1235,2,"2"
1122.0090389385523,37573,1251,1,"1"
1125.2191416475573,37555,1269,1,"1"
1138.076954840076,37543,1281,1,"1"
1146.0877623008678,37525,1299,1,"1"
1181.73011993058,37477,1347,3,"3"
1187.25096725298,37459,1365,1,"1"
1193.7108904680031,37441,1383,1,"1"
1195.5848023915348,37425,1399,1,"1"
1196.1174405956995,37407,1417,1,"1"
1199.8283882428689,37371,1453,2,"2"
1234.1897412038818,37364,1460,1,"1"
1240.0500214536951,37346,1478,1,"1"
1246.3704599550708,37190,1634,10,"2-2-2-2-1-1"
1248.1116743593761,37118,1706,4,"4"
1256.1461410088446,37100,1724,1,"1"
1258.1800251421148,37064,1760,2,"2"
1278.9015799203219,37046,1778,1,"1"
1281.9602894851359,37010,1814,2,"1-1"
1282.3561838649109,36996,1828,1,"1"
1285.1588577745285,36969,1855,3,"3"
1289.8038411112425,36962,1862,1,"1"
1295.3445147115146,36952,1872,1,"1"
1304.1090662816305,36930,1894,2,"2"
1306.5647761996611,36923,1901,1,"1"
1318.1549296910919,36905,1919,1,"1"
1319.8715888073095,36887,1937,1,"1"
1328.5494718688033,36877,1947,1,"1"
1334.6726004284735,36859,1965,1,"1"
1340.8871924377308,36850,1974,1,"1"
1353.4371745167343,36832,1992,1,"1"
1370.6270509911335,36814,2010,1,"1"
1398.3649912625369,36796,2028,1,"1"
1404.8874959884397,36778,2046,1,"1"
1411.4477504721788,36760,2064,1,"1"
1421.5954663422278,36742,2082,1,"1"
1425.9550944344194,36724,2100,1,"1"
1427.4774409096051,36713,2111,1,"1"
1432.079326638041,36695,2129,1,"1"
1433.9546919598936,36677,2147,1,"1"
1434.7568739944534,36659,2165,1,"1"
1437.4586956314042,36641,2183,1,"1"
1439.3906630802649,36623,2201,1,"1"
1442.6670849885613,36609,2215,1,"1"
1456.5090102025017,36591,2233,1,"1"
1457.6207744830162,36573,2251,1,"1"
1465.3802978286417,36555,2269,1,"1"
1471.9646915592384,36519,2305,2,"1-1"
1493.476216317144,36501,2323,1,"1"
1494.1561797730128,0,38824,2075,"2075"
----------------------------------------------7
0,38824,0,0,"0"
40.899584764691234,38823,1,1,"1"
71.519867681397258,38805,19,1,"1"
71.520411263049965,38795,29,1,"1"
133.40009234697149,38794,30,1,"1"
144.46982386080853,38776,48,1,"1"
146.05686807187573,38775,49,1,"1"
151.54137985521882,38774,50,1,"1"
193.48743120556497,38756,68,1,"1"
196.50322367423337,38755,69,1,"1"
231.31255048597839,38750,74,1,"1"
249.47565356418653,38749,75,1,"1"
265.59075519305497,38748,76,1,"1"
283.69271836324424,38741,83,1,"1"
294.5796443810633,38723,101,1,"1"
306.12375370899395,38722,102,1,"1"
312.8470087099069,38719,105,1,"1"
331.81431027210766,38716,108,1,"1"
334.67580997979644,38715,109,1,"1"
356.76942092364953,38714,110,1,"1"
359.419836614063,38713,111,1,"1"
362.45361540201145,38695,129,1,"1"
379.48271598037837,38686,138,7,"3-1-1-1-1"
389.17665126246823,38685,139,1,"1"
393.3569485129542,38682,142,1,"1"
418.63923976495909,38664,160,1,"1"
431.0702251483749,38646,178,1,"1"
451.98058530383258,38643,181,1,"1"
457.82400049816835,38625,199,1,"1"
470.12791160030628,38607,217,1,"1"
475.04189163037836,38604,220,1,"1"
490.91529506111073,38601,223,1,"1"
497.26124712864123,38594,230,1,"1"
515.42309522269579,38587,237,1,"1"
538.0717004942702,38569,255,1,"1"
543.41884252263117,38551,273,1,"1"
561.78739686881636,38533,291,1,"1"
575.94000064113152,38515,309,1,"1"
578.43432210408957,38497,327,1,"1"
622.01800126860917,38479,345,1,"1"
624.17391005485069,38461,363,1,"1"
633.10811868327914,38443,381,1,"1"
635.74057831555183,38438,386,1,"1"
640.47355339505395,38435,389,1,"1"
672.54632126184254,38417,407,1,"1"
728.55296149718276,38399,425,1,"1"
732.44481807441537,38389,435,1,"1"
735.79567541259337,38383,441,2,"1-1"
769.89166284745113,38367,457,1,"1"
776.89285254490414,38349,475,1,"1"
782.6432196701669,38343,481,2,"2"
796.69726021225677,38331,493,1,"1"
810.20596094109135,38313,511,1,"1"
822.97850576092958,38295,529,1,"1"
827.21803288364674,38277,547,1,"1"
827.87756159705657,38259,565,1,"1"
836.26058173026763,38250,574,3,"2-1"
837.3923355743982,38232,592,1,"1"
852.53313363592486,38214,610,1,"1"
863.57156012882444,38202,622,1,"1"
871.09895618892472,38199,625,1,"1"
895.54866058699065,38194,630,1,"1"
901.32013502429731,38185,639,1,"1"
906.97981810548833,38174,650,1,"1"
909.91904851541187,38156,668,1,"1"
921.07034514618431,38138,686,1,"1"
934.08736976262708,38120,704,1,"1"
961.25501244652378,38106,718,2,"2"
972.79180167017864,38103,721,1,"1"
975.90026130713375,38098,726,1,"1"
977.92251738953507,38083,741,3,"1-1-1"
979.04659093421856,38065,759,1,"1"
985.58127404049594,38047,777,1,"1"
1006.6738873862304,38035,789,1,"1"
1023.1720774563869,38019,805,1,"1"
1024.7130919731201,38005,819,2,"2"
1026.6031435906787,37980,844,3,"3"
1031.425120046935,37970,854,2,"1-1"
1040.3085906202052,37947,877,5,"3-1-1"
1041.8341246775076,37929,895,1,"1"
1066.2920587216129,37898,926,5,"4-1"
1075.3986591811067,37886,938,1,"1"
1075.5741802022119,37868,956,1,"1"
1084.0201126128973,37850,974,1,"1"
1099.5703816807668,37832,992,1,"1"
1100.176072452158,37814,1010,1,"1"
1109.9766513180402,37802,1022,4,"3-1"
1117.6530096462477,37784,1040,1,"1"
1123.2294843508907,37766,1058,1,"1"
1131.3305230045248,37754,1070,2,"2"
1131.9354581814755,37745,1079,1,"1"
1139.1135892469554,37727,1097,1,"1"
1145.8042738652559,37709,1115,1,"1"
1166.1145094546703,37673,1151,2,"1-1"
1187.1685173884218,37655,1169,1,"1"
1197.6190971403362,37605,1219,3,"3"
1206.5669240094624,37572,1252,2,"2"
1229.0254851911984,37554,1270,1,"1"
1241.7004964908676,37518,1306,2,"2"
1244.1158125347008,37503,1321,1,"1"
1265.0048194563055,37498,1326,1,"1"
1284.4067308977476,37478,1346,2,"2"
1289.2105955044424,37456,1368,2,"1-1"
1293.0226266973075,37444,1380,1,"1"
1304.0444903452999,37432,1392,1,"1"
1310.8616484450281,37414,1410,1,"1"
1310.8654302117206,37396,1428,1,"1"
1311.065762717672,37378,1446,2,"1-1"
1317.5530032353286,37312,1512,4,"4"
1317.9044212039587,37276,1548,2,"1-1"
1319.1866805888433,37248,1576,2,"2"
1326.1771115415704,37230,1594,1,"1"
1329.2752223415248,37212,1612,1,"1"
1336.0529844258645,37164,1660,3,"3"
1344.0654592812593,36982,1842,19,"10-2-2-1-1-1-1-1"
1351.7417754037378,36964,1860,1,"1"
1353.0065128065553,36946,1878,1,"1"
1356.3226700288758,36920,1904,4,"2-2"
1357.5147681661817,36884,1940,2,"2"
1362.199559528156,36866,1958,1,"1"
1370.9291207004635,36848,1976,1,"1"
1381.9085011658005,36830,1994,2,"2"
1382.1268752065794,36794,2030,2,"1-1"
1385.3106066531423,36776,2048,1,"1"
1414.4462382249744,36758,2066,1,"1"
1416.5145608540249,36740,2084,1,"1"
1418.5379510274292,36726,2098,1,"1"
1422.0546401062052,36714,2110,1,"1"
1422.3651736215702,36707,2117,1,"1"
1425.9687715881882,36691,2133,1,"1"
1428.1298669007676,36655,2169,2,"1-1"
1430.2258199604064,36646,2178,1,"1"
1433.0636376522207,36610,2214,2,"1-1"
1434.9444882388329,36567,2257,4,"2-1-1"
1438.0776064168124,36538,2286,3,"1-1-1"
1439.9188469944518,36520,2304,1,"1"
1440.3299161079565,36502,2322,1,"1"
1442.3403440179427,36490,2334,1,"1"
1447.6209878280051,36472,2352,1,"1"
1447.7935871432217,36456,2368,1,"1"
1460.0573297507965,36442,2382,2,"1-1"
1463.4307664573457,36312,2512,8,"2-2-2-1-1"
1465.0791738664257,36240,2584,4,"3-1"
1466.7647717743512,36233,2591,1,"1"
1468.0232843611277,36215,2609,1,"1"
1484.6295980135581,36197,2627,1,"1"
1485.8840186013488,36147,2677,4,"2-1-1"
1487.2833546188906,0,38824,2043,"2043"
----------------------------------------------8
0,38824,0,0,"0"
82.405853698012052,38810,14,1,"1"
97.80235274660447,38792,32,1,"1"
146.85669885722953,38791,33,1,"1"
151.32094106148949,38773,51,1,"1"
168.47673038194543,38772,52,1,"1"
169.74272799906265,38771,53,1,"1"
185.25085143000473,38766,58,1,"1"
188.06210846209683,38765,59,1,"1"
209.81564971207786,38764,60,1,"1"
214.25225547931782,38761,63,1,"1"
230.63634777274808,38760,64,1,"1"
236.51543271537335,38759,65,1,"1"
238.90669545813395,38758,66,1,"1"
270.03886132494182,38757,67,1,"1"
299.65933282692509,38756,68,1,"1"
313.79458179811292,38755,69,1,"1"
331.16037963379858,38752,72,1,"1"
341.88678422298443,38734,90,1,"1"
346.50947029553481,38718,106,1,"1"
347.05309883582447,38717,107,1,"1"
365.26809367342662,38699,125,1,"1"
365.55319769344698,38698,126,1,"1"
366.3388878047636,38697,127,1,"1"
385.88961679081928,38692,132,1,"1"
408.26807963941025,38674,150,1,"1"
412.0273911357192,38664,160,1,"1"
423.9579158663571,38658,166,2,"2"
441.7370412952111,38644,180,2,"2"
454.92377239103644,38643,181,1,"1"
463.08264824142765,38640,184,1,"1"
472.96500484662005,38622,202,1,"1"
483.51201750152785,38617,207,1,"1"
495.99799016808129,38607,217,1,"1"
505.51997787594195,38606,218,1,"1"
511.86592065172351,38603,221,1,"1"
513.34354438842183,38602,222,1,"1"
534.8530894321201,38582,242,2,"1-1"
535.31626532487553,38564,260,1,"1"
548.64830865277304,38546,278,1,"1"
576.39856445023759,38530,294,1,"1"
577.10862713590166,38512,312,1,"1"
582.26672785097185,38496,328,1,"1"
595.85853246081626,38478,346,1,"1"
636.30489730997567,38460,364,1,"1"
666.45551692508468,38451,373,1,"1"
674.29231349769555,38433,391,1,"1"
675.95351870857246,38426,398,1,"1"
680.16040237324148,38412,412,2,"2"
683.8609892300085,38409,415,1,"1"
684.62276424909294,38403,421,2,"1-1"
697.63361188974397,38367,457,2,"2"
703.4526751753948,38357,467,1,"1"
712.55871074336324,38347,477,2,"1-1"
714.19643221634931,38329,495,1,"1"
718.80933742165769,38326,498,1,"1"
720.91793767704951,38309,515,1,"1"
721.02462538371367,38288,536,3,"3"
742.25224466894088,38270,554,1,"1"
752.6738080797013,38238,586,2,"2"
756.11453954278477,38235,589,1,"1"
769.24305476338907,38232,592,1,"1"
781.63775284608073,38214,610,1,"1"
784.67090577101726,38196,628,1,"1"
791.21538332280886,38193,631,1,"1"
797.70107718812471,38175,649,1,"1"
802.00927119592109,38172,652,1,"1"
803.27965794768159,38165,659,1,"1"
803.99944320114662,38149,675,1,"1"
813.76389901354196,38146,678,1,"1"
818.99449988574645,38140,684,2,"2"
829.39732732500374,38122,702,1,"1"
861.44587036265216,38110,714,1,"1"
879.38871447683823,38078,746,6,"4-2"
885.33377766987519,38075,749,1,"1"
899.96951582914244,38065,759,1,"1"
915.57943124834117,38047,777,1,"1"
922.82836821795115,38041,783,2,"2"
936.17881934722004,38023,801,1,"1"
943.75895903047672,38005,819,1,"1"
979.18945652329194,37987,837,1,"1"
983.6458189456165,37969,855,1,"1"
988.35147684420349,37966,858,1,"1"
1008.3763646526638,37961,863,1,"1"
1013.2653633203087,37935,889,2,"2"
1014.6739254338873,37881,943,3,"2-1"
1027.7156425389501,37849,975,3,"3"
1056.3313970997808,37831,993,1,"1"
1065.3028235087418,37819,1005,2,"1-1"
1067.3219714550355,37809,1015,1,"1"
1075.4198798921716,37793,1031,2,"2"
1085.6489420985115,37775,1049,1,"1"
1090.5678211028489,37757,1067,1,"1"
1095.0642473646526,37739,1085,1,"1"
1128.0642931644966,37693,1131,3,"2-1"
1130.6615933419662,37677,1147,1,"1"
1136.4874538082488,37674,1150,1,"1"
1140.1188237783513,37646,1178,2,"2"
1143.5851409938671,37628,1196,1,"1"
1143.8641207979658,37618,1206,1,"1"
1150.1868799748672,37600,1224,1,"1"
1171.1460363410065,37582,1242,1,"1"
1196.4548509442814,37546,1278,2,"2"
1202.0974181113409,37539,1285,1,"1"
1215.5078470002425,37521,1303,1,"1"
1218.1211065977807,37503,1321,1,"1"
1228.9051774635209,37485,1339,1,"1"
1229.3463149521904,37467,1357,1,"1"
1239.3357243575156,37431,1393,2,"2"
1239.4015695910712,37413,1411,1,"1"
1239.8167869606978,37361,1463,4,"2-2"
1242.8193534151171,37358,1466,1,"1"
1254.1791297547466,37340,1484,1,"1"
1257.5568471194852,37296,1528,3,"2-1"
1258.6407915062862,37278,1546,1,"1"
1260.8950746876355,37260,1564,1,"1"
1269.3834629871026,37242,1582,1,"1"
1271.554443607208,37224,1600,1,"1"
1271.8724860749528,37206,1618,1,"1"
1278.5731222757593,37194,1630,1,"1"
1285.0832456390676,37158,1666,2,"2"
1338.2847082738781,37004,1820,12,"4-2-1-1-1-1-1-1"
1341.3897203952151,36997,1827,1,"1"
1354.6004797293258,36961,1863,2,"2"
1360.5674280474386,36943,1881,1,"1"
1361.8486164079839,36934,1890,1,"1"
1363.7012439389027,36929,1895,1,"1"
1370.7573905853719,36911,1913,1,"1"
1387.2094083959989,36893,1931,1,"1"
1389.9496886406766,36846,1978,4,"2-1-1"
1406.1208102853848,36828,1996,1,"1"
1407.3430040178555,36810,2014,1,"1"
1419.0610685456588,36805,2019,1,"1"
1432.0347061997907,36796,2028,1,"1"
1434.5893027486463,36751,2073,3,"2-1"
1435.3603985169277,36741,2083,1,"1"
1444.2900031577151,36730,2094,1,"1"
1444.9277746997736,36712,2112,1,"1"
1458.4423770008725,36694,2130,1,"1"
1459.9945998617261,36658,2166,2,"2"
1461.0974537373534,36651,2173,1,"1"
1461.6562612035007,36633,2191,1,"1"
1466.3742316816172,36558,2266,9,"4-2-1-1-1"
1469.9886408895379,36540,2284,1,"1"
1491.6845348209565,36522,2302,1,"1"
1506.1961046224089,36472,2352,4,"2-1-1"
1509.849682372251,36454,2370,1,"1"
1513.7943861242288,36418,2406,2,"2"
1517.7319706551857,36406,2418,1,"1"
1524.1798671118245,36388,2436,1,"1"
1546.9059412365543,36370,2454,1,"1"
1547.8403432885252,36353,2471,1,"1"
1548.9299627407083,36335,2489,1,"1"
1555.1572905905891,36317,2507,1,"1"
1573.2167936241258,36099,2725,24,"7-3-3-2-2-2-1-1-1-1-1"
1574.0260450689332,36081,2743,1,"1"
1586.1735423291595,36063,2761,1,"1"
1594.7418365541116,36050,2774,1,"1"
1597.8202116848393,36032,2792,1,"1"
1602.617842396447,36014,2810,1,"1"
1603.9329969029034,35978,2846,2,"2"
1605.0611327721531,35936,2888,4,"4"
1605.6203558366285,35918,2906,1,"1"
1623.1745855844915,35891,2933,3,"2-1"
1633.1282227281636,35855,2969,2,"2"
1639.7841797934084,35837,2987,1,"1"
1642.3894295448038,0,38824,2018,"2018"
----------------------------------------------9
0,38824,0,0,"0"
41.558836625719842,38823,1,1,"1"
69.464090534883297,38822,2,1,"1"
142.77545973569389,38804,20,1,"1"
156.0482244821778,38803,21,1,"1"
158.69156521244372,38802,22,1,"1"
163.66143541155796,38801,23,1,"1"
181.42619059046271,38800,24,1,"1"
187.15383971254923,38799,25,1,"1"
207.73337772624564,38796,28,1,"1"
222.94746000444624,38793,31,1,"1"
232.11773966401768,38792,32,1,"1"
256.36736251121107,38774,50,1,"1"
333.67423027049801,38773,51,1,"1"
336.6501405353481,38772,52,1,"1"
337.65442236872747,38771,53,1,"1"
339.5091553578539,38759,65,1,"1"
377.27437104924979,38756,68,1,"1"
394.29179779470542,38751,73,3,"2-1"
401.89730030112082,38748,76,1,"1"
421.53187839306412,38745,79,1,"1"
422.61087003129848,38729,95,1,"1"
423.98585432464222,38728,96,1,"1"
428.89098501083515,38710,114,1,"1"
430.69522615881635,38705,119,1,"1"
444.56006597467206,38689,135,1,"1"
462.3795372874107,38671,153,1,"1"
462.82994051675541,38668,156,1,"1"
477.74810576742334,38665,159,1,"1"
484.75677395192594,38663,161,2,"2"
492.34099700849652,38645,179,1,"1"
519.66409974111514,38643,181,2,"2"
586.39403145775714,38625,199,1,"1"
601.48651515026506,38615,209,2,"2"
624.53819512325686,38612,212,1,"1"
628.71795552184301,38594,230,1,"1"
629.07217419581957,38582,242,1,"1"
668.7134495884618,38574,250,2,"1-1"
683.25624206786142,38556,268,1,"1"
691.4556873486722,38538,286,1,"1"
691.60392595489293,38520,304,1,"1"
712.85614291029469,38517,307,1,"1"
722.90240626861407,38499,325,1,"1"
727.34683956462482,38465,359,2,"2"
739.83622528469414,38453,371,1,"1"
742.50166861389664,38435,389,1,"1"
750.9760400172039,38425,399,1,"1"
753.33396300493689,38407,417,1,"1"
755.52183774511957,38389,435,1,"1"
770.6486205585021,38382,442,1,"1"
774.87571118964297,38373,451,3,"2-1"
787.53313288268589,38363,461,1,"1"
814.01166201043918,38345,479,1,"1"
817.01164027718733,38332,492,3,"2-1"
834.16703181179889,38296,528,2,"2"
844.08125945705035,38278,546,1,"1"
848.35672683112853,38260,564,1,"1"
850.0948041671345,38242,582,1,"1"
865.72730440789928,38216,608,2,"1-1"
866.48786419872783,38198,626,1,"1"
885.04864019660386,38192,632,2,"1-1"
885.82527105429892,38174,650,1,"1"
896.87937140417898,38156,668,1,"1"
903.91327998714041,38151,673,1,"1"
906.61827259589654,38144,680,1,"1"
910.37740439814934,38126,698,1,"1"
912.19139506109821,38117,707,1,"1"
941.32366766544897,38095,729,2,"2"
943.89889902130039,38077,747,1,"1"
948.36610754215951,38059,765,4,"2-1-1"
948.77095614032703,38041,783,1,"1"
950.97780610781581,37998,826,9,"5-2-1-1"
955.67018932778501,37980,844,1,"1"
957.24443935447971,37929,895,3,"2-1"
963.69679701952214,37905,919,2,"2"
992.66318023066447,37893,931,1,"1"
999.94113565156465,37881,943,1,"1"
1001.6455129263321,37876,948,1,"1"
1028.8964466788166,37848,976,2,"2"
1037.9763315443352,37833,991,1,"1"
1043.8233579035809,37823,1001,1,"1"
1044.8789218676129,37805,1019,1,"1"
1046.1887467396098,37798,1026,1,"1"
1049.1413300658762,37764,1060,2,"1-1"
1051.0193559852812,37746,1078,1,"1"
1077.3901307584874,37741,1083,1,"1"
1098.2575857269044,37705,1119,2,"2"
1104.3688298611144,37669,1155,2,"1-1"
1106.9333881725283,37651,1173,1,"1"
1123.3125754410021,37644,1180,1,"1"
1128.9267221789939,37632,1192,2,"2"
1136.799521069486,37629,1195,1,"1"
1137.9158315737316,37617,1207,1,"1"
1152.433584220754,37599,1225,1,"1"
1153.4765855828405,37549,1275,3,"2-1"
1162.8571608872969,37544,1280,1,"1"
1165.0846311063603,37539,1285,1,"1"
1166.6836445106428,37521,1303,1,"1"
1170.486099710675,37503,1321,1,"1"
1176.9725598986786,37485,1339,1,"1"
1176.984396781198,37473,1351,1,"1"
1179.2818401996326,37455,1369,1,"1"
1180.3884420207112,37444,1380,1,"1"
1182.5459186705677,37416,1408,4,"4"
1190.9184079539805,37409,1415,1,"1"
1205.4726866851904,37391,1433,1,"1"
1223.7678357315447,37373,1451,1,"1"
1225.7698000340447,37355,1469,1,"1"
1232.8531405520935,37337,1487,2,"2"
1237.1310234873483,37304,1520,5,"3-2"
1244.8760140756679,37286,1538,1,"1"
1245.77176076449,37268,1556,1,"1"
1250.653570411263,37258,1566,1,"1"
1251.523428356104,37222,1602,2,"2"
1254.2329060119919,37212,1612,1,"1"
1259.4766087628698,37200,1624,1,"1"
1261.6055403318896,37182,1642,1,"1"
1276.5434676473917,37164,1660,1,"1"
1282.0667306438875,37146,1678,1,"1"
1290.640794431117,37115,1709,3,"3"
1291.0384246584601,37079,1745,2,"1-1"
1292.7609065259094,37061,1763,1,"1"
1297.8775209216244,37025,1799,2,"2"
1313.4881116830284,37020,1804,1,"1"
1315.6143732913313,37002,1822,1,"1"
1316.8089404381542,36984,1840,1,"1"
1319.1562492066678,36966,1858,1,"1"
1324.1249938939745,36936,1888,2,"2"
1327.205771504927,36927,1897,1,"1"
1329.3227991898862,36909,1915,1,"1"
1332.00956746521,36904,1920,1,"1"
1340.3101772737546,36886,1938,1,"1"
1342.350283457575,36879,1945,1,"1"
1349.0744141409302,36857,1967,2,"2"
1350.6788132475579,36839,1985,1,"1"
1351.6036595481696,36830,1994,1,"1"
1356.0924824469321,36812,2012,1,"1"
1362.9431726767116,36794,2030,1,"1"
1363.0059638782345,36776,2048,1,"1"
1370.3042240561545,36767,2057,1,"1"
1375.0261238491769,36749,2075,1,"1"
1383.6764244926489,36731,2093,1,"1"
1390.8589291148717,36713,2111,1,"1"
1391.9045913770642,36696,2128,1,"1"
1396.6987506097996,36442,2382,17,"3-2-2-2-2-1-1-1-1-1-1"
1400.9668019554351,36428,2396,1,"1"
1432.6387551202606,36410,2414,1,"1"
1434.0822683271181,36401,2423,1,"1"
1442.6456713098432,36383,2441,1,"1"
1445.5654230869038,36260,2564,12,"3-3-3-1-1-1"
1445.9280196939021,36242,2582,1,"1"
1447.5021090808432,36204,2620,3,"3"
1448.8462559478,36186,2638,1,"1"
1452.5475981794921,36168,2656,1,"1"
1456.0928306824057,36150,2674,1,"1"
1476.0327655856572,36132,2692,1,"1"
1477.7784988219144,36054,2770,8,"3-2-1-1-1"
1486.4817205560416,35800,3024,21,"9-4-3-2-1-1-1"
1488.3171547277952,35782,3042,1,"1"
1489.6888334363894,35764,3060,1,"1"
1497.0944434210182,35755,3069,1,"1"
1503.7799094213369,35721,3103,2,"1-1"
1510.2773670370805,35685,3139,2,"2"
1513.8927950640548,35673,3151,1,"1"
1514.4587424938964,35637,3187,2,"2"
1514.5928215517649,35591,3233,3,"2-1"
1519.9282751250773,35573,3251,1,"1"
1524.6046548924714,35555,3269,1,"1"
1529.6020414215636,0,38824,1999,"1999"
