f,num_active_particles,num_deleted_particles,total_deleted_rods,avalanche_sizes
0,38846,0,0,"0"
88.198922572430803,38845,1,1,"1"
92.215629360071006,38827,19,1,"1"
111.06592770757244,38825,21,2,"1-1"
125.52196986990648,38824,22,1,"1"
161.10966517780327,38823,23,1,"1"
225.48534636225475,38822,24,1,"1"
227.1946454264193,38821,25,1,"1"
240.63165073427729,38803,43,1,"1"
258.68588493308408,38796,50,1,"1"
262.45987950643234,38783,63,1,"1"
265.63243461912811,38782,64,1,"1"
269.27150204172108,38781,65,1,"1"
271.2667833949198,38776,70,1,"1"
324.90795878177403,38774,72,2,"1-1"
339.0208331231882,38772,74,2,"2"
343.10952732350108,38771,75,1,"1"
348.9181653825234,38770,76,1,"1"
390.2411955060947,38767,79,1,"1"
393.78404860915799,38752,94,1,"1"
416.17457634890314,38751,95,1,"1"
431.21827066524651,38750,96,1,"1"
439.25359784048942,38747,99,1,"1"
527.39828145655849,38735,111,1,"1"
555.47080447950418,38728,118,1,"1"
558.55736073270407,38710,136,1,"1"
571.80892070119569,38689,157,2,"2"
587.09386323519652,38688,158,1,"1"
615.28854474836385,38681,165,1,"1"
616.70252234565612,38676,170,1,"1"
617.76408449254745,38671,175,1,"1"
618.17176986788957,38653,193,1,"1"
625.59706660284678,38647,199,2,"1-1"
635.66956127486219,38644,202,1,"1"
637.73538649863224,38624,222,2,"2"
642.6835278600023,38621,225,1,"1"
649.14402714582332,38614,232,1,"1"
664.94354359667398,38611,235,1,"1"
674.60770224248756,38604,242,1,"1"
680.86452876614806,38591,255,1,"1"
694.96939761408987,38582,264,1,"1"
708.05070739562154,38563,283,5,"2-2-1"
729.69481223271441,38546,300,3,"3"
739.18129404855017,38543,303,1,"1"
746.15906242207598,38533,313,1,"1"
784.05205631646277,38526,320,1,"1"
818.06603978448334,38508,338,1,"1"
821.14129418216305,38496,350,1,"1"
824.8645627577398,38478,368,1,"1"
836.42431756185101,38417,429,9,"4-2-1-1-1"
842.3362291881657,38399,447,1,"1"
843.5612129708868,38385,461,2,"2"
843.65626968639469,38367,479,1,"1"
855.63197004372296,38349,497,1,"1"
870.50743791857747,38339,507,1,"1"
877.06177712577312,38327,519,1,"1"
882.46582222467759,38315,531,1,"1"
896.49876758604182,38297,549,1,"1"
931.7099198439779,38285,561,1,"1"
937.49431846910022,38274,572,3,"2-1"
962.97973289655897,38256,590,1,"1"
970.50834174533622,38238,608,1,"1"
979.39949742282511,38226,620,1,"1"
979.87460953008167,38208,638,1,"1"
983.24378288445382,38190,656,1,"1"
1031.3904292560851,38187,659,1,"1"
1039.3364838157479,38182,664,1,"1"
1046.90155276991,38164,682,1,"1"
1048.5343311758636,38159,687,1,"1"
1051.319800585281,38123,723,2,"2"
1057.1879417884666,38101,745,4,"2-1-1"
1058.3481926545364,38083,763,2,"1-1"
1065.3062637652411,38065,781,1,"1"
1074.7179788242743,38055,791,1,"1"
1083.3181083226275,38045,801,1,"1"
1084.1159523400127,38033,813,1,"1"
1087.4366919467261,38015,831,2,"1-1"
1095.2893716231531,37911,935,8,"4-2-2"
1101.0943751661105,37893,953,1,"1"
1120.3660210384435,37861,985,4,"4"
1141.4702787523527,37825,1021,3,"2-1"
1169.4641686431619,37807,1039,1,"1"
1190.4941504330927,37797,1049,1,"1"
1193.4268096237172,37787,1059,1,"1"
1199.0978639096807,37735,1111,4,"4"
1210.5709285690521,37721,1125,2,"2"
1221.0735443525493,37703,1143,1,"1"
1226.692061195813,37629,1217,9,"3-2-1-1-1-1"
1245.5083399787045,37620,1226,1,"1"
1245.5462126400746,37606,1240,2,"1-1"
1248.9941910375387,37588,1258,1,"1"
1259.1752054391923,37578,1268,1,"1"
1263.7345444837983,37560,1286,1,"1"
1273.693219076468,37550,1296,1,"1"
1273.8150235913345,37532,1314,1,"1"
1275.8642622320592,37514,1332,1,"1"
1294.1876423828735,37293,1553,22,"5-3-2-2-2-2-2-1-1-1-1"
1296.2406974655071,37275,1571,1,"1"
1301.4159648353027,37257,1589,1,"1"
1309.0534862679344,37239,1607,1,"1"
1312.6209522792858,37152,1694,9,"5-2-1-1"
1320.6960010511934,37134,1712,1,"1"
1326.1671519871311,37116,1730,1,"1"
1332.4674478121078,36964,1882,13,"4-4-2-1-1-1"
1332.584200900244,36946,1900,1,"1"
1350.9460314345142,36928,1918,1,"1"
1352.4029726218118,36895,1951,3,"2-1"
1352.5926128936678,36861,1985,3,"2-1"
1354.8213360561058,36826,2020,3,"2-1"
1358.3275192383019,36778,2068,3,"2-1"
1358.6673185537959,36760,2086,1,"1"
1358.9172374163738,36749,2097,1,"1"
1360.5964439912379,36731,2115,1,"1"
1365.8299771705779,36713,2133,1,"1"
1372.1754978727802,36703,2143,1,"1"
1372.5558533769665,36613,2233,6,"2-2-1-1"
1376.2947284459524,36595,2251,1,"1"
1394.6320516057922,36502,2344,7,"2-2-2-1"
1396.8677902968852,36466,2380,2,"2"
1397.9431888247282,0,38846,2046,"2046"
----------------------------------------------1
0,38846,0,0,"0"
62.741241090427295,38845,1,1,"1"
103.35162770694845,38843,3,2,"2"
124.3621118289204,38842,4,1,"1"
131.82232473556647,38841,5,1,"1"
143.35109674724609,38823,23,1,"1"
145.33078801869402,38805,41,1,"1"
171.19790523802578,38787,59,1,"1"
171.66205595719137,38786,60,1,"1"
173.38038993956701,38785,61,1,"1"
182.43450930232916,38784,62,1,"1"
190.19778431541272,38783,63,1,"1"
208.74161442425145,38765,81,1,"1"
278.39271487266012,38762,84,1,"1"
287.90445249887836,38757,89,1,"1"
294.90568692145877,38756,90,1,"1"
307.64299500971487,38755,91,1,"1"
326.39500990476091,38754,92,1,"1"
340.57401869838282,38753,93,1,"1"
354.43131033715929,38751,95,2,"2"
368.31613955162192,38745,101,2,"2"
369.99170089556804,38727,119,1,"1"
382.38049475575849,38726,120,1,"1"
399.35516702736277,38708,138,1,"1"
411.4390166716272,38690,156,1,"1"
426.330493442212,38672,174,1,"1"
430.77204495750908,38667,179,1,"1"
450.82683845422542,38631,215,2,"2"
459.80473287590263,38630,216,1,"1"
466.73590961398281,38624,222,2,"2"
499.59698932138645,38606,240,1,"1"
510.85673832550509,38588,258,1,"1"
516.57024011977171,38570,276,1,"1"
534.12522486986995,38552,294,1,"1"
534.67430572182968,38546,300,2,"2"
563.15101201714344,38543,303,1,"1"
593.74012701472464,38531,315,1,"1"
598.24367187041264,38515,331,1,"1"
598.67731209157512,38514,332,1,"1"
611.54154646115217,38511,335,1,"1"
619.77712707636601,38508,338,1,"1"
660.75743500589022,38505,341,1,"1"
666.22687133202942,38498,348,1,"1"
670.49551601124051,38495,351,1,"1"
674.98373842806382,38492,354,1,"1"
685.91586621405509,38456,390,2,"1-1"
699.08735442541411,38453,393,1,"1"
703.65080917398711,38450,396,1,"1"
718.3084886132616,38445,401,1,"1"
719.51263105716237,38427,419,1,"1"
731.49529852548176,38408,438,3,"2-1"
741.06378199849121,38390,456,1,"1"
758.35457835024874,38372,474,1,"1"
768.76829124234655,38354,492,1,"1"
775.43908492768276,38336,510,1,"1"
779.95922466945672,38318,528,1,"1"
789.39074879312273,38300,546,1,"1"
793.76218233571899,38288,558,1,"1"
802.11342695502003,38270,576,1,"1"
808.1359726273464,38265,581,1,"1"
816.50330045489909,38247,599,1,"1"
823.53976429070235,38229,617,1,"1"
824.71801709828742,38209,637,2,"1-1"
843.03630513378255,38179,667,3,"2-1"
843.1115634545672,38161,685,1,"1"
845.30293971629544,38144,702,1,"1"
852.75047408894739,38126,720,1,"1"
861.90944065319979,38116,730,1,"1"
864.00827740074442,38095,751,3,"2-1"
864.60398608175979,38077,769,1,"1"
872.20588214155907,38059,787,1,"1"
883.82283874343011,38044,802,1,"1"
902.33063439308569,37974,872,5,"2-1-1-1"
903.059033212283,37956,890,1,"1"
907.44336659838189,37947,899,1,"1"
908.10027752152598,37929,917,1,"1"
908.16355365495349,37902,944,2,"2"
908.26091653177753,37892,954,2,"2"
920.88855799346277,37873,973,3,"3"
923.29563375075395,37855,991,1,"1"
924.55054618304757,37848,998,1,"1"
933.98838460144714,37830,1016,1,"1"
946.13719017749395,37814,1032,1,"1"
973.55107966881053,37796,1050,1,"1"
985.16867955050532,37786,1060,2,"1-1"
990.28822536333746,37768,1078,1,"1"
992.18458572778218,37732,1114,2,"1-1"
993.048357391948,37725,1121,1,"1"
994.77131717882821,37722,1124,1,"1"
1007.02528907033,37704,1142,1,"1"
1016.1561187840514,37686,1160,1,"1"
1020.9209827421593,37613,1233,9,"5-1-1-1-1"
1021.5495483302243,37591,1255,2,"1-1"
1031.7238953954659,37588,1258,1,"1"
1034.5897289455315,37570,1276,1,"1"
1043.758928245895,37556,1290,2,"1-1"
1046.9894628026673,37538,1308,1,"1"
1074.1001322596073,37520,1326,1,"1"
1079.76307093784,37502,1344,1,"1"
1103.6305921098699,37484,1362,1,"1"
1106.2166971042743,37463,1383,3,"3"
1112.9835461586847,37453,1393,1,"1"
1121.4731943933118,37435,1411,1,"1"
1125.0495639092808,37417,1429,1,"1"
1125.7845894535187,37363,1483,3,"3"
1128.946526751042,37354,1492,1,"1"
1130.5918022744684,37336,1510,1,"1"
1133.1684008648881,37318,1528,1,"1"
1139.7457849290615,37300,1546,1,"1"
1146.0374963583661,37288,1558,1,"1"
1146.823952529061,37232,1614,4,"3-1"
1150.6610318547114,37214,1632,1,"1"
1156.3261876385443,37196,1650,1,"1"
1169.5491221666757,37178,1668,1,"1"
1172.2006617314523,37144,1702,3,"2-1"
1215.3725446781982,37079,1767,7,"3-1-1-1-1"
1231.3100156592729,37068,1778,1,"1"
1238.6866707291665,37050,1796,1,"1"
1239.3847287610242,37032,1814,1,"1"
1241.8776355543507,36996,1850,2,"2"
1248.1622244203343,36978,1868,1,"1"
1251.8454383023429,36960,1886,1,"1"
1258.4106512879705,36942,1904,1,"1"
1276.528106489621,36906,1940,2,"2"
1284.1199534438524,36888,1958,1,"1"
1284.4687327724143,36876,1970,1,"1"
1286.424846939831,36696,2150,10,"6-4"
1287.2557650172362,36642,2204,4,"2-1-1"
1288.7985940952071,36626,2220,1,"1"
1290.5841901335414,36570,2276,4,"2-2"
1291.8563445147165,36552,2294,1,"1"
1292.1303612591105,36538,2308,2,"2"
1299.2492658904366,36484,2362,3,"2-1"
1301.0269851640726,36468,2378,1,"1"
1321.4868785230433,36370,2476,8,"4-1-1-1-1"
1322.8845620436932,36352,2494,1,"1"
1328.1661686800217,35553,3293,74,"15-12-12-11-7-6-2-2-1-1-1-1-1-1-1"
1340.6133371058115,35541,3305,1,"1"
1346.5546741152405,35523,3323,1,"1"
1349.6863882251334,35513,3333,1,"1"
1356.1274528551144,0,38846,1991,"1991"
----------------------------------------------2
0,38846,0,0,"0"
47.401560433240149,38828,18,1,"1"
69.973498284000542,38827,19,1,"1"
71.838011749433321,38826,20,1,"1"
77.952164686969283,38825,21,1,"1"
79.960173086544316,38824,22,1,"1"
106.04929631621125,38821,25,1,"1"
112.97658810253813,38818,28,1,"1"
177.75063101845197,38817,29,1,"1"
181.67007194846062,38816,30,1,"1"
210.22533012000051,38798,48,1,"1"
232.91581186733501,38797,49,1,"1"
253.16721677911497,38779,67,1,"1"
259.91584911277988,38761,85,1,"1"
262.77578169480927,38760,86,1,"1"
277.64316744693622,38742,104,1,"1"
279.55453098034684,38741,105,1,"1"
283.74976061670435,38727,119,2,"1-1"
305.93217202713839,38726,120,1,"1"
319.07326522704921,38723,123,1,"1"
320.14504433378204,38720,126,1,"1"
366.86482882893716,38713,133,1,"1"
386.82012156930466,38712,134,1,"1"
397.23909850880335,38694,152,1,"1"
400.14978306668576,38684,162,2,"1-1"
404.69402831198329,38683,163,1,"1"
440.67337520979038,38671,175,1,"1"
452.30394482690031,38659,187,1,"1"
453.6704724792985,38649,197,1,"1"
454.61666465491118,38648,198,1,"1"
476.14996178933819,38646,200,2,"2"
477.11891054422767,38628,218,1,"1"
479.28957991640783,38623,223,1,"1"
486.30548544925722,38605,241,1,"1"
492.06974296260722,38604,242,1,"1"
494.42739233835681,38586,260,1,"1"
498.08654146977932,38585,261,1,"1"
503.04201780547965,38576,270,1,"1"
513.77979098777826,38570,276,2,"2"
514.79954279918195,38558,288,1,"1"
519.20009858556716,38548,298,1,"1"
521.24820148342985,38533,313,1,"1"
528.13256229085528,38515,331,1,"1"
533.98138347097836,38508,338,1,"1"
540.85597839386969,38490,356,1,"1"
542.09347745607693,38472,374,1,"1"
542.15887134209026,38467,379,1,"1"
596.17548795257233,38447,399,2,"2"
613.85525824330443,38429,417,1,"1"
616.96920737365679,38424,422,1,"1"
634.06283120294233,38420,426,2,"1-1"
645.60012021654734,38406,440,1,"1"
662.22569444128067,38388,458,1,"1"
665.28054908654076,38370,476,1,"1"
680.73358083007997,38361,485,1,"1"
697.58422495189291,38343,503,1,"1"
717.61882130152117,38325,521,1,"1"
717.89807429230439,38320,526,1,"1"
719.06720423116576,38306,540,2,"2"
720.26889120603448,38288,558,1,"1"
725.45187362678337,38279,567,1,"1"
725.58028085680121,38274,572,1,"1"
728.29174771251996,38262,584,1,"1"
729.61091919717046,38259,587,1,"1"
732.90968486392558,38241,605,1,"1"
743.49478104360514,38238,608,1,"1"
773.02079636077815,38228,618,1,"1"
795.00030459245318,38222,624,2,"1-1"
818.47738685147579,38212,634,1,"1"
819.41949640495659,38194,652,1,"1"
833.10216711581018,38187,659,1,"1"
834.35658298382896,38169,677,1,"1"
857.94155968291898,38151,695,1,"1"
871.56711883001458,38137,709,1,"1"
892.41535461124158,38119,727,1,"1"
895.2237031618829,38109,737,2,"1-1"
901.7570037895174,38101,745,2,"1-1"
902.65360948219586,38083,763,1,"1"
918.36011727253504,38077,769,2,"2"
938.1724663139812,38046,800,4,"2-2"
939.43004585551182,38028,818,1,"1"
949.79118558022969,38010,836,1,"1"
963.86289036833853,37992,854,1,"1"
966.25962677965788,37974,872,2,"2"
971.76195889240466,37948,898,4,"3-1"
979.43339023616227,37930,916,1,"1"
985.63710088683786,37912,934,1,"1"
1000.2997789516362,37873,973,5,"3-2"
1016.8153589023726,37868,978,1,"1"
1023.3689167077855,37844,1002,4,"2-1-1"
1026.5498673351526,37837,1009,1,"1"
1026.7792946244731,37801,1045,2,"2"
1033.5010629650287,37769,1077,4,"2-1-1"
1039.3682349914714,37751,1095,1,"1"
1060.4866807860487,37733,1113,1,"1"
1080.5100362628677,37728,1118,1,"1"
1087.6441254826159,37692,1154,2,"1-1"
1098.4385429950323,37682,1164,1,"1"
1104.5229932032066,37677,1169,1,"1"
1113.2146635718536,37659,1187,1,"1"
1116.4629399230275,37641,1205,1,"1"
1123.9303952982275,37634,1212,1,"1"
1129.4846342864212,37622,1224,1,"1"
1136.2620067998807,37581,1265,4,"3-1"
1137.6239544250211,37563,1283,1,"1"
1159.1230782975242,37445,1401,9,"2-2-2-1-1-1"
1159.6968639732058,37409,1437,2,"2"
1160.6014247133426,37391,1455,1,"1"
1164.8005045448479,37332,1514,7,"3-2-2"
1171.9368723435439,37314,1532,1,"1"
1177.3844150149471,37277,1569,3,"2-1"
1179.6613468672572,37241,1605,2,"2"
1201.5546148630438,37223,1623,1,"1"
1206.0962704511815,37205,1641,1,"1"
1213.0551892110007,37187,1659,1,"1"
1214.16752398157,37149,1697,3,"3"
1214.9488506316343,37131,1715,1,"1"
1223.6936956545139,37113,1733,1,"1"
1234.766666715253,37106,1740,1,"1"
1236.4875243044262,37088,1758,1,"1"
1249.3540796655811,37070,1776,1,"1"
1255.2185761698202,37061,1785,1,"1"
1255.7436092137702,37043,1803,1,"1"
1270.5241313244744,37033,1813,1,"1"
1272.1593964557162,37015,1831,1,"1"
1272.561203790684,36993,1853,2,"1-1"
1280.9562565905549,36975,1871,1,"1"
1292.4572930878714,36963,1883,1,"1"
1294.0554158978036,36958,1888,1,"1"
1304.5453132102411,36910,1936,5,"3-2"
1308.8191213152918,36892,1954,1,"1"
1315.3917516957272,36846,2000,3,"2-1"
1319.0428316481673,36828,2018,1,"1"
1331.8158039796656,36810,2036,1,"1"
1338.7706192422947,36792,2054,1,"1"
1367.1941375987628,36767,2079,3,"3"
1372.7821025728565,36749,2097,1,"1"
1380.5563150928942,36713,2133,2,"2"
1384.597142675284,36421,2425,21,"8-3-2-2-1-1-1-1-1-1"
1386.6399531021598,36403,2443,1,"1"
1392.6724388569826,36385,2461,1,"1"
1404.1695368736073,36313,2533,4,"4"
1408.9731030352186,36137,2709,12,"5-2-1-1-1-1-1"
1415.9093503684048,36101,2745,2,"2"
1432.5336457087863,36091,2755,1,"1"
1436.8380400031097,0,38846,2037,"2037"
----------------------------------------------3
0,38846,0,0,"0"
87.906065539931376,38840,6,2,"2"
103.11719761241491,38824,22,1,"1"
119.30783054164365,38823,23,1,"1"
123.92520871686392,38822,24,1,"1"
127.60742845533166,38821,25,1,"1"
173.75074134905643,38820,26,1,"1"
207.34721687985422,38819,27,1,"1"
226.31175538300741,38805,41,1,"1"
228.88472694448029,38787,59,1,"1"
242.54188376465396,38785,61,2,"2"
244.64996719016645,38784,62,1,"1"
251.21595988163256,38783,63,1,"1"
298.18359272412181,38782,64,1,"1"
303.78869171883883,38781,65,1,"1"
306.41224751822472,38780,66,1,"1"
337.91099036945127,38762,84,1,"1"
357.59916964171691,38744,102,1,"1"
358.36727817542999,38743,103,1,"1"
368.82626133974219,38741,105,2,"2"
393.37077029400814,38734,112,1,"1"
414.22398570684817,38733,113,1,"1"
417.18050834237005,38730,116,1,"1"
444.67412658672151,38729,117,1,"1"
452.56623225441257,38726,120,1,"1"
462.84691955536414,38721,125,1,"1"
528.03468266842424,38703,143,1,"1"
536.94040923138652,38683,163,2,"2"
549.75894258960875,38665,181,1,"1"
554.25941308087135,38653,193,2,"1-1"
562.03407096848684,38652,194,1,"1"
566.56688773893461,38634,212,1,"1"
576.73923045413437,38616,230,1,"1"
589.08710636780711,38604,242,1,"1"
601.55562766415812,38586,260,1,"1"
641.42125431435261,38581,265,1,"1"
641.94732224463644,38563,283,1,"1"
648.46353197622102,38545,301,1,"1"
659.63219183766228,38536,310,3,"2-1"
693.2942636111087,38524,322,1,"1"
737.74280062209243,38512,334,1,"1"
745.96172761331297,38498,348,2,"2"
752.59197613183642,38480,366,1,"1"
753.8849958554971,38462,384,1,"1"
778.53613063083071,38444,402,1,"1"
781.65395258352737,38426,420,1,"1"
799.180647695007,38408,438,1,"1"
800.36762548754359,38396,450,1,"1"
805.52107916428167,38393,453,1,"1"
809.89181402199233,38390,456,1,"1"
811.52898579155976,38378,468,2,"1-1"
812.35944541574383,38360,486,1,"1"
814.96137771505857,38342,504,1,"1"
817.09763533370256,38327,519,1,"1"
822.95275599792001,38313,533,1,"1"
853.88234394784342,38308,538,1,"1"
855.24187364740305,38284,562,2,"2"
856.53438638283365,38272,574,1,"1"
870.95452312045757,38267,579,1,"1"
879.64010297637003,38261,585,2,"2"
890.75083897359696,38243,603,1,"1"
892.92045223169589,38240,606,1,"1"
911.8210523234801,38210,636,2,"1-1"
912.4735418814098,38192,654,1,"1"
914.3371292245115,38174,672,1,"1"
922.90052935195001,38162,684,1,"1"
924.61284435768437,38155,691,1,"1"
933.55910876732241,38146,700,3,"3"
935.59220759686502,38122,724,4,"2-2"
940.97882426772946,38104,742,1,"1"
949.34260629689174,38086,760,1,"1"
957.84402509796951,38079,767,1,"1"
963.62533947350335,38061,785,1,"1"
966.78160637468852,38053,793,2,"1-1"
973.97298331319951,38039,807,1,"1"
974.27406097666699,38021,825,1,"1"
976.32694655751413,38003,843,1,"1"
999.29440667577228,37992,854,1,"1"
1007.8041138318126,37981,865,1,"1"
1009.8731067666441,37976,870,1,"1"
1018.3315101303285,37958,888,1,"1"
1025.0532945130074,37940,906,1,"1"
1055.7459469509731,37904,942,2,"2"
1057.7456774014424,37886,960,1,"1"
1064.7072680326878,37881,965,1,"1"
1066.145392493908,37859,987,2,"1-1"
1072.6205844092444,37803,1043,4,"2-1-1"
1087.410464304912,37785,1061,1,"1"
1095.3003265629034,37762,1084,3,"2-1"
1111.4658563571395,37744,1102,1,"1"
1119.525862705184,37726,1120,1,"1"
1120.0455436959587,37711,1135,3,"2-1"
1121.6342868826412,37693,1153,1,"1"
1122.3298207671437,37659,1187,4,"3-1"
1124.9791711559333,37610,1236,5,"2-2-1"
1133.1743027682824,37574,1272,4,"2-2"
1138.2537724171991,37545,1301,5,"3-2"
1146.1317307607624,37523,1323,2,"2"
1146.667442751879,37441,1405,6,"2-2-1-1"
1147.8208946976272,37363,1483,6,"3-2-1"
1151.6214792266373,37345,1501,1,"1"
1159.1703871761704,37327,1519,1,"1"
1163.1616992898835,37303,1543,2,"1-1"
1163.5525834497814,37285,1561,1,"1"
1171.8418454781952,37273,1573,1,"1"
1174.8070285933218,37261,1585,1,"1"
1175.0416454772169,37243,1603,1,"1"
1175.1546861455874,37236,1610,1,"1"
1177.9120012902588,37220,1626,1,"1"
1180.268537609554,37198,1648,2,"1-1"
1180.8428417316179,37180,1666,1,"1"
1183.9864787901497,37160,1686,2,"1-1"
1185.8945883350607,37144,1702,1,"1"
1204.5645324850111,37127,1719,1,"1"
1207.8071356697287,37109,1737,1,"1"
1209.5713587446864,37098,1748,1,"1"
1211.7890625376726,37091,1755,1,"1"
1211.8272558524363,37086,1760,1,"1"
1218.4278313436357,37068,1778,1,"1"
1228.3866357725822,37050,1796,1,"1"
1230.8562873173457,37028,1818,2,"2"
1244.7721716493654,37010,1836,1,"1"
1248.8953867301507,36999,1847,1,"1"
1257.0252818159615,36986,1860,1,"1"
1258.3177217896168,0,38846,2100,"2100"
----------------------------------------------4
0,38846,0,0,"0"
74.639074076535394,38845,1,1,"1"
110.58948361001625,38842,4,1,"1"
118.25671770288885,38832,14,1,"1"
164.6645854120757,38831,15,1,"1"
167.41239340463159,38830,16,1,"1"
242.10770782437649,38829,17,1,"1"
249.55029946630131,38811,35,1,"1"
249.70146483333573,38810,36,1,"1"
293.9368551872185,38809,37,1,"1"
298.14071730974803,38806,40,1,"1"
332.1744841462247,38794,52,1,"1"
362.93939771035519,38793,53,1,"1"
381.63899793605049,38792,54,1,"1"
382.79678644805404,38780,66,1,"1"
386.08163911339255,38777,69,1,"1"
396.99442036919459,38774,72,1,"1"
411.46789300439588,38772,74,2,"2"
418.01141195754496,38770,76,2,"2"
434.59795643491213,38752,94,1,"1"
440.72205095387068,38751,95,1,"1"
444.25752331002934,38733,113,1,"1"
450.60828238842311,38732,114,1,"1"
459.99692885813653,38714,132,1,"1"
461.87529858157831,38711,135,3,"2-1"
473.40513645397647,38693,153,1,"1"
478.20933308724352,38669,177,2,"2"
482.63212223369806,38666,180,1,"1"
522.32919120612837,38654,192,1,"1"
523.08954604997837,38636,210,1,"1"
541.28851343711676,38635,211,1,"1"
541.37925105390798,38617,229,1,"1"
569.75488869207084,38599,247,1,"1"
582.91257826761569,38594,252,1,"1"
596.72130321938209,38580,266,2,"2"
631.84643203378585,38562,284,1,"1"
644.43516862590945,38561,285,1,"1"
646.77849683672309,38549,297,1,"1"
650.68341320146385,38542,304,1,"1"
672.8774966794939,38524,322,1,"1"
694.57303059433309,38506,340,1,"1"
700.30646194856752,38488,358,1,"1"
711.04289972885272,38470,376,1,"1"
713.38919985259781,38460,386,2,"1-1"
720.36090669605721,38442,404,1,"1"
731.83239983558667,38436,410,2,"2"
746.14506297604669,38424,422,1,"1"
749.48899934940255,38406,440,1,"1"
784.96936878804945,38394,452,2,"1-1"
786.35278669892011,38376,470,1,"1"
787.60472648956397,38361,485,1,"1"
792.30768272568116,38345,501,1,"1"
804.09735803382523,38317,529,2,"2"
805.77589358327623,38311,535,2,"2"
825.32495896884825,38308,538,1,"1"
826.29251227768896,38254,592,3,"3"
855.37354548301357,38249,597,1,"1"
856.81006298497846,38223,623,3,"2-1"
862.82791031624674,38205,641,1,"1"
870.78265564100343,38191,655,2,"2"
875.16261704593137,38186,660,1,"1"
878.7089608943578,38168,678,1,"1"
880.62771228563417,38150,696,1,"1"
888.92607728618555,38132,714,1,"1"
892.17399970601514,38114,732,1,"1"
897.99409053151169,38096,750,1,"1"
904.19432216625307,38093,753,1,"1"
906.09877948759379,38075,771,1,"1"
932.21553950845691,38057,789,1,"1"
943.66576422963283,38045,801,1,"1"
950.30591194981116,38022,824,2,"2"
959.14314876565652,38019,827,1,"1"
969.75478544459247,38001,845,1,"1"
975.64912977140602,37983,863,1,"1"
990.221326528997,37965,881,1,"1"
999.05033612830687,37955,891,1,"1"
1013.7179599048379,37938,908,3,"3"
1017.9718312498408,37933,913,1,"1"
1036.7773871183058,37923,923,1,"1"
1045.5043029113504,37887,959,2,"1-1"
1045.6573971414919,37869,977,1,"1"
1051.161076682924,37851,995,1,"1"
1056.9718437961624,37833,1013,1,"1"
1057.0571208737435,37815,1031,1,"1"
1068.7411142496424,37797,1049,1,"1"
1070.3902360642844,37792,1054,1,"1"
1077.023626016414,37782,1064,1,"1"
1078.5443317312365,37779,1067,1,"1"
1086.9172960116366,37761,1085,1,"1"
1129.8750602470643,37743,1103,1,"1"
1148.046932603336,37736,1110,1,"1"
1151.4761100655883,37682,1164,4,"2-1-1"
1153.7725165602096,37663,1183,3,"3"
1154.7559928554369,37645,1201,1,"1"
1159.5277884243817,37633,1213,1,"1"
1163.0546473511274,37622,1224,1,"1"
1166.3496660537005,37594,1252,2,"2"
1167.1681656760254,37587,1259,1,"1"
1170.9319527255425,37571,1275,1,"1"
1172.6903760941498,37553,1293,1,"1"
1175.0238031059191,37535,1311,1,"1"
1187.8331414670092,37517,1329,1,"1"
1191.423890649419,37499,1347,1,"1"
1218.9584719335878,37463,1383,2,"1-1"
1220.6436697605377,37440,1406,5,"5"
1238.7125364344963,37422,1424,1,"1"
1244.8864033743316,37404,1442,1,"1"
1245.7119849647215,37386,1460,1,"1"
1258.3865515242085,37368,1478,1,"1"
1277.0211526183571,37350,1496,1,"1"
1287.141465145563,37322,1524,2,"1-1"
1292.8248035285355,37284,1562,3,"3"
1294.0475691205934,37254,1592,4,"1-1-1-1"
1301.9948790462702,37229,1617,3,"2-1"
1304.0879825739053,37211,1635,1,"1"
1304.4112921853573,37195,1651,1,"1"
1306.4734476866342,37155,1691,4,"2-1-1"
1309.1916930831148,37140,1706,1,"1"
1313.7763305373232,37128,1718,1,"1"
1320.3703546010775,37074,1772,6,"4-2"
1324.4150953697842,37056,1790,1,"1"
1332.310046368566,36851,1995,23,"10-4-4-3-2"
1349.5799890873791,36833,2013,1,"1"
1352.7274290139364,36815,2031,1,"1"
1354.6927261619371,36743,2103,4,"2-1-1"
1355.541578292663,36671,2175,4,"2-1-1"
1362.6100665243973,36430,2416,22,"6-3-3-2-2-2-2-1-1"
1371.14099210416,0,38846,2057,"2057"
----------------------------------------------5
0,38846,0,0,"0"
110.04744495393321,38845,1,1,"1"
128.62485356947064,38827,19,1,"1"
160.89147419315034,38826,20,1,"1"
167.00581701029583,38825,21,1,"1"
176.47768651068012,38824,22,1,"1"
185.26254952096605,38806,40,1,"1"
214.16396628813024,38799,47,1,"1"
226.78848882256668,38796,50,1,"1"
241.282732748656,38792,54,4,"2-1-1"
291.74864098416322,38791,55,1,"1"
313.66803663835429,38790,56,1,"1"
321.30480364663367,38789,57,1,"1"
322.96651417035775,38788,58,1,"1"
338.73699467335064,38770,76,1,"1"
341.22008479838024,38769,77,1,"1"
342.24833482869701,38751,95,1,"1"
345.92784062358891,38746,100,1,"1"
354.03781885760486,38745,101,1,"1"
362.52458847968546,38727,119,1,"1"
370.91469797080237,38726,120,1,"1"
402.66624698234716,38708,138,1,"1"
427.81487026601394,38707,139,1,"1"
473.5097439097953,38689,157,1,"1"
476.59453704331895,38688,158,1,"1"
495.24435581670411,38670,176,1,"1"
500.66621063148955,38664,182,2,"2"
502.86859893077298,38646,200,1,"1"
519.09764650642728,38645,201,1,"1"
559.46155763652644,38635,211,1,"1"
560.70536199826529,38617,229,1,"1"
574.36121533794653,38616,230,1,"1"
575.25804698993068,38604,242,1,"1"
583.13412285868651,38597,249,1,"1"
586.92586141017432,38594,252,1,"1"
603.35288308308725,38588,258,2,"2"
627.73198681981614,38585,261,1,"1"
656.78822248112203,38567,279,1,"1"
700.5517836960621,38561,285,2,"2"
717.5647079910608,38549,297,1,"1"
726.34045094064402,38546,300,1,"1"
735.88235078848538,38541,305,1,"1"
745.92184820523994,38534,312,1,"1"
747.40674441767248,38529,317,1,"1"
750.93756635823627,38499,347,3,"2-1"
759.352167602024,38490,356,3,"2-1"
761.87985242850141,38469,377,2,"1-1"
762.1288137244087,38466,380,1,"1"
774.86706565167242,38463,383,1,"1"
785.78682092847441,38453,393,1,"1"
790.71773620408953,38443,403,1,"1"
814.58598053946776,38438,408,1,"1"
815.41945712521442,38420,426,1,"1"
818.62883686009354,38415,431,1,"1"
819.98976599737443,38397,449,1,"1"
824.47520640623884,38379,467,1,"1"
839.19514170321838,38352,494,3,"2-1"
843.28888069428592,38347,499,1,"1"
892.65097989655385,38338,508,1,"1"
895.06848241263799,38313,533,3,"2-1"
903.22294459552973,38310,536,1,"1"
904.349382969413,38292,554,1,"1"
909.76264640525847,38256,590,2,"2"
914.62879713192137,38238,608,1,"1"
927.72780377041897,38224,622,2,"2"
932.42020255009402,38206,640,1,"1"
933.9680462672535,38194,652,1,"1"
949.95022035981697,38185,661,1,"1"
960.30089564854836,38180,666,1,"1"
971.56435495742721,38162,684,1,"1"
977.31162185112976,38150,696,2,"1-1"
989.49241243386734,38132,714,1,"1"
992.8786119742357,38114,732,1,"1"
1004.2683396071466,38105,741,1,"1"
1011.5292888127472,38081,765,4,"2-2"
1017.7615532733465,38061,785,2,"1-1"
1019.5470771312973,38043,803,1,"1"
1024.1701208277475,38013,833,2,"1-1"
1032.9230881467349,37995,851,1,"1"
1036.4780297258367,37977,869,1,"1"
1044.2110540760887,37964,882,1,"1"
1045.0332321071976,37946,900,1,"1"
1049.427156562283,37918,928,4,"4"
1055.5529304418196,37882,964,2,"2"
1059.4182981132142,37864,982,1,"1"
1063.7795343385774,37857,989,1,"1"
1065.4083898362576,37835,1011,2,"2"
1088.3069112797721,37817,1029,2,"2"
1092.5105129107651,37789,1057,4,"4"
1111.5160478717946,37784,1062,1,"1"
1125.9935771695473,37730,1116,3,"3"
1128.2765667171286,37718,1128,1,"1"
1136.3476266761563,37700,1146,1,"1"
1137.4725542340177,37682,1164,1,"1"
1147.3344599504694,37664,1182,2,"1-1"
1150.6739375324942,37646,1200,1,"1"
1156.308821873195,37637,1209,1,"1"
1169.1824196019486,37619,1227,1,"1"
1170.4979846897659,37601,1245,1,"1"
1177.1751409117733,37583,1263,1,"1"
1183.9627369977545,37532,1314,3,"3"
1198.7793997663125,37343,1503,22,"5-4-3-2-2-1-1-1-1-1-1"
1201.3949012508197,37325,1521,1,"1"
1212.787771044071,37297,1549,2,"2"
1214.7112532406632,37279,1567,1,"1"
1227.2484470532111,37261,1585,1,"1"
1246.1891513114565,37226,1620,3,"3"
1255.1557009336634,37208,1638,1,"1"
1255.7677932286954,37176,1670,2,"2"
1267.6078279394753,37158,1688,1,"1"
1275.4982901364619,37140,1706,1,"1"
1289.5270955067772,37122,1724,1,"1"
1298.1034478266317,37104,1742,1,"1"
1309.3940552093959,37095,1751,1,"1"
1311.4340816917152,37086,1760,1,"1"
1313.2989215301832,37030,1816,4,"3-1"
1316.5108803394116,36956,1890,6,"5-1"
1321.3909533166138,36938,1908,1,"1"
1322.9865784271892,36920,1926,1,"1"
1334.4107890784696,36906,1940,2,"1-1"
1337.2258905783558,36842,2004,6,"5-1"
1338.9496141719828,36385,2461,34,"7-6-5-5-2-2-2-2-1-1-1"
1350.9414959516166,36331,2515,3,"2-1"
1355.5692600521704,36307,2539,2,"1-1"
1363.7045515350571,36289,2557,1,"1"
1364.235078266661,0,38846,2043,"2043"
----------------------------------------------6
0,38846,0,0,"0"
46.274525059271546,38845,1,1,"1"
86.046968341072272,38844,2,1,"1"
99.755921018671657,38843,3,1,"1"
121.05969138577893,38842,4,1,"1"
125.39677591368951,38841,5,1,"1"
128.53901495629003,38823,23,1,"1"
205.2566326131319,38820,26,1,"1"
217.55307536360439,38819,27,1,"1"
222.15288983734385,38801,45,1,"1"
239.24874531502357,38789,57,1,"1"
248.46236921491689,38771,75,1,"1"
260.63546885619036,38770,76,1,"1"
274.5047277202151,38769,77,1,"1"
283.40754876547595,38763,83,2,"1-1"
294.03749287944618,38762,84,1,"1"
298.56890586280696,38760,86,2,"1-1"
312.70094982151426,38759,87,1,"1"
334.89813561919914,38748,98,1,"1"
336.00675079528395,38746,100,2,"1-1"
349.8379740428731,38728,118,1,"1"
395.02138411974181,38726,120,2,"2"
400.82965060859351,38708,138,1,"1"
420.84703844160089,38690,156,1,"1"
432.92256316252872,38689,157,1,"1"
446.83150204136393,38671,175,2,"2"
452.42230096118385,38666,180,1,"1"
467.68751746911505,38660,186,2,"1-1"
469.95389723721104,38648,198,1,"1"
476.94451864408069,38630,216,1,"1"
482.76025322548577,38612,234,1,"1"
483.12822390609261,38591,255,3,"2-1"
488.05061741427551,38582,264,3,"2-1"
490.69575125178415,38564,282,1,"1"
520.95892241473939,38559,287,1,"1"
524.87326937955845,38556,290,1,"1"
536.08494111360972,38551,295,1,"1"
558.01173051372052,38538,308,1,"1"
571.90068972809979,38520,326,1,"1"
592.99282681312934,38500,346,2,"1-1"
608.75815462404591,38482,364,1,"1"
611.88593291659163,38475,371,1,"1"
622.64925749826989,38474,372,1,"1"
626.10904117042026,38467,379,1,"1"
640.53739952303067,38462,384,1,"1"
689.62076317184813,38452,394,1,"1"
710.70607465308956,38445,401,1,"1"
725.58446820671975,38435,411,1,"1"
738.44872841145775,38393,453,4,"4"
748.85183386518418,38387,459,2,"2"
749.69672825364341,38381,465,2,"2"
757.89502186442917,38378,468,1,"1"
765.75321738165212,38360,486,1,"1"
767.44636773670095,38349,497,1,"1"
781.26256425360089,38331,515,1,"1"
788.28765653012965,38313,533,1,"1"
795.63672482406128,38310,536,1,"1"
797.05329090877262,38297,549,1,"1"
802.875682510307,38279,567,1,"1"
803.15834502284554,38276,570,1,"1"
804.94284014934897,38267,579,1,"1"
838.73028387385023,38264,582,1,"1"
841.5341786197323,38246,600,1,"1"
856.38115214932441,38234,612,1,"1"
866.19615682487733,38216,630,2,"2"
866.37794420634646,38191,655,3,"2-1"
869.59420266425354,38186,660,1,"1"
870.84007615588371,38168,678,1,"1"
879.75079793548525,38158,688,2,"2"
881.54547453728594,38140,706,1,"1"
882.1712191397587,38122,724,1,"1"
899.41963822929392,38104,742,1,"1"
903.34775211259591,38086,760,1,"1"
905.60551227996689,38050,796,2,"1-1"
909.1943197518334,38019,827,3,"1-1-1"
915.41778832326918,38012,834,1,"1"
922.01141194651268,37994,852,1,"1"
924.32370686184902,37987,859,1,"1"
927.16249077523912,37969,877,1,"1"
929.75821740581534,37948,898,3,"2-1"
929.95257857553918,37941,905,1,"1"
943.92792346338592,37934,912,1,"1"
958.05309347287016,37866,980,6,"4-1-1"
960.24639909175448,37848,998,1,"1"
978.53631853146931,37837,1009,1,"1"
981.13551575025178,37799,1047,3,"2-1"
994.38037542430857,37779,1067,2,"2"
996.04687137388385,37761,1085,1,"1"
1003.2979521777048,37756,1090,1,"1"
1021.1495290465831,37738,1108,1,"1"
1024.1308574683594,37730,1116,2,"2"
1029.0772611714074,37705,1141,2,"1-1"
1031.9697188430459,37687,1159,1,"1"
1033.0581567044544,37669,1177,1,"1"
1037.0543565332459,37657,1189,2,"2"
1039.0511194065239,37639,1207,1,"1"
1043.9964212123298,37593,1253,4,"2-1-1"
1044.2876192495876,37560,1286,2,"2"
1060.826247461767,37547,1299,1,"1"
1061.7332706498069,37527,1319,2,"2"
1076.651874568342,37499,1347,2,"2"
1079.6099840234176,37485,1361,2,"2"
1082.3267005275286,37304,1542,23,"10-4-3-2-2-1-1"
1093.8175734020535,37268,1578,2,"2"
1099.0702498313483,37246,1600,2,"2"
1123.4947626471103,37228,1618,1,"1"
1126.8352237169738,37192,1654,2,"2"
1135.7776961054321,37174,1672,1,"1"
1139.7393559741208,37144,1702,2,"1-1"
1140.8016253906649,37126,1720,1,"1"
1144.6466760842254,37108,1738,1,"1"
1146.4515507029862,37077,1769,3,"2-1"
1146.9937890935421,37059,1787,1,"1"
1154.9640561828373,36917,1929,12,"5-3-2-1-1"
1162.9118736779365,36899,1947,1,"1"
1187.1385185148265,36848,1998,4,"3-1"
1188.4098356679754,36830,2016,1,"1"
1195.2199601586069,36806,2040,2,"2"
1201.5733369836182,36788,2058,1,"1"
1206.166711851776,0,38846,2075,"2075"
----------------------------------------------7
0,38846,0,0,"0"
54.022196602189204,38845,1,1,"1"
81.524135351733264,38844,2,1,"1"
83.166188541606786,38826,20,1,"1"
85.484497559596193,38825,21,1,"1"
123.38446389466448,38822,24,1,"1"
162.63348759532619,38804,42,1,"1"
165.12732461372974,38786,60,1,"1"
169.35993495723537,38785,61,1,"1"
172.59290070438044,38784,62,1,"1"
174.70888252198597,38774,72,1,"1"
183.63285172750781,38773,73,1,"1"
252.45207148404873,38772,74,1,"1"
255.96991201551941,38771,75,1,"1"
267.78241382326758,38768,78,1,"1"
333.107279643097,38767,79,1,"1"
335.26146115223042,38765,81,2,"2"
341.79849664380282,38764,82,1,"1"
352.78191240319745,38746,100,1,"1"
353.29469673290271,38728,118,1,"1"
362.16101926711468,38722,124,2,"2"
367.16287422936631,38704,142,1,"1"
370.9822004743915,38701,145,1,"1"
381.54731378710272,38694,152,1,"1"
391.01826594811524,38676,170,1,"1"
395.81718520386937,38658,188,1,"1"
397.66427006526374,38644,202,1,"1"
405.17663328649968,38641,205,3,"2-1"
417.56482215269261,38634,212,1,"1"
418.5383440214913,38633,213,1,"1"
429.48047216075776,38621,225,1,"1"
442.28638514127761,38603,243,1,"1"
480.50361858544704,38598,248,1,"1"
480.67491469322192,38580,266,1,"1"
480.89160731346942,38579,267,1,"1"
491.43085344104463,38567,279,1,"1"
510.99358492750588,38558,288,1,"1"
511.55349555139338,38551,295,1,"1"
530.24932652649682,38533,313,1,"1"
542.77164161570113,38515,331,1,"1"
544.91550012216396,38497,349,1,"1"
545.57226236776478,38479,367,1,"1"
576.30966894383732,38461,385,1,"1"
579.05793805011103,38443,403,1,"1"
615.83313053232121,38432,414,1,"1"
630.20527259986011,38421,425,1,"1"
631.98966698749837,38420,426,1,"1"
641.71864680863303,38413,433,1,"1"
647.75024213473387,38395,451,1,"1"
663.74082848841192,38392,454,1,"1"
670.89449754146858,38374,472,1,"1"
683.85836241312381,38365,481,1,"1"
684.60797966425264,38353,493,1,"1"
691.67718247453138,38348,498,1,"1"
704.84866911537563,38330,516,1,"1"
728.02932820679848,38320,526,2,"2"
731.40411694441445,38296,550,4,"2-1-1"
745.99790718982194,38286,560,1,"1"
750.48980081351112,38274,572,1,"1"
753.05320661168685,38256,590,1,"1"
754.52341979706262,38244,602,4,"2-1-1"
762.8372794961416,38239,607,1,"1"
789.23442508499488,38221,625,1,"1"
798.05218934608922,38203,643,1,"1"
799.214259353795,38185,661,1,"1"
800.97247005242355,38167,679,1,"1"
803.52037172066218,38155,691,1,"1"
810.020094801597,38137,709,1,"1"
814.76655077766566,38119,727,1,"1"
815.30188332178534,38114,732,1,"1"
816.23388836692379,38108,738,2,"2"
827.09971282593619,38090,756,1,"1"
832.9728195324135,38072,774,1,"1"
838.30855662156068,38067,779,1,"1"
845.71038725958931,38049,797,1,"1"
856.54110630100229,38031,815,1,"1"
873.96214114146039,38019,827,1,"1"
876.12575733144422,37981,865,3,"2-1"
884.11715067051921,37963,883,1,"1"
890.46697874851566,37950,896,3,"2-1"
908.35379992003266,37940,906,1,"1"
913.79470087197342,37922,924,1,"1"
917.66477246281397,37899,947,3,"2-1"
924.78279722498678,37892,954,1,"1"
928.76439683892681,37874,972,1,"1"
953.20256195886884,37856,990,1,"1"
970.93961626957071,37846,1000,2,"2"
983.25402456870631,37828,1018,1,"1"
988.51138975533763,37810,1036,1,"1"
989.87255717994435,37791,1055,3,"2-1"
990.07111506980846,37768,1078,3,"2-1"
1007.1534074524725,37750,1096,1,"1"
1014.1260846729501,37743,1103,1,"1"
1016.5977831208329,37725,1121,1,"1"
1018.2709569023091,37716,1130,1,"1"
1031.5513182255556,37661,1185,7,"6-1"
1033.5417766178643,37654,1192,1,"1"
1035.886149003835,37639,1207,1,"1"
1037.19758160944,37615,1231,4,"4"
1040.7095773579213,37607,1239,2,"1-1"
1041.3641763020187,37589,1257,1,"1"
1048.254733146963,37569,1277,2,"2"
1053.2205655256391,37551,1295,1,"1"
1062.445363884485,37533,1313,1,"1"
1065.0882697725106,37522,1324,1,"1"
1072.8756933564571,37485,1361,5,"3-2"
1076.658827690909,37467,1379,1,"1"
1080.7068829078073,37449,1397,1,"1"
1080.73605839369,37421,1425,2,"2"
1082.5619264838258,37403,1443,1,"1"
1083.0590929544073,37385,1461,1,"1"
1086.7804285574284,37369,1477,1,"1"
1095.5148112912045,37351,1495,1,"1"
1097.848305871207,37346,1500,1,"1"
1100.2959580737499,37328,1518,1,"1"
1109.8493416558267,37282,1564,3,"1-1-1"
1125.6613865416687,37264,1582,1,"1"
1127.6920812266105,37254,1592,1,"1"
1145.9322055847456,37236,1610,1,"1"
1158.1250863963357,37231,1615,1,"1"
1159.9361223398068,37213,1633,1,"1"
1169.2737074558736,37177,1669,2,"2"
1173.994423164321,37159,1687,1,"1"
1186.1219489606515,37141,1705,1,"1"
1188.0374514218322,37123,1723,1,"1"
1195.293500756258,37075,1771,4,"3-1"
1199.6570135637014,37057,1789,1,"1"
1224.0362678787092,37039,1807,1,"1"
1224.4270265052378,37021,1825,1,"1"
1228.5315696024404,37009,1837,1,"1"
1228.7400122787021,36951,1895,4,"2-1-1"
1243.9235050749546,36853,1993,8,"2-1-1-1-1-1-1"
1245.794476642453,36835,2011,1,"1"
1248.1887989230713,36809,2037,2,"1-1"
1253.6111038151328,36794,2052,1,"1"
1254.042781824206,36782,2064,1,"1"
1256.9511624227396,36764,2082,1,"1"
1258.2367647966084,36545,2301,22,"4-3-3-2-2-2-2-2-1-1"
1278.3392950163748,36505,2341,3,"3"
1284.9000900782048,36487,2359,1,"1"
1293.1395414840899,36469,2377,1,"1"
1310.9739393820721,36458,2388,1,"1"
1312.2097860339441,36440,2406,1,"1"
1314.1110777415502,36404,2442,2,"1-1"
1314.3011778510597,36386,2460,1,"1"
1316.6571304425304,36368,2478,1,"1"
1321.0815624245422,36355,2491,1,"1"
1324.9537233341764,36337,2509,1,"1"
1335.1685431003248,36226,2620,11,"7-2-1-1"
1341.0827270373879,36214,2632,1,"1"
1343.935774151839,0,38846,2040,"2040"
----------------------------------------------8
0,38846,0,0,"0"
59.62434905130565,38845,1,1,"1"
93.265546373045055,38836,10,1,"1"
104.1109409753889,38835,11,1,"1"
108.91893088075277,38834,12,1,"1"
125.53626766203766,38831,15,1,"1"
134.46678607977421,38813,33,1,"1"
135.81831305513626,38807,39,2,"2"
146.45063162823436,38789,57,1,"1"
204.35198678086198,38788,58,1,"1"
226.37943546549178,38779,67,1,"1"
271.04049501080169,38778,68,1,"1"
299.40289730422569,38777,69,1,"1"
302.8948464219838,38766,80,1,"1"
305.00147288175202,38752,94,1,"1"
305.2096617263814,38750,96,2,"2"
305.53188504751165,38749,97,1,"1"
306.71308821533802,38748,98,1,"1"
308.28165800434817,38747,99,1,"1"
316.80072025005921,38744,102,1,"1"
319.41950893178034,38741,105,1,"1"
331.57408233908063,38723,123,1,"1"
345.55697543601246,38711,135,1,"1"
346.42096795072916,38710,136,1,"1"
348.33794481405994,38690,156,2,"2"
350.40205468803907,38672,174,1,"1"
376.84578407685132,38654,192,1,"1"
389.32943463988681,38642,204,1,"1"
432.86095930595502,38641,205,1,"1"
437.3009872585364,38638,208,1,"1"
464.7098405346224,38635,211,1,"1"
482.45785023718975,38634,212,1,"1"
488.38868736445141,38626,220,4,"3-1"
495.21306227425441,38625,221,1,"1"
500.97505427900626,38620,226,1,"1"
504.67764770803615,38602,244,1,"1"
520.62234737701533,38599,247,1,"1"
530.8917000832962,38587,259,2,"1-1"
535.5623019754629,38575,271,1,"1"
541.05332826882193,38574,272,1,"1"
557.97060335964807,38568,278,2,"2"
562.13589006103098,38532,314,2,"1-1"
594.65680097863321,38514,332,1,"1"
620.6949049235692,38496,350,1,"1"
622.33185626704221,38486,360,1,"1"
623.3280912663123,38470,376,4,"2-2"
654.24932247001607,38440,406,3,"2-1"
656.93668695662677,38422,424,1,"1"
670.83630688474545,38416,430,2,"2"
674.24233062755184,38409,437,1,"1"
674.40584293610914,38391,455,1,"1"
692.82356630709853,38373,473,1,"1"
703.68039611899496,38345,501,2,"2"
712.10628126668121,38342,504,1,"1"
716.17999368316259,38330,516,1,"1"
737.44307988808725,38316,530,2,"2"
759.52243861308591,38311,535,1,"1"
791.40511183948968,38293,553,1,"1"
793.41111374653713,38275,571,1,"1"
802.42442140370576,38272,574,1,"1"
810.89559483728181,38254,592,1,"1"
812.77298809635408,38236,610,1,"1"
812.93775821602696,38220,626,1,"1"
820.48239511603549,38213,633,1,"1"
821.52034445395861,38195,651,1,"1"
845.95464019870633,38179,667,1,"1"
851.39051854596642,38161,685,1,"1"
871.04643094188395,38143,703,1,"1"
889.07408417212434,38125,721,1,"1"
889.90637976085577,38122,724,1,"1"
889.92467681451808,38104,742,1,"1"
909.75892450114395,38086,760,1,"1"
915.80486701408483,38081,765,1,"1"
923.51413902701586,38074,772,1,"1"
928.33675030727056,38065,781,1,"1"
929.05064238436648,38047,799,1,"1"
933.17558869686604,38042,804,1,"1"
933.90805350085657,38006,840,2,"1-1"
960.69991136628244,38001,845,1,"1"
964.2808301410231,37980,866,3,"2-1"
970.7286806977985,37962,884,1,"1"
970.95142457406359,37944,902,1,"1"
975.32332603243481,37926,920,2,"2"
976.09318569374921,37908,938,1,"1"
979.71732516123961,37890,956,1,"1"
1003.9292631210706,37872,974,1,"1"
1026.5905235818841,37865,981,1,"1"
1053.7069230134896,37847,999,1,"1"
1057.493353971068,37829,1017,1,"1"
1066.467227312452,37811,1035,1,"1"
1074.4407413159568,37775,1071,2,"1-1"
1080.8727855784296,37768,1078,1,"1"
1086.1217406008279,37750,1096,1,"1"
1103.7653314956101,37732,1114,1,"1"
1109.0944726439056,37714,1132,1,"1"
1117.644398340108,37696,1150,1,"1"
1122.5973007161149,37678,1168,1,"1"
1130.9872632234974,37668,1178,2,"2"
1136.7489911915136,37656,1190,1,"1"
1159.8650991630948,37644,1202,1,"1"
1169.1162919115261,37626,1220,1,"1"
1171.5059247223587,37619,1227,1,"1"
1193.5494411487089,37609,1237,1,"1"
1194.7112334538244,37591,1255,1,"1"
1196.3702641851089,37574,1272,3,"3"
1206.1665493523344,37555,1291,3,"3"
1210.7947545410407,37529,1317,2,"2"
1213.8156964892225,37493,1353,2,"2"
1215.7514429529281,37483,1363,1,"1"
1234.0388131185266,37415,1431,5,"3-2"
1244.1013552916138,37397,1449,1,"1"
1264.5439643969021,37390,1456,1,"1"
1276.1906235240147,37373,1473,3,"2-1"
1281.4321332148099,37355,1491,1,"1"
1285.6228830134698,37337,1509,1,"1"
1296.231783193464,37317,1529,2,"2"
1302.0453269933262,37262,1584,5,"2-2-1"
1306.0308724799613,37244,1602,1,"1"
1312.847181477033,37226,1620,1,"1"
1319.5464250971522,37208,1638,1,"1"
1320.3276871694216,37173,1673,3,"3"
1349.4817666571157,37157,1689,1,"1"
1359.1495652690876,37147,1699,1,"1"
1366.5483580034038,37120,1726,3,"1-1-1"
1374.3152968603251,37102,1744,1,"1"
1376.3850087297878,37084,1762,1,"1"
1379.3800264085658,37066,1780,1,"1"
1383.1854479926676,37048,1798,1,"1"
1394.5435762969803,37030,1816,1,"1"
1396.142672543328,37015,1831,1,"1"
1396.1951052034415,0,38846,2106,"2106"
----------------------------------------------9
0,38846,0,0,"0"
15.237958853952268,38845,1,1,"1"
20.399989669453415,38844,2,1,"1"
76.022634117008224,38843,3,1,"1"
123.617359380604,38838,8,1,"1"
124.45760061113255,38820,26,1,"1"
151.30630540833866,38815,31,1,"1"
185.34013551160939,38814,32,1,"1"
187.72151595331258,38813,33,1,"1"
222.63223842920434,38812,34,1,"1"
231.26843574036991,38811,35,1,"1"
235.49974637664965,38799,47,2,"2"
247.3377578282302,38798,48,1,"1"
286.04865416178956,38797,49,1,"1"
295.06625223333577,38796,50,1,"1"
296.66518923019225,38795,51,1,"1"
336.3974317605946,38794,52,1,"1"
346.1521761689587,38782,64,2,"2"
371.46059348811661,38764,82,1,"1"
378.36991008239193,38749,97,1,"1"
390.09034374049901,38746,100,1,"1"
440.71185826968951,38745,101,1,"1"
444.86844661362653,38743,103,2,"1-1"
461.97877440774477,38731,115,1,"1"
463.32061423010526,38724,122,1,"1"
485.48592050694765,38717,129,3,"2-1"
487.49833461604362,38714,132,1,"1"
494.23733631986079,38710,136,2,"1-1"
500.3299951468548,38698,148,1,"1"
514.74730332830097,38680,166,1,"1"
528.19288498582273,38662,184,1,"1"
528.27629812558359,38653,193,1,"1"
553.9189136600769,38652,194,1,"1"
564.51298454278958,38646,200,2,"2"
569.14935605331834,38636,210,1,"1"
573.04735586376421,38631,215,1,"1"
577.03749025628906,38611,235,2,"1-1"
586.40522524126914,38593,253,1,"1"
635.24005712243388,38575,271,1,"1"
668.52433912499828,38567,279,2,"1-1"
682.11311099926615,38555,291,1,"1"
694.32307721911457,38533,313,2,"2"
705.94463955480592,38515,331,1,"1"
720.90021387446234,38503,343,1,"1"
729.73295319663623,38500,346,1,"1"
733.92157590452825,38493,353,1,"1"
768.39032798315247,38475,371,1,"1"
769.00598540872033,38469,377,2,"1-1"
771.06993277895037,38451,395,1,"1"
799.32116232541853,38433,413,1,"1"
810.66713052528689,38415,431,1,"1"
818.61087408752246,38410,436,1,"1"
822.95703050659267,38392,454,2,"2"
824.43856912744207,38374,472,1,"1"
825.52849993682435,38356,490,1,"1"
838.08663251397763,38338,508,1,"1"
848.31708562005235,38321,525,3,"1-1-1"
852.31254957147439,38309,537,1,"1"
856.22960065389475,38290,556,3,"1-1-1"
859.21892021877818,38283,563,1,"1"
876.00332849650692,38261,585,2,"2"
876.40101325430828,38255,591,2,"2"
888.81087551916801,38252,594,1,"1"
895.53669179049268,38234,612,1,"1"
897.17938252631529,38199,647,2,"2"
904.98623114165798,38181,665,1,"1"
912.92317963889207,38159,687,4,"2-1-1"
913.93299891792276,38139,707,2,"2"
930.45314055868232,38121,725,1,"1"
933.85754340559185,38081,765,4,"2-2"
936.32387383053947,38074,772,1,"1"
942.62024771941628,38055,791,3,"2-1"
944.79548901476596,38044,802,1,"1"
948.03670147095261,38030,816,1,"1"
952.88545032028537,38016,830,2,"2"
971.44680969131355,38009,837,1,"1"
981.91610606847235,37973,873,2,"1-1"
988.63604586722738,37963,883,2,"2"
998.28595839171896,37945,901,1,"1"
998.35608508483131,37927,919,1,"1"
1008.1026983791821,37839,1007,7,"3-1-1-1-1"
1009.1224882336438,37821,1025,1,"1"
1013.2537343283797,37814,1032,1,"1"
1016.6241849735565,37796,1050,1,"1"
1019.442228908198,37784,1062,1,"1"
1030.3841285714254,37768,1078,1,"1"
1047.9930336538353,37758,1088,2,"2"
1080.0161698986228,37736,1110,2,"2"
1106.5915133119618,37709,1137,3,"3"
1115.5426877669618,37691,1155,1,"1"
1117.0845988668461,37673,1173,1,"1"
1118.471210731137,37655,1191,1,"1"
1118.7130636903091,37619,1227,2,"2"
1137.9678411911882,37599,1247,2,"1-1"
1144.7616347136864,37592,1254,1,"1"
1147.6114030657031,37550,1296,4,"1-1-1-1"
1153.9607255014428,37500,1346,6,"2-2-1-1"
1171.5430668419144,37414,1432,7,"2-2-1-1-1"
1179.515317602041,37396,1450,1,"1"
1191.553396876368,37378,1468,1,"1"
1195.8186444470034,37360,1486,1,"1"
1196.2409966826067,37078,1768,30,"7-5-4-4-2-2-1-1-1-1-1-1"
1197.2455204961859,37066,1780,1,"1"
1204.5083778885037,37048,1798,1,"1"
1204.5084364633954,37032,1814,1,"1"
1228.6349020443208,37014,1832,1,"1"
1232.8544218353529,36452,2394,44,"6-6-6-6-5-3-3-2-2-1-1-1-1-1"
1240.5511730464968,36434,2412,1,"1"
1245.1960033765133,36398,2448,2,"2"
1247.8316136338722,36380,2466,1,"1"
1249.8214294526549,36362,2484,1,"1"
1249.9664405046187,36344,2502,1,"1"
1250.2832196770469,36326,2520,1,"1"
1250.9895924780994,0,38846,2037,"2037"
