f,num_active_particles,num_deleted_particles,total_deleted_rods,avalanche_sizes
0,39391,0,0,"0"
71.06080882173039,39373,18,1,"1"
169.32925611987005,39372,19,1,"1"
177.5576155203274,39371,20,1,"1"
181.45499084638564,39370,21,1,"1"
201.76538865371259,39369,22,1,"1"
207.38551971243407,39368,23,1,"1"
219.32765252291753,39367,24,1,"1"
227.0658525140216,39359,32,4,"3-1"
229.31177079857304,39358,33,1,"1"
238.28403841900388,39357,34,1,"1"
239.81342282016053,39356,35,1,"1"
256.80631608469088,39354,37,2,"1-1"
260.37910438209366,39336,55,1,"1"
267.056724900414,39335,56,1,"1"
290.61898636449712,39333,58,2,"2"
313.1149044257441,39315,76,1,"1"
316.71961412194247,39313,78,2,"2"
325.92773863773471,39311,80,2,"2"
328.9361776755444,39310,81,1,"1"
353.86894557821171,39309,82,1,"1"
355.42608327355322,39305,86,4,"2-2"
355.54917475813699,39304,87,1,"1"
363.23495230621211,39303,88,1,"1"
371.27670994129699,39302,89,1,"1"
376.63501283727874,39301,90,1,"1"
381.93315734699951,39283,108,1,"1"
435.06943401391175,39280,111,1,"1"
436.06988816744666,39270,121,1,"1"
464.4997303409836,39266,125,2,"1-1"
506.18242897635014,39260,131,2,"2"
525.44147181029507,39248,143,1,"1"
538.27638110937073,39247,144,1,"1"
547.88622647164721,39237,154,1,"1"
575.77006529453081,39219,172,1,"1"
575.93765833619204,39214,177,1,"1"
576.63321521847683,39196,195,1,"1"
586.79069454770593,39194,197,2,"2"
616.56871301781541,39193,198,1,"1"
637.50880568879256,39181,210,1,"1"
657.62630529155103,39163,228,1,"1"
657.89281180182434,39160,231,1,"1"
673.54697566250752,39140,251,2,"1-1"
698.29339176288534,39135,256,1,"1"
755.25744920658246,39130,261,1,"1"
782.04064150897966,39112,279,1,"1"
784.03958287697333,39103,288,1,"1"
806.59676106036102,39089,302,2,"2"
810.55324713956975,39077,314,2,"2"
814.2814451077154,39068,323,1,"1"
817.56568261112,39032,359,2,"1-1"
828.46600405675679,39022,369,1,"1"
846.15430237996429,39013,378,1,"1"
846.52858178590725,38999,392,1,"1"
853.17757944859034,38994,397,1,"1"
872.35526664529584,38989,402,1,"1"
873.13781890527184,38971,420,1,"1"
898.09419401188518,38966,425,1,"1"
903.69328054821278,38959,432,1,"1"
919.85941092330938,38954,437,1,"1"
932.260510379435,38936,455,1,"1"
933.44512703358043,38918,473,1,"1"
937.38808891222379,38913,478,1,"1"
948.83328567846945,38904,487,1,"1"
977.77469031127441,38899,492,1,"1"
984.19148017095529,38881,510,1,"1"
1006.5567032596122,38859,532,2,"2"
1008.4001492638621,38841,550,1,"1"
1037.2527315961224,38823,568,1,"1"
1038.2297334026068,38809,582,2,"2"
1079.7244488400611,38799,592,1,"1"
1082.4250543670455,38781,610,1,"1"
1091.9235743100412,38772,619,1,"1"
1129.6263377962418,38763,628,1,"1"
1132.8926177827934,38754,637,1,"1"
1141.4766684487308,38736,655,1,"1"
1143.3509162787082,38721,670,3,"2-1"
1158.3867598879556,38689,702,3,"2-1"
1187.2344214874397,38686,705,1,"1"
1204.4122763300845,38668,723,1,"1"
1216.4457772878977,38637,754,5,"2-2-1"
1218.7022489575727,38619,772,1,"1"
1223.6604702328616,38601,790,1,"1"
1230.0319902640549,38578,813,2,"1-1"
1254.5450845565078,38560,831,1,"1"
1263.1142210799344,38540,851,2,"2"
1269.3994349100967,38527,864,1,"1"
1270.5889326313654,38509,882,1,"1"
1286.7050822800479,38491,900,1,"1"
1295.458718008575,38473,918,1,"1"
1311.5115997488481,38455,936,1,"1"
1311.644768381389,38452,939,1,"1"
1333.1628783308015,38392,999,8,"6-1-1"
1336.580345264151,38383,1008,1,"1"
1339.6318221360018,38355,1036,4,"2-1-1"
1344.3494927988365,38331,1060,2,"2"
1353.1665653744471,38313,1078,1,"1"
1360.1681031789767,38295,1096,1,"1"
1368.2200036166871,38277,1114,1,"1"
1370.3493374372113,38259,1132,1,"1"
1377.4703696587644,38209,1182,4,"2-1-1"
1386.5903975132985,38204,1187,1,"1"
1393.3417513533252,38186,1205,1,"1"
1395.9846365804453,38168,1223,1,"1"
1397.7218273205522,38100,1291,8,"4-2-1-1"
1400.3458320595053,38095,1296,1,"1"
1412.1025438408258,38077,1314,1,"1"
1427.5807444975458,38037,1354,3,"3"
1433.2299789397875,37971,1420,9,"4-3-1-1"
1438.9465297670286,37800,1591,14,"8-3-1-1-1"
1448.8009829596188,37786,1605,2,"2"
1459.1357787798377,37768,1623,1,"1"
1461.3253256636281,37745,1646,3,"2-1"
1466.1805889609777,37730,1661,1,"1"
1479.0227955316193,37712,1679,1,"1"
1482.7267997897754,37672,1719,4,"2-1-1"
1483.0178739333935,37663,1728,1,"1"
1485.1552305364344,37650,1741,1,"1"
1491.3719091166765,37615,1776,3,"2-1"
1491.7106452033984,37597,1794,1,"1"
1502.153933813292,37561,1830,2,"2"
1529.5221704228986,37543,1848,1,"1"
1535.3580730971275,37489,1902,3,"2-1"
1539.9974871446816,37462,1929,3,"2-1"
1540.2417404922314,37444,1947,1,"1"
1547.4626272630032,37262,2129,17,"8-6-2-1"
1551.5972351719688,37116,2275,10,"2-2-2-1-1-1-1"
1559.4087923756524,37030,2361,6,"2-2-1-1"
1562.3025580284118,37019,2372,1,"1"
1563.0401861417367,36983,2408,2,"2"
1569.1531988954889,36947,2444,2,"1-1"
1574.901385749273,36936,2455,1,"1"
1576.8092139111438,0,39391,2079,"2079"
----------------------------------------------1
0,39391,0,0,"0"
61.346712395785154,39379,12,1,"1"
69.742498602452287,39369,22,1,"1"
107.04447653058659,39351,40,1,"1"
107.45667153611798,39339,52,1,"1"
116.594883491207,39321,70,1,"1"
119.412606031756,39320,71,1,"1"
159.95902319800206,39319,72,1,"1"
165.19042419762584,39318,73,1,"1"
169.33422294687637,39308,83,1,"1"
177.33947947522654,39307,84,1,"1"
190.78471962818847,39306,85,1,"1"
192.96540704171554,39301,90,1,"1"
213.67308075836766,39300,91,1,"1"
226.92813727592477,39288,103,1,"1"
228.97012000437314,39270,121,1,"1"
258.90679355796652,39252,139,1,"1"
274.70424096194557,39251,140,1,"1"
281.07422597433606,39250,141,1,"1"
291.92914912004335,39247,144,3,"2-1"
301.28337330391975,39246,145,1,"1"
304.53681623344562,39245,146,1,"1"
305.16592665659289,39244,147,1,"1"
321.03746862348316,39243,148,1,"1"
325.25692926564642,39240,151,3,"3"
326.02873169571291,39239,152,1,"1"
332.04204281454201,39238,153,1,"1"
335.35101001446634,39237,154,1,"1"
338.88480885475428,39236,155,1,"1"
347.00818947449176,39222,169,2,"2"
350.15647102874038,39221,170,1,"1"
351.40389299346464,39217,174,2,"1-1"
351.50047983634391,39216,175,1,"1"
355.8809108475503,39211,180,1,"1"
369.29155432677425,39208,183,3,"2-1"
377.77062614402354,39203,188,1,"1"
415.10037109012637,39167,224,2,"1-1"
424.86971645657786,39166,225,1,"1"
429.85824758964486,39165,226,1,"1"
443.16545755534537,39164,227,1,"1"
453.30937445939782,39146,245,1,"1"
459.23282674899878,39144,247,2,"2"
462.71197014649988,39139,252,1,"1"
474.62718591906884,39136,255,1,"1"
480.7951260107418,39118,273,1,"1"
510.31827197304301,39117,274,1,"1"
521.78955815893789,39099,292,1,"1"
541.91005691889143,39096,295,1,"1"
588.39152930914111,39093,298,1,"1"
618.69554824219824,39078,313,3,"2-1"
662.88815085849251,39069,322,1,"1"
668.68045831501843,39023,368,3,"3"
691.61850989361335,38997,394,2,"2"
704.0766168483068,38992,399,1,"1"
704.41162522730451,38974,417,1,"1"
709.05309516247246,38956,435,1,"1"
726.38706701647595,38943,448,1,"1"
739.6354396731175,38933,458,1,"1"
763.43415358311893,38930,461,1,"1"
770.20188976905899,38912,479,1,"1"
812.67217251118973,38898,493,2,"2"
813.44640927956175,38884,507,2,"2"
817.88393462025988,38866,525,1,"1"
821.16220121808112,38848,543,1,"1"
823.42075151753181,38830,561,1,"1"
833.16905731728343,38818,573,2,"2"
835.63612769896827,38800,591,1,"1"
837.10276010546306,38782,609,1,"1"
839.11351982517692,38764,627,1,"1"
851.04896851041894,38746,645,1,"1"
852.29999822716547,38732,659,2,"2"
858.04386700767418,38727,664,1,"1"
869.85092347470254,38709,682,1,"1"
888.07648291147984,38691,700,1,"1"
906.73298740909115,38673,718,1,"1"
912.95085119596115,38655,736,1,"1"
915.06594810471711,38650,741,1,"1"
933.59481501874382,38622,769,2,"1-1"
943.96775585646844,38604,787,1,"1"
947.00337962887124,38599,792,1,"1"
954.26403453345472,38596,795,1,"1"
955.7890111651999,38578,813,1,"1"
959.68084301288548,38571,820,1,"1"
962.32558237408932,38557,834,2,"2"
966.62309981666851,38539,852,2,"1-1"
968.0855774497694,38521,870,1,"1"
974.61596234725801,38503,888,1,"1"
976.85925309538618,38485,906,1,"1"
977.26069713351706,38467,924,1,"1"
994.48984405897818,38457,934,1,"1"
994.88477101236936,38439,952,1,"1"
1001.8449952082185,38415,976,4,"2-1-1"
1034.095091603627,38397,994,1,"1"
1037.115047026351,38385,1006,1,"1"
1044.0275873726457,38367,1024,1,"1"
1082.9681534141785,38357,1034,2,"2"
1095.165288123663,38339,1052,1,"1"
1097.0480398122527,38310,1081,3,"1-1-1"
1106.9665898952478,38292,1099,1,"1"
1117.1631403000615,38274,1117,1,"1"
1118.5745710260221,38269,1122,1,"1"
1122.7689676572606,38251,1140,4,"2-1-1"
1129.3713384135922,38233,1158,1,"1"
1132.321587591322,38215,1176,1,"1"
1134.2903961351005,38197,1194,1,"1"
1147.7498137115113,38179,1212,1,"1"
1151.2492330361888,38161,1230,1,"1"
1170.3077461690427,38130,1261,3,"3"
1173.7514496971885,38094,1297,2,"2"
1176.6979489737005,38085,1306,1,"1"
1177.7945380773278,38067,1324,1,"1"
1182.7327418871043,38056,1335,1,"1"
1193.8686875799701,38038,1353,1,"1"
1197.2675140354063,38031,1360,1,"1"
1203.3766860058654,38013,1378,1,"1"
1227.947078775205,37995,1396,1,"1"
1229.8741767330905,37980,1411,3,"2-1"
1239.9701683423536,37962,1429,1,"1"
1249.2429877682507,37944,1447,1,"1"
1251.0132953830102,37926,1465,1,"1"
1263.3124738266481,37921,1470,1,"1"
1269.9889814481162,37903,1488,1,"1"
1278.9136612954308,37874,1517,5,"2-2-1"
1285.0102649831322,37865,1526,1,"1"
1286.184795757355,37860,1531,1,"1"
1291.1127000950203,37842,1549,1,"1"
1307.6013029673022,37824,1567,1,"1"
1312.8639382459444,37788,1603,2,"2"
1319.9350818852172,37770,1621,1,"1"
1320.4611539388127,37752,1639,1,"1"
1328.6223393640553,37734,1657,1,"1"
1332.5999438582871,37716,1675,1,"1"
1339.4345026160777,37704,1687,1,"1"
1342.9944762129503,37686,1705,1,"1"
1351.0040562017014,37668,1723,1,"1"
1360.3563152098127,37654,1737,1,"1"
1367.4809124325745,37636,1755,1,"1"
1375.0044810065999,37602,1789,6,"2-2-1-1"
1380.6286080459633,37584,1807,1,"1"
1389.9927854456539,37575,1816,1,"1"
1390.3265402752093,37539,1852,2,"1-1"
1392.7092511621561,37521,1870,1,"1"
1417.7156833295646,37503,1888,1,"1"
1423.4328142935422,37489,1902,2,"2"
1427.2246069050339,37477,1914,1,"1"
1448.9412655716133,37468,1923,1,"1"
1461.2715543589497,37424,1967,4,"2-2"
1466.1247158268193,37406,1985,1,"1"
1475.9094537826847,37388,2003,1,"1"
1484.4335549975117,37377,2014,1,"1"
1489.5370884125748,37359,2032,1,"1"
1498.973839754653,37310,2081,5,"3-2"
1505.0782802134117,37292,2099,1,"1"
1518.9061240196727,37087,2304,13,"7-2-1-1-1-1"
1520.7124078392835,36949,2442,11,"4-3-3-1"
1531.9499556091266,36876,2515,6,"3-1-1-1"
1546.602371838856,36858,2533,1,"1"
1553.3877811273894,0,39391,2090,"2090"
----------------------------------------------2
0,39391,0,0,"0"
19.671684981640059,39390,1,1,"1"
42.984735809883233,39389,2,1,"1"
45.274520642827667,39388,3,1,"1"
58.449891630140904,39370,21,1,"1"
60.859154418825653,39369,22,1,"1"
93.312295439456193,39368,23,1,"1"
96.604561164572928,39367,24,1,"1"
120.65168888322495,39366,25,1,"1"
135.81698468141846,39365,26,1,"1"
138.65803483770873,39347,44,1,"1"
169.77865516116771,39329,62,1,"1"
206.65680899332941,39311,80,1,"1"
222.19738965723829,39301,90,1,"1"
231.16589033545227,39300,91,1,"1"
235.86117710715408,39282,109,1,"1"
273.23515143817275,39281,110,1,"1"
283.77614596649255,39263,128,1,"1"
288.16774916458382,39260,131,3,"3"
289.48159951625098,39259,132,1,"1"
303.5673573364374,39257,134,2,"2"
319.186398130817,39256,135,1,"1"
323.08375658816044,39255,136,1,"1"
329.37045464685622,39254,137,1,"1"
342.5430057303588,39252,139,2,"1-1"
343.70319373162744,39251,140,1,"1"
344.59184607766974,39250,141,1,"1"
346.74221730881402,39249,142,1,"1"
355.20873632007005,39248,143,1,"1"
360.93585708141819,39247,144,1,"1"
365.36002642442816,39245,146,2,"2"
374.92613954877709,39244,147,1,"1"
387.08427720925522,39232,159,1,"1"
410.73542227951174,39230,161,2,"2"
411.72699203810583,39224,167,2,"2"
431.40473521101308,39223,168,1,"1"
435.58374614138665,39205,186,1,"1"
438.82769349335723,39195,196,1,"1"
458.22337987931081,39177,214,1,"1"
472.53119087487335,39149,242,2,"2"
480.97107499365757,39144,247,1,"1"
505.6568958843776,39126,265,1,"1"
515.77939024135571,39108,283,1,"1"
517.65792137691039,39090,301,1,"1"
531.04091304318501,39080,311,1,"1"
543.64795413552963,39062,329,1,"1"
550.257843675667,39061,330,1,"1"
557.49728984008834,39043,348,1,"1"
620.03378272846987,39041,350,2,"2"
622.9181726031884,39023,368,1,"1"
633.09316850904315,39005,386,1,"1"
633.59209065501238,39004,387,1,"1"
674.98812752339836,38995,396,1,"1"
689.56861139094042,38977,414,1,"1"
694.26968564085621,38968,423,1,"1"
724.42423850017576,38950,441,1,"1"
739.19195932957564,38932,459,1,"1"
743.38559833865713,38914,477,1,"1"
768.11689889535489,38909,482,1,"1"
772.73443895624814,38891,500,1,"1"
788.53034517833453,38881,510,1,"1"
800.29871938243195,38863,528,1,"1"
803.63213511482707,38858,533,1,"1"
831.53893629215906,38853,538,1,"1"
837.19365509018019,38835,556,1,"1"
840.44605597857901,38825,566,1,"1"
872.61608525252007,38820,571,1,"1"
878.33039261187309,38802,589,1,"1"
881.11234119906192,38784,607,1,"1"
886.18732149873358,38774,617,1,"1"
895.49548405634971,38738,653,2,"1-1"
899.299996390346,38720,671,1,"1"
909.79033904562152,38717,674,1,"1"
925.87424806426066,38712,679,1,"1"
957.64457068027389,38702,689,1,"1"
958.25157528633679,38684,707,1,"1"
964.73067815038291,38674,717,1,"1"
979.13476856078159,38669,722,1,"1"
987.4915383822505,38639,752,2,"2"
993.08937454732552,38631,760,2,"1-1"
994.90069430766687,38613,778,1,"1"
1003.3338743860488,38595,796,1,"1"
1031.2207303570956,38577,814,1,"1"
1032.3079167973897,38559,832,1,"1"
1068.9085034016337,38541,850,1,"1"
1074.4025473896577,38523,868,1,"1"
1083.7967223299715,38505,886,1,"1"
1084.5378721478899,38487,904,1,"1"
1097.9548555562499,38478,913,1,"1"
1113.1702796472841,38464,927,1,"1"
1115.529496736641,38446,945,1,"1"
1127.0256007114006,38428,963,1,"1"
1127.3911331408253,38408,983,2,"1-1"
1128.9643892534316,38401,990,1,"1"
1133.5783943504912,38383,1008,1,"1"
1134.4305759461831,38380,1011,1,"1"
1140.3939699186678,38362,1029,1,"1"
1146.8549476416854,38335,1056,3,"3"
1150.6629273577691,38240,1151,13,"5-3-2-1-1-1"
1152.896123184551,38226,1165,1,"1"
1167.2769740343915,38208,1183,1,"1"
1172.6906508575566,38203,1188,1,"1"
1187.0495709468867,38185,1206,1,"1"
1198.1227449489691,38167,1224,1,"1"
1202.9042974651129,38149,1242,1,"1"
1202.9416734915496,38131,1260,1,"1"
1243.1760627047236,38123,1268,2,"2"
1252.7589407157411,38055,1336,6,"5-1"
1256.3252195978946,38037,1354,1,"1"
1258.9016272514846,38019,1372,1,"1"
1273.6507737777285,37987,1404,2,"1-1"
1294.4381247113929,37977,1414,1,"1"
1301.735709538588,37959,1432,1,"1"
1309.173991233738,37949,1442,1,"1"
1322.9718474317601,37921,1470,4,"3-1"
1330.0741833049849,37903,1488,1,"1"
1334.9641853630046,37894,1497,1,"1"
1339.7968628661056,37876,1515,1,"1"
1355.5095690590235,37867,1524,1,"1"
1356.0508164108974,37789,1602,6,"2-2-1-1"
1359.0428500468763,37771,1620,1,"1"
1364.7662334293707,37759,1632,1,"1"
1372.3139991391404,37741,1650,1,"1"
1379.4128245037355,37723,1668,1,"1"
1383.4856608725008,37669,1722,3,"3"
1383.5723568947765,37651,1740,1,"1"
1384.34838179138,37633,1758,1,"1"
1393.374320819501,37615,1776,1,"1"
1396.7862033697236,37460,1931,21,"5-4-3-2-2-2-1-1-1"
1403.4558773766398,37455,1936,1,"1"
1405.0371029818064,37419,1972,2,"2"
1411.243059537313,37401,1990,1,"1"
1420.4379521583635,37369,2022,2,"2"
1421.5377348191769,37351,2040,1,"1"
1423.0510037384358,37338,2053,1,"1"
1423.1125652317346,37320,2071,1,"1"
1425.7863297352144,37286,2105,3,"1-1-1"
1429.3414917744028,37268,2123,1,"1"
1431.3564291949633,37257,2134,1,"1"
1432.870707160768,37225,2166,4,"3-1"
1438.1456288757709,37176,2215,5,"3-2"
1448.783608571749,37158,2233,1,"1"
1452.213763994745,37140,2251,1,"1"
1458.0182121073688,37135,2256,1,"1"
1466.2004860013226,37111,2280,2,"1-1"
1480.1923929296559,37087,2304,2,"2"
1481.3028289675408,37069,2322,1,"1"
1484.9248895556564,37055,2336,1,"1"
1486.768766118216,37035,2356,2,"1-1"
1489.3694403010884,36950,2441,7,"3-2-2"
1491.1672671605256,36928,2463,2,"2"
1496.1978097057668,36910,2481,1,"1"
1496.4515256120533,36860,2531,4,"2-1-1"
1507.1922460609853,36842,2549,1,"1"
1509.5022251035989,36824,2567,1,"1"
1517.233818849684,36806,2585,1,"1"
1523.3822641987124,36796,2595,1,"1"
1524.4193963793246,0,39391,2084,"2084"
----------------------------------------------3
0,39391,0,0,"0"
46.639258172646109,39390,1,1,"1"
62.155435495781667,39384,7,2,"2"
78.524188357610015,39383,8,1,"1"
149.50886633745696,39382,9,1,"1"
155.2171431246357,39381,10,1,"1"
171.00912309018005,39380,11,1,"1"
180.32389297406112,39374,17,2,"2"
182.27028780415637,39364,27,1,"1"
187.88996249014986,39362,29,2,"2"
203.35555644724883,39361,30,1,"1"
208.20181219534774,39357,34,4,"4"
214.87753654585049,39339,52,1,"1"
225.02816670841554,39337,54,2,"1-1"
237.85261182753726,39327,64,1,"1"
263.65347751306172,39326,65,1,"1"
265.04376050943512,39314,77,1,"1"
279.60004007784664,39313,78,1,"1"
297.76107070897092,39312,79,1,"1"
300.8351500802242,39294,97,1,"1"
321.75944143439466,39293,98,1,"1"
336.07503710477874,39292,99,1,"1"
342.07205510946875,39291,100,1,"1"
347.92711544263483,39289,102,2,"2"
351.53902301188464,39271,120,1,"1"
365.34198035207294,39270,121,1,"1"
370.63032979437861,39269,122,1,"1"
376.35953056711134,39268,123,1,"1"
377.27322367290424,39267,124,1,"1"
396.44915136410111,39257,134,1,"1"
412.51322974607353,39245,146,1,"1"
439.53752763845586,39242,149,1,"1"
440.51266919086976,39241,150,1,"1"
458.81858296485603,39223,168,1,"1"
468.60252324822721,39218,173,1,"1"
474.57458697350313,39200,191,1,"1"
477.40533569136772,39199,192,1,"1"
482.41056260897324,39189,202,1,"1"
483.82471343642845,39187,204,2,"2"
527.20908873665201,39169,222,1,"1"
528.77846092165646,39155,236,1,"1"
531.61439320998386,39137,254,1,"1"
532.41605939628255,39135,256,2,"2"
535.60827082159676,39134,257,1,"1"
553.01640894755622,39124,267,1,"1"
553.2568721765906,39106,285,1,"1"
554.89215811822271,39104,287,2,"2"
557.66789614045035,39086,305,1,"1"
558.49459675226763,39063,328,2,"2"
586.7106675694555,39060,331,1,"1"
601.09995511362558,39042,349,1,"1"
669.99981455004115,39024,367,2,"2"
671.08373567075489,39012,379,1,"1"
675.84287379295381,39002,389,1,"1"
680.32236074687751,38988,403,1,"1"
684.72004738118642,38970,421,1,"1"
686.597974146507,38952,439,1,"1"
739.03975677810377,38947,444,1,"1"
765.80374411655998,38942,449,1,"1"
766.32204776830633,38937,454,1,"1"
782.83002025304006,38919,472,1,"1"
794.35674082784976,38914,477,1,"1"
823.56035523965386,38896,495,1,"1"
880.6829695050244,38878,513,1,"1"
888.76509946838462,38860,531,1,"1"
896.73444013335109,38855,536,1,"1"
926.40966255555247,38837,554,1,"1"
946.74447115490432,38801,590,2,"2"
960.65646057491551,38791,600,1,"1"
979.39856144546536,38777,614,1,"1"
980.83992777316178,38772,619,1,"1"
998.47918977154245,38754,637,1,"1"
1025.6708871899341,38736,655,1,"1"
1051.174211280947,38718,673,1,"1"
1053.2971706745716,38700,691,1,"1"
1055.6650363698798,38691,700,3,"3"
1057.5709488383088,38673,718,1,"1"
1059.5325557887625,38654,737,3,"2-1"
1085.0231818032971,38636,755,1,"1"
1106.4438826326289,38618,773,1,"1"
1108.5583471284911,38606,785,2,"2"
1110.222214281893,38584,807,2,"2"
1118.6552951264161,38566,825,1,"1"
1130.8202316469128,38548,843,2,"2"
1131.6680719973315,38384,1007,21,"3-3-3-2-2-2-1-1-1-1-1-1"
1131.701568251538,38366,1025,1,"1"
1153.6209994000856,38348,1043,1,"1"
1153.8034730626712,38286,1105,10,"3-3-2-1-1"
1166.3772062697681,38268,1123,1,"1"
1170.1551734511463,38253,1138,3,"1-1-1"
1190.8690401564163,38235,1156,1,"1"
1196.2824424893995,38217,1174,1,"1"
1196.943888778304,38191,1200,2,"1-1"
1198.7113926206473,38173,1218,1,"1"
1199.3079110146773,38155,1236,1,"1"
1202.1515781673595,38141,1250,1,"1"
1206.1298708709471,38105,1286,2,"1-1"
1206.5879392529368,38100,1291,1,"1"
1239.7286311897294,38091,1300,1,"1"
1242.4610541194943,38073,1318,1,"1"
1252.3905449417045,38043,1348,3,"3"
1254.1582636946998,38033,1358,1,"1"
1264.0554685044237,38015,1376,1,"1"
1265.5071195971004,38000,1391,1,"1"
1293.841692875912,37982,1409,1,"1"
1294.9817906508372,37964,1427,1,"1"
1298.9813947924399,37856,1535,13,"5-3-2-2-1"
1304.3243824190233,37838,1553,1,"1"
1319.9686680748687,37826,1565,1,"1"
1326.009659294916,37808,1583,1,"1"
1344.2884170574305,37790,1601,1,"1"
1345.4446493065795,37772,1619,1,"1"
1347.2521856533356,37726,1665,3,"2-1"
1356.0723030893823,37708,1683,1,"1"
1367.5329367210888,37656,1735,4,"2-1-1"
1389.0634501556069,37620,1771,2,"2"
1398.3615980056204,37602,1789,1,"1"
1402.886980491156,37579,1812,3,"2-1"
1407.8602746620254,37561,1830,1,"1"
1428.9317395051876,37543,1848,1,"1"
1433.6045099699443,37525,1866,1,"1"
1442.0609078913681,37515,1876,1,"1"
1442.2401980213042,37497,1894,1,"1"
1449.7111288850426,37439,1952,5,"4-1"
1487.2570787578575,37421,1970,1,"1"
1488.3034077233083,37403,1988,1,"1"
1494.9188796589403,37394,1997,1,"1"
1495.3040115089998,37367,2024,2,"1-1"
1507.7313982108174,37349,2042,1,"1"
1516.5467485783738,37313,2078,2,"2"
1517.89405310968,37295,2096,1,"1"
1530.6533796132881,37277,2114,1,"1"
1530.8165173543762,37259,2132,1,"1"
1540.3196393313804,37248,2143,1,"1"
1542.5795304362307,37088,2303,13,"4-3-3-2-1"
1550.4562915253612,37070,2321,1,"1"
1551.611663298029,37052,2339,1,"1"
1556.8739996282352,36977,2414,5,"5"
1560.2129515585148,36959,2432,1,"1"
1561.642474377818,36941,2450,1,"1"
1575.3901016284035,36927,2464,1,"1"
1579.9878198574952,36894,2497,2,"2"
1591.632734124976,36876,2515,1,"1"
1593.1294880331602,36871,2520,1,"1"
1596.9784041713826,36815,2576,4,"2-1-1"
1609.0412153931211,36797,2594,1,"1"
1619.31731922525,36779,2612,1,"1"
1620.2250846706872,36582,2809,17,"3-2-2-2-2-1-1-1-1-1-1"
1633.4476834522065,36564,2827,1,"1"
1638.6440140234529,36546,2845,1,"1"
1642.8736458790872,36492,2899,3,"2-1"
1643.5353944564058,36483,2908,1,"1"
1657.5311515776937,36469,2922,1,"1"
1666.1104790497579,36443,2948,2,"1-1"
1675.9608517286817,36425,2966,1,"1"
1676.7555916015749,36416,2975,1,"1"
1678.7436286457482,36380,3011,2,"2"
1683.0476231275079,36362,3029,1,"1"
1698.1235379371517,36344,3047,1,"1"
1700.811029325348,36256,3135,7,"2-2-1-1-1"
1703.8237073376761,36238,3153,1,"1"
1711.3150923323437,36142,3249,6,"4-2"
1712.1946018592914,36124,3267,1,"1"
1717.9510738871531,0,39391,2033,"2033"
----------------------------------------------4
0,39391,0,0,"0"
41.829182919850709,39389,2,2,"2"
108.43582036200984,39388,3,1,"1"
127.24455139739976,39387,4,1,"1"
130.71234358537785,39386,5,1,"1"
142.62840635518796,39385,6,1,"1"
155.7753785126437,39383,8,2,"2"
161.57606480840246,39382,9,1,"1"
167.06813243292834,39381,10,1,"1"
186.2544229951981,39380,11,1,"1"
189.90653384968778,39378,13,2,"2"
200.00507937830133,39377,14,1,"1"
200.2638076143794,39376,15,1,"1"
211.9661901234515,39375,16,1,"1"
243.34828641526383,39373,18,2,"1-1"
278.52606387526998,39364,27,1,"1"
293.01722016784623,39361,30,3,"3"
293.76626763499905,39358,33,3,"2-1"
302.26346255694767,39357,34,1,"1"
306.69687628759164,39356,35,1,"1"
312.8525119707412,39320,71,2,"2"
313.62051513594662,39317,74,1,"1"
337.45540136802828,39316,75,1,"1"
343.05739739457852,39298,93,1,"1"
351.00369336880016,39297,94,1,"1"
360.30463722736459,39295,96,2,"2"
371.26350389452568,39277,114,1,"1"
373.95409396667606,39276,115,1,"1"
374.57142448793502,39274,117,2,"2"
380.33601757660182,39264,127,1,"1"
399.28715524214027,39246,145,1,"1"
429.09194078153746,39241,150,1,"1"
460.01068314462839,39240,151,1,"1"
465.28600780224372,39228,163,1,"1"
473.59886269154538,39210,181,1,"1"
516.99987540803909,39209,182,1,"1"
518.71253108377618,39191,200,1,"1"
522.63996053984783,39186,205,1,"1"
526.07573949918412,39168,223,2,"2"
530.30171428385029,39150,241,1,"1"
542.17953251126175,39140,251,1,"1"
543.34915456028045,39134,257,2,"2"
544.97590569217959,39124,267,1,"1"
575.16841070155192,39112,279,1,"1"
579.80276780173131,39107,284,1,"1"
649.51467932347964,39089,302,1,"1"
653.83996226500335,39071,320,1,"1"
692.03056996111673,39070,321,1,"1"
692.2450417997286,39060,331,1,"1"
697.55042671454976,39046,345,1,"1"
699.88573016591863,39028,363,1,"1"
718.83834145913795,39018,373,2,"2"
742.42315091158753,39000,391,1,"1"
755.29292189659998,38995,396,1,"1"
773.42758031552887,38977,414,1,"1"
788.6880183901676,38967,424,1,"1"
791.67748461660233,38939,452,2,"2"
820.42730859517599,38921,470,1,"1"
824.98468158643038,38916,475,1,"1"
833.51986339947575,38898,493,1,"1"
843.66979712756688,38891,500,1,"1"
850.13320877094066,38873,518,1,"1"
851.24679182640295,38855,536,1,"1"
861.24712275343575,38837,554,1,"1"
876.42518848986094,38819,572,1,"1"
885.91255732410843,38801,590,1,"1"
899.92360387300835,38791,600,1,"1"
907.8779415000439,38760,631,5,"5"
926.80027372350833,38755,636,1,"1"
939.77407840429487,38745,646,1,"1"
970.11339966850039,38719,672,4,"2-1-1"
976.83462580788205,38701,690,1,"1"
982.00723373229073,38665,726,2,"1-1"
985.3984065483578,38660,731,1,"1"
988.01421516458936,38649,742,1,"1"
997.19975139211567,38644,747,1,"1"
999.28600305388113,38624,767,2,"2"
1002.831228686749,38606,785,1,"1"
1004.9164048404241,38588,803,1,"1"
1021.6381621452624,38583,808,1,"1"
1026.2348812690093,38578,813,1,"1"
1027.2726546969266,38560,831,1,"1"
1038.0019474201258,38542,849,1,"1"
1040.1408271147629,38537,854,1,"1"
1041.8621123288499,38534,857,1,"1"
1043.2382388953074,38524,867,1,"1"
1047.2727495494105,38514,877,2,"2"
1048.0857637393597,38486,905,4,"3-1"
1062.0285180845299,38468,923,1,"1"
1072.1822797844804,38458,933,2,"2"
1077.1219502787901,38440,951,1,"1"
1077.7501059719723,38422,969,1,"1"
1086.8283637198649,38392,999,2,"1-1"
1099.3882822764535,38368,1023,2,"2"
1111.7082867557417,38350,1041,1,"1"
1116.1363243022488,38345,1046,1,"1"
1127.2686778508162,38327,1064,1,"1"
1128.7903668826741,38324,1067,1,"1"
1139.8164109034465,38288,1103,2,"1-1"
1140.3613689828467,38277,1114,1,"1"
1154.9148710418935,38218,1173,9,"3-2-1-1-1-1"
1182.4396872778975,38194,1197,4,"3-1"
1186.7263124712204,38158,1233,2,"2"
1193.6015802709303,38140,1251,1,"1"
1194.1934536351771,38104,1287,2,"1-1"
1196.5410792645516,38094,1297,1,"1"
1196.9908789260635,38076,1315,1,"1"
1199.3527403118408,38062,1329,2,"2"
1213.0877979454788,38052,1339,1,"1"
1229.0669505051756,38034,1357,1,"1"
1230.1287535742458,38016,1375,1,"1"
1233.7971247197806,37998,1393,1,"1"
1242.0574400629901,37986,1405,1,"1"
1245.4758479230302,37975,1416,1,"1"
1246.7773328766182,37957,1434,1,"1"
1251.5637962935552,37939,1452,1,"1"
1255.5082290551422,37934,1457,1,"1"
1257.982450887806,37916,1475,1,"1"
1262.1692002031036,37898,1493,1,"1"
1266.979899285149,37880,1511,1,"1"
1271.2154444298637,37866,1525,1,"1"
1303.7610168583751,37848,1543,1,"1"
1312.7962145822432,37830,1561,1,"1"
1318.8589857512804,37812,1579,1,"1"
1326.4458812066291,37794,1597,1,"1"
1331.6029048763078,37774,1617,2,"2"
1332.5988576887062,37756,1635,1,"1"
1332.7492765811819,37738,1653,1,"1"
1340.6434509783214,37720,1671,1,"1"
1341.6966175718924,37711,1680,1,"1"
1364.8585200899288,37693,1698,1,"1"
1382.0539126248248,37652,1739,5,"2-2-1"
1383.3402559775548,37638,1753,1,"1"
1383.6882554193326,37620,1771,1,"1"
1393.8679781158946,37602,1789,1,"1"
1407.0736590186118,37486,1905,10,"6-1-1-1-1"
1407.5571538298047,37468,1923,1,"1"
1420.525018221625,37454,1937,2,"2"
1426.2997252590008,37436,1955,1,"1"
1431.1070098281391,37409,1982,2,"1-1"
1445.5337536680961,37391,2000,1,"1"
1462.1624786261136,37375,2016,1,"1"
1470.2008175460126,37357,2034,1,"1"
1473.2941498517221,37344,2047,1,"1"
1476.8357366290777,37331,2060,1,"1"
1481.7625823704216,37313,2078,1,"1"
1485.3475264072695,37293,2098,2,"2"
1488.3278212487453,37131,2260,17,"4-3-3-3-2-1-1"
1488.5953166812333,37095,2296,2,"2"
1488.9196838941286,37059,2332,2,"2"
1490.9415606226657,37041,2350,1,"1"
1497.9861500343097,37023,2368,1,"1"
1503.7784066189131,37005,2386,1,"1"
1505.046446035497,36987,2404,1,"1"
1511.5097332069713,36976,2415,1,"1"
1516.5085661702224,36940,2451,2,"2"
1525.5035805357402,36922,2469,1,"1"
1541.6045125525832,36904,2487,1,"1"
1545.5953754914501,36825,2566,7,"2-2-1-1-1"
1559.2480149210057,36807,2584,1,"1"
1562.647046534933,36794,2597,1,"1"
1565.1119741195057,36736,2655,4,"2-1-1"
1567.6299045303044,36718,2673,1,"1"
1571.2556086156169,36700,2691,1,"1"
1585.7556048892598,36604,2787,8,"4-1-1-1-1"
1588.8257446650261,36586,2805,1,"1"
1591.4718547099815,36560,2831,2,"2"
1593.4347881163671,0,39391,2063,"2063"
----------------------------------------------5
0,39391,0,0,"0"
51.786089966192428,39390,1,1,"1"
100.26127001177775,39389,2,1,"1"
101.47807192085826,39388,3,1,"1"
111.09418238940347,39383,8,1,"1"
161.22954690078333,39382,9,1,"1"
185.96580410431227,39381,10,1,"1"
190.80394338173863,39363,28,1,"1"
200.88997645543964,39362,29,1,"1"
208.66432419467736,39361,30,1,"1"
215.67126710863485,39359,32,2,"2"
216.13276877491009,39341,50,1,"1"
246.264508710917,39340,51,1,"1"
247.64072426812839,39339,52,1,"1"
253.30129273116791,39338,53,1,"1"
260.2204209958424,39336,55,2,"1-1"
278.66430313911565,39335,56,1,"1"
288.81100469464008,39317,74,1,"1"
321.76140475361433,39305,86,1,"1"
331.05154245121855,39293,98,4,"3-1"
338.46345440495207,39291,100,2,"2"
339.88401015326701,39290,101,1,"1"
345.40320824917308,39272,119,1,"1"
346.71684025893308,39262,129,1,"1"
365.15265283974963,39261,130,1,"1"
371.88822607731061,39243,148,1,"1"
383.47139727177654,39233,158,1,"1"
392.45235868785443,39231,160,2,"2"
417.16617910573552,39230,161,1,"1"
425.75464656518989,39228,163,2,"2"
429.27114775042241,39210,181,1,"1"
434.05680219965546,39206,185,2,"2"
442.67352354656316,39200,191,2,"2"
444.33732134163165,39197,194,3,"2-1"
456.96016462196661,39196,195,1,"1"
485.54584643410374,39186,205,1,"1"
490.12730276942665,39184,207,2,"1-1"
519.88704876981683,39183,208,1,"1"
530.42462078772769,39172,219,3,"2-1"
554.03663195160766,39154,237,1,"1"
578.3396911973249,39136,255,1,"1"
585.74097692212979,39131,260,1,"1"
607.5069477802831,39118,273,1,"1"
685.24572725193491,39104,287,2,"2"
695.29553206487401,39094,297,1,"1"
695.76909616915657,39076,315,1,"1"
698.89594867471601,39071,320,1,"1"
709.68261136243564,39058,333,1,"1"
733.31313363511731,39047,344,1,"1"
735.21151824221511,39042,349,1,"1"
741.18234669109358,39022,369,2,"1-1"
744.40306074727766,39004,387,1,"1"
746.71581159267578,38986,405,1,"1"
753.14044268923897,38979,412,1,"1"
779.54282607821278,38969,422,1,"1"
807.63374441834162,38951,440,1,"1"
817.97975845324549,38948,443,1,"1"
838.93768413912369,38943,448,1,"1"
848.55061424582732,38940,451,1,"1"
866.77786598074749,38934,457,2,"2"
870.78406962180418,38898,493,4,"1-1-1-1"
872.04496875444022,38880,511,1,"1"
897.85955326448391,38862,529,1,"1"
902.26129550772305,38852,539,1,"1"
905.42602579533559,38834,557,1,"1"
917.82702245209441,38816,575,1,"1"
925.97862909857395,38802,589,1,"1"
934.06231791893686,38790,601,1,"1"
939.05871898616624,38764,627,2,"1-1"
955.91554615817176,38752,639,1,"1"
965.57009099125332,38740,651,1,"1"
987.17818583341943,38722,669,1,"1"
1020.8744009208152,38717,674,1,"1"
1030.165455808276,38699,692,1,"1"
1050.6800306260807,38681,710,1,"1"
1063.4078390152083,38663,728,1,"1"
1065.8031513628907,38645,746,1,"1"
1074.752411985236,38606,785,5,"2-2-1"
1078.0425435016291,38588,803,1,"1"
1085.3066092503327,38570,821,1,"1"
1095.4641519081154,38552,839,1,"1"
1097.3420420825394,38542,849,2,"2"
1107.5408746446669,38516,875,2,"2"
1109.8766990995082,38472,919,4,"3-1"
1118.5030110317168,38467,924,1,"1"
1125.6207122576163,38431,960,2,"2"
1125.7577948899927,38413,978,1,"1"
1127.5332145376917,38395,996,1,"1"
1139.7792871581344,38377,1014,1,"1"
1151.0711000584959,38303,1088,5,"3-1-1"
1151.5309228064666,38298,1093,1,"1"
1166.3762191619915,38295,1096,1,"1"
1174.1066140469648,38277,1114,1,"1"
1196.3437146099984,38259,1132,1,"1"
1197.3439713562479,38241,1150,1,"1"
1206.0036523430297,38223,1168,1,"1"
1211.355925918577,38213,1178,1,"1"
1225.0454091329505,38163,1228,4,"1-1-1-1"
1232.3586521459085,38145,1246,1,"1"
1241.0674813458634,38132,1259,1,"1"
1242.909081695278,38114,1277,1,"1"
1244.9935270247638,38105,1286,1,"1"
1248.863493010241,38087,1304,1,"1"
1255.814089730605,38051,1340,2,"2"
1260.7645380441897,38033,1358,1,"1"
1262.3088643307208,38015,1376,1,"1"
1272.1314683533053,38001,1390,2,"2"
1278.611123622798,37961,1430,8,"2-2-2-1-1"
1281.3822896757292,37943,1448,1,"1"
1302.956295677852,37930,1461,1,"1"
1306.3906982806172,37874,1517,5,"2-1-1-1"
1306.8093818366622,37856,1535,1,"1"
1308.9841343532821,37782,1609,8,"6-1-1"
1319.0739816288974,37769,1622,1,"1"
1338.7452348552499,37751,1640,1,"1"
1340.3408913783514,37733,1658,1,"1"
1341.9651221276965,37708,1683,3,"2-1"
1347.9826000118142,37699,1692,1,"1"
1354.7611610869071,37659,1732,4,"4"
1357.5561152038958,37648,1743,1,"1"
1380.1260638329495,37635,1756,1,"1"
1390.6994759560059,37615,1776,2,"1-1"
1399.5011687864551,37579,1812,2,"1-1"
1404.0037513491827,37561,1830,1,"1"
1407.0311508784853,37512,1879,7,"4-2-1"
1415.9157540239444,37494,1897,1,"1"
1419.2640749804912,37476,1915,1,"1"
1420.8986274370923,37458,1933,1,"1"
1421.0103885934577,37439,1952,3,"2-1"
1421.2049033203916,37421,1970,1,"1"
1426.5371816258719,37411,1980,1,"1"
1427.5013812161242,37294,2097,12,"4-3-2-2-1"
1431.2468736326596,37281,2110,1,"1"
1431.9395450389466,37209,2182,4,"3-1"
1435.8329477561931,37191,2200,1,"1"
1440.2170378565936,37173,2218,1,"1"
1441.7064349132952,37155,2236,1,"1"
1442.16216290497,37074,2317,7,"3-1-1-1-1"
1462.0288567689904,37044,2347,2,"1-1"
1462.9040806844687,37026,2365,1,"1"
1463.3584923498388,36991,2400,3,"3"
1467.1855476479579,36955,2436,2,"2"
1468.083134099342,36937,2454,1,"1"
1470.1710945803245,36919,2472,1,"1"
1476.0630335402304,36504,2887,35,"7-7-5-4-3-2-2-1-1-1-1-1"
1485.1558006029748,36486,2905,1,"1"
1489.1004520084387,36468,2923,1,"1"
1496.7273944408512,0,39391,2050,"2050"
----------------------------------------------6
0,39391,0,0,"0"
60.292442786499556,39390,1,1,"1"
97.900690893220343,39389,2,1,"1"
106.63380739410601,39386,5,1,"1"
107.20534817360605,39384,7,2,"2"
153.19083133245309,39383,8,1,"1"
160.97587286050452,39365,26,1,"1"
183.57888054145312,39364,27,1,"1"
209.2162062897026,39363,28,1,"1"
210.5374472131605,39345,46,1,"1"
218.97176718230932,39344,47,1,"1"
230.8478959474084,39343,48,1,"1"
246.69637290605252,39342,49,1,"1"
269.05698189634529,39341,50,1,"1"
274.02135443544034,39340,51,1,"1"
293.46444832883975,39322,69,1,"1"
293.73628178462678,39321,70,1,"1"
305.32233591861313,39317,74,4,"4"
309.35880853152997,39316,75,1,"1"
311.64213051952299,39315,76,1,"1"
319.10910282713775,39314,77,1,"1"
323.42377255735852,39296,95,1,"1"
348.86088264761338,39295,96,1,"1"
357.36767634907756,39294,97,1,"1"
362.75232545908716,39293,98,1,"1"
371.31275530555575,39292,99,1,"1"
380.54785895403205,39291,100,1,"1"
381.61069579933729,39290,101,1,"1"
396.764229005088,39289,102,1,"1"
399.21707355451792,39288,103,1,"1"
415.8840582498554,39270,121,1,"1"
425.68860933397525,39267,124,1,"1"
431.97055178513409,39249,142,1,"1"
439.09631950342344,39225,166,2,"1-1"
445.22093197630454,39224,167,1,"1"
454.77385910768032,39221,170,1,"1"
455.51909855362868,39218,173,3,"2-1"
482.68021318715159,39200,191,1,"1"
494.01907744777151,39198,193,2,"2"
507.17496180507334,39193,198,1,"1"
509.33089633101798,39191,200,2,"1-1"
532.00166074558206,39173,218,1,"1"
536.97499895633234,39163,228,1,"1"
537.0166673224378,39145,246,1,"1"
540.30356476990085,39142,249,1,"1"
542.70380976103024,39124,267,1,"1"
559.76747731206933,39106,285,1,"1"
561.73776044426506,39103,288,1,"1"
589.92711551242394,39085,306,1,"1"
591.10385738971593,39067,324,1,"1"
598.4058375723688,39055,336,1,"1"
627.44194571991693,39045,346,1,"1"
638.62206534303095,39027,364,1,"1"
651.24431576636641,39009,382,1,"1"
666.1388392883573,38973,418,2,"1-1"
737.8391729980965,38968,423,1,"1"
762.46745580278105,38946,445,2,"1-1"
768.71175630857635,38928,463,1,"1"
795.93469505542259,38918,473,1,"1"
801.91195839631428,38908,483,2,"2"
810.85217659683281,38872,519,2,"2"
818.27125575092396,38854,537,1,"1"
821.54816813584796,38845,546,1,"1"
824.3925615466552,38827,564,1,"1"
858.40508066230836,38817,574,1,"1"
873.71242495965487,38799,592,1,"1"
878.22234261190431,38790,601,1,"1"
891.83889372141596,38772,619,1,"1"
902.71615383421772,38767,624,1,"1"
920.76399239468208,38764,627,1,"1"
921.40498176755091,38750,641,2,"2"
928.87854051098532,38740,651,1,"1"
940.86829970064628,38722,669,1,"1"
943.86641174632257,38717,674,1,"1"
946.88158263873902,38699,692,1,"1"
950.33185809480165,38686,705,3,"2-1"
950.65537537922819,38668,723,1,"1"
952.00863701163246,38650,741,1,"1"
952.88861039577966,38586,805,6,"3-2-1"
979.52263093355145,38568,823,1,"1"
989.141705214495,38559,832,1,"1"
1000.1287880720299,38554,837,1,"1"
1005.0607834683332,38542,849,1,"1"
1021.9110152695821,38528,863,2,"2"
1039.2847601670881,38510,881,1,"1"
1040.7278961382765,38496,895,1,"1"
1046.5780259952885,38478,913,1,"1"
1100.2515842990715,38460,931,1,"1"
1101.8980100181891,38447,944,1,"1"
1123.995312632554,38442,949,1,"1"
1130.2221579955312,38424,967,1,"1"
1131.7726853371778,38406,985,1,"1"
1144.6951955892162,38401,990,1,"1"
1145.2011591314797,38365,1026,2,"2"
1149.7138278787261,38347,1044,1,"1"
1153.858449454488,38333,1058,2,"2"
1155.4962278796481,38328,1063,1,"1"
1156.5830041284753,38310,1081,1,"1"
1187.8006619444191,38305,1086,1,"1"
1191.7614951286566,38287,1104,1,"1"
1207.1963948319694,38251,1140,4,"3-1"
1227.590624356769,38215,1176,2,"2"
1232.0770861502865,38197,1194,1,"1"
1238.9377673111112,38185,1206,1,"1"
1244.6543358844131,38176,1215,1,"1"
1254.5732691725013,38171,1220,1,"1"
1257.2133559781114,38153,1238,1,"1"
1273.1156006973172,38117,1274,2,"1-1"
1290.2659962976479,38099,1292,1,"1"
1294.3389234540386,38045,1346,10,"4-2-2-1-1"
1310.17270565185,38027,1364,1,"1"
1315.6621440173813,38009,1382,1,"1"
1315.6665648098356,37977,1414,2,"2"
1325.4968637376414,37931,1460,3,"1-1-1"
1331.2120150801679,37895,1496,2,"2"
1339.960831620537,37809,1582,10,"5-3-2"
1342.0966026572714,37799,1592,2,"2"
1344.6887005353151,37794,1597,1,"1"
1346.2064551841841,37776,1615,1,"1"
1349.2993703722841,37758,1633,1,"1"
1361.7041333610898,37740,1651,1,"1"
1362.0248892963284,37726,1665,1,"1"
1372.5176500106904,37708,1683,1,"1"
1380.7473043092446,37699,1692,1,"1"
1380.9027905794831,37681,1710,1,"1"
1386.049195172239,37663,1728,1,"1"
1390.9143223936032,37611,1780,5,"2-1-1-1"
1395.6581318840949,37593,1798,1,"1"
1396.515964790799,37575,1816,2,"1-1"
1398.5815455156026,37539,1852,2,"2"
1401.8619530896203,37521,1870,1,"1"
1405.6186868725617,37503,1888,1,"1"
1406.1318131744013,37471,1920,4,"3-1"
1406.8842203483057,37453,1938,1,"1"
1410.3937334140176,37417,1974,2,"2"
1410.39854216041,37395,1996,2,"2"
1419.9878213735526,37318,2073,5,"4-1"
1420.3781935123027,37300,2091,1,"1"
1432.5694679337653,37264,2127,2,"1-1"
1435.5588986387133,37222,2169,6,"2-2-1-1"
1448.3602793691418,37204,2187,1,"1"
1459.8095815799411,37150,2241,3,"2-1"
1480.2636355854052,37132,2259,1,"1"
1486.7484884931541,37114,2277,1,"1"
1486.8213290873709,37096,2295,1,"1"
1497.3399761325863,37085,2306,1,"1"
1498.5908718544783,37075,2316,1,"1"
1502.7379493569661,36886,2505,14,"12-1-1"
1506.9247735264291,36875,2516,1,"1"
1530.5615994948741,36857,2534,1,"1"
1539.8371259946161,36840,2551,1,"1"
1544.02212774381,36803,2588,5,"3-1-1"
1548.6099909047916,36785,2606,1,"1"
1551.5191517579249,36755,2636,3,"2-1"
1554.7943238655942,0,39391,2081,"2081"
----------------------------------------------7
0,39391,0,0,"0"
66.124706126283641,39373,18,1,"1"
112.75391063080927,39370,21,1,"1"
126.75471582272775,39369,22,1,"1"
137.28156064977216,39351,40,1,"1"
166.32785531700819,39350,41,1,"1"
168.64910176204535,39349,42,1,"1"
173.11233643452371,39348,43,1,"1"
175.44750464372967,39338,53,1,"1"
195.92128234371361,39324,67,1,"1"
212.30217766007667,39323,68,1,"1"
223.62656865519045,39322,69,1,"1"
231.31591084008838,39321,70,1,"1"
232.69469045831173,39320,71,1,"1"
248.52397046690493,39319,72,1,"1"
249.62943535141116,39301,90,1,"1"
252.77161993426603,39300,91,1,"1"
271.41906804408222,39282,109,1,"1"
272.12707554623353,39277,114,1,"1"
274.95384192361877,39276,115,1,"1"
282.46741978837821,39275,116,1,"1"
283.26595099158226,39271,120,2,"2"
287.45601984040758,39268,123,3,"2-1"
293.56637866769381,39267,124,1,"1"
300.45090296760981,39249,142,1,"1"
309.73657282386603,39244,147,5,"3-1-1"
316.3271896355248,39243,148,1,"1"
325.49994896242805,39242,149,1,"1"
329.72781066166129,39232,159,1,"1"
330.20315282440674,39231,160,1,"1"
356.50196266988621,39230,161,1,"1"
375.57504806154759,39229,162,1,"1"
416.49639824503521,39224,167,1,"1"
427.5200657566337,39215,176,3,"2-1"
431.03712884228833,39205,186,1,"1"
441.59127618328182,39186,205,3,"2-1"
448.90548140394634,39184,207,2,"2"
465.85639471742604,39166,225,1,"1"
466.50026298677415,39161,230,1,"1"
481.59154814517194,39143,248,1,"1"
481.86015325407692,39125,266,1,"1"
494.53667141928923,39123,268,2,"2"
514.13075762387871,39122,269,1,"1"
519.71594445399069,39104,287,1,"1"
529.07096899190776,39086,305,1,"1"
539.02646991478991,39076,315,1,"1"
541.98174826037325,39058,333,1,"1"
545.30412085167313,39056,335,2,"2"
547.35144517634933,39038,353,1,"1"
556.45121888152471,39020,371,1,"1"
558.29426347721767,39008,383,1,"1"
574.59096873541807,38990,401,1,"1"
576.89443509457635,38972,419,1,"1"
589.07905098679066,38967,424,1,"1"
590.39593720965252,38965,426,2,"2"
599.85185360883361,38947,444,1,"1"
611.20827118740567,38944,447,1,"1"
637.31962588145313,38926,465,1,"1"
665.14976370627198,38908,483,1,"1"
673.82807330077924,38898,493,2,"1-1"
674.2925219714117,38880,511,1,"1"
703.50619158367704,38862,529,1,"1"
705.88987105971478,38844,547,1,"1"
708.40518185214432,38830,561,1,"1"
722.38768153620606,38820,571,1,"1"
727.2707158313076,38802,589,1,"1"
728.80036152083449,38792,599,1,"1"
736.67482238697698,38774,617,1,"1"
742.49354311936474,38756,635,2,"2"
762.96742449193346,38742,649,2,"2"
770.05579360886099,38739,652,1,"1"
777.86776466340291,38730,661,1,"1"
798.02591532444353,38712,679,1,"1"
802.80479423691565,38694,697,1,"1"
808.73594842905413,38679,712,3,"3"
827.35116711436604,38674,717,1,"1"
838.39057877151208,38664,727,1,"1"
847.29462391851439,38646,745,1,"1"
872.61288314752096,38641,750,1,"1"
897.87639776100411,38623,768,1,"1"
934.30225989564929,38604,787,3,"3"
977.45652180314721,38586,805,1,"1"
1005.3218163925173,38568,823,1,"1"
1019.2494568508496,38546,845,2,"2"
1019.3927432264685,38541,850,1,"1"
1021.5354398961958,38523,868,1,"1"
1026.1380935344791,38505,886,1,"1"
1030.1501678942475,38502,889,1,"1"
1035.2845340173312,38497,894,1,"1"
1038.3962250997834,38479,912,1,"1"
1044.9610286500783,38472,919,1,"1"
1082.6677880301381,38454,937,2,"1-1"
1084.602610970845,38436,955,1,"1"
1086.8535107717476,38424,967,1,"1"
1104.264386163404,38388,1003,2,"2"
1113.3924321876552,38370,1021,1,"1"
1115.0668478008345,38347,1044,3,"1-1-1"
1139.4102301511673,38329,1062,1,"1"
1150.011373846638,38311,1080,1,"1"
1155.8203337546622,38293,1098,1,"1"
1167.7771547846673,38282,1109,1,"1"
1177.0589136688836,38273,1118,1,"1"
1177.6234581252356,38255,1136,1,"1"
1182.2489749607096,38219,1172,2,"2"
1194.8191622653792,38201,1190,1,"1"
1199.8020001776979,38177,1214,2,"2"
1210.4551009525171,38159,1232,1,"1"
1218.9010519279534,38141,1250,1,"1"
1230.4668163112628,38123,1268,1,"1"
1245.3706049661789,38105,1286,1,"1"
1250.0250148998448,38091,1300,1,"1"
1261.551851596118,38073,1318,1,"1"
1261.9885355871049,38064,1327,1,"1"
1271.7770233192537,38046,1345,1,"1"
1285.15568202284,38023,1368,2,"1-1"
1292.0772123322815,37987,1404,2,"1-1"
1296.9167204509829,37969,1422,1,"1"
1301.4498135514348,37957,1434,1,"1"
1303.9794890036985,37939,1452,1,"1"
1329.5552203506829,37934,1457,1,"1"
1331.3640752153926,37929,1462,1,"1"
1337.0177526463428,37924,1467,1,"1"
1337.3322593676878,37907,1484,1,"1"
1343.9658550751983,37889,1502,1,"1"
1351.644254954336,37862,1529,2,"2"
1357.070782599028,37826,1565,2,"2"
1368.4538358465213,37808,1583,1,"1"
1371.6896320289534,37790,1601,1,"1"
1376.1225729316566,37772,1619,1,"1"
1385.0230162226505,37754,1637,1,"1"
1385.6864390163671,37736,1655,1,"1"
1387.3426466840979,37718,1673,1,"1"
1390.2560156929276,37709,1682,1,"1"
1393.2040100026236,37689,1702,2,"2"
1394.3790934375218,37671,1720,1,"1"
1402.2536827489514,37613,1778,6,"3-1-1-1"
1407.7673948445231,37579,1812,3,"1-1-1"
1408.4402760009273,37561,1830,1,"1"
1408.5851529671224,37546,1845,3,"2-1"
1410.1797682511406,37528,1863,1,"1"
1412.0660516912596,37510,1881,1,"1"
1412.1221079264938,37492,1899,1,"1"
1412.2264133508384,37474,1917,1,"1"
1419.0878588679807,37422,1969,8,"3-2-2-1"
1427.9882982660451,37368,2023,3,"2-1"
1429.7688197101702,37350,2041,1,"1"
1430.5469622366197,37326,2065,2,"2"
1430.6197389249603,37308,2083,1,"1"
1431.6092306122939,37295,2096,1,"1"
1435.1461280178924,37277,2114,1,"1"
1435.2748311411337,37272,2119,1,"1"
1453.3905663048752,37254,2137,1,"1"
1456.3421200909477,37245,2146,1,"1"
1456.6760232270108,37211,2180,3,"2-1"
1459.1241060444177,37193,2198,1,"1"
1461.1613212641043,37175,2216,1,"1"
1474.2573414992755,37157,2234,1,"1"
1475.0391941869791,37139,2252,1,"1"
1478.605656409291,37134,2257,1,"1"
1501.78148707014,37111,2280,3,"2-1"
1523.1659435673166,37093,2298,1,"1"
1524.6392873503366,37057,2334,2,"2"
1533.5138152764177,37039,2352,1,"1"
1537.7160781136088,37021,2370,1,"1"
1545.4096164371115,37003,2388,1,"1"
1547.8683770330904,36985,2406,1,"1"
1547.9394730874192,36970,2421,1,"1"
1548.9308616261637,36934,2457,2,"2"
1555.8809434175766,36916,2475,1,"1"
1565.1439726484307,36818,2573,8,"4-2-1-1"
1574.7904926322301,36776,2615,4,"2-2"
1580.7609743267637,36758,2633,1,"1"
1583.0627469725077,36716,2675,3,"1-1-1"
1592.7913302911368,36698,2693,1,"1"
1605.3617039763335,36601,2790,11,"5-2-1-1-1-1"
1606.9961773217776,36583,2808,1,"1"
1610.948619213041,36565,2826,1,"1"
1625.7982882641998,36547,2844,1,"1"
1628.4200271265026,36529,2862,1,"1"
1630.1708543936736,36511,2880,1,"1"
1636.1046195084866,36493,2898,1,"1"
1639.0325883484907,36475,2916,1,"1"
1640.8005766070914,36448,2943,3,"2-1"
1642.4402053801139,36430,2961,1,"1"
1643.6495791727475,36406,2985,2,"1-1"
1647.4819468004191,36394,2997,1,"1"
1648.1515495386575,36346,3045,3,"2-1"
1654.4667780941725,36299,3092,3,"2-1"
1669.1660758643152,36281,3110,1,"1"
1670.7741808376268,36263,3128,1,"1"
1697.5573082183121,36027,3364,19,"5-4-4-4-2"
1699.6846769722765,36009,3382,1,"1"
1701.7775321094275,35991,3400,1,"1"
1717.8705776510994,35973,3418,1,"1"
1718.5197213093527,35955,3436,1,"1"
1719.6647164485678,35876,3515,5,"2-2-1"
1737.5755445412367,35858,3533,1,"1"
1744.0875502712051,35848,3543,1,"1"
1748.2992678758969,35830,3561,1,"1"
1756.6876137311585,0,39391,2020,"2020"
----------------------------------------------8
0,39391,0,0,"0"
57.854128193496308,39390,1,1,"1"
113.30556350911537,39389,2,1,"1"
119.59107695309392,39371,20,1,"1"
129.5312324502863,39353,38,1,"1"
174.93405842434126,39352,39,1,"1"
179.65241433716645,39351,40,1,"1"
184.32931688371119,39350,41,1,"1"
215.65969823716816,39349,42,1,"1"
232.57542027937188,39347,44,2,"2"
238.25148678619865,39346,45,1,"1"
249.30078877732313,39345,46,1,"1"
252.30352204686957,39343,48,2,"2"
260.77470648341068,39342,49,1,"1"
284.48563854660529,39324,67,1,"1"
292.0767825422044,39323,68,1,"1"
294.39345757760412,39321,70,2,"2"
296.03392896973918,39316,75,5,"3-1-1"
304.59622005655621,39315,76,1,"1"
308.97471133537709,39314,77,1,"1"
333.45943918796581,39313,78,1,"1"
342.02166860628671,39312,79,1,"1"
342.17152073970362,39309,82,3,"2-1"
361.33793841590943,39308,83,1,"1"
381.90653570608731,39298,93,1,"1"
386.12882124394406,39293,98,1,"1"
392.75341516442722,39283,108,1,"1"
409.99002056816761,39273,118,2,"2"
417.49606222436239,39262,129,1,"1"
432.06574859543753,39252,139,1,"1"
432.21764757503121,39250,141,2,"2"
452.39516334417607,39247,144,1,"1"
454.59775250635903,39242,149,1,"1"
460.56929727174037,39224,167,1,"1"
511.42289853096298,39206,185,1,"1"
514.30607528594328,39204,187,2,"2"
529.3234057987828,39192,199,1,"1"
545.36931746213986,39189,202,1,"1"
547.76693583562451,39171,220,1,"1"
554.02667898677737,39153,238,1,"1"
573.24792401122261,39135,256,1,"1"
579.2055068193747,39115,276,2,"1-1"
597.29517768818982,39097,294,1,"1"
600.24805578836697,39080,311,1,"1"
605.32041250766588,39079,312,1,"1"
606.79449509016979,39061,330,1,"1"
609.85506068311508,39059,332,2,"2"
612.71224447286636,39041,350,1,"1"
618.93969395495969,39029,362,1,"1"
660.63008247301616,39011,380,1,"1"
660.69846472898473,38993,398,1,"1"
666.7685438908677,38990,401,1,"1"
687.70281672081728,38972,419,1,"1"
713.1370286585352,38954,437,1,"1"
722.33050160656535,38924,467,2,"2"
729.8460466028389,38910,481,1,"1"
746.59037354172028,38896,495,1,"1"
752.22921912945594,38891,500,1,"1"
768.77958443562807,38873,518,1,"1"
768.98648577573806,38840,551,5,"2-2-1"
769.84944451330114,38822,569,1,"1"
778.76467365521955,38819,572,1,"1"
789.47974268697112,38801,590,1,"1"
794.7595217318443,38788,603,1,"1"
808.4377868452392,38770,621,1,"1"
808.67725342555536,38760,631,1,"1"
813.22705855448589,38742,649,1,"1"
828.72447435401966,38724,667,1,"1"
834.20855256917321,38706,685,1,"1"
852.67034992051015,38696,695,2,"1-1"
913.60536042939657,38683,708,1,"1"
924.63833144383477,38665,726,1,"1"
937.83019873391891,38647,744,1,"1"
950.80528509894964,38637,754,1,"1"
952.31342229010943,38619,772,1,"1"
970.78701581108805,38609,782,1,"1"
1000.3008105019359,38591,800,1,"1"
1004.6801769644625,38573,818,1,"1"
1007.2698185608975,38555,836,1,"1"
1023.593910772185,38537,854,1,"1"
1026.5251297945715,38530,861,1,"1"
1056.4282159652655,38520,871,1,"1"
1085.095786769368,38502,889,1,"1"
1085.1686856263091,38484,907,1,"1"
1085.8332551260844,38466,925,1,"1"
1101.8332945013649,38448,943,1,"1"
1109.9665397878891,38430,961,1,"1"
1129.7857293422635,38420,971,2,"1-1"
1129.948013331644,38382,1009,3,"2-1"
1130.5927123836807,38368,1023,2,"2"
1131.7988654816729,38363,1028,1,"1"
1132.0415930587253,38351,1040,1,"1"
1132.3785385169613,38333,1058,1,"1"
1135.7998864880071,38269,1122,8,"3-2-1-1-1"
1144.4644699229127,38264,1127,1,"1"
1164.5403217703545,38246,1145,1,"1"
1183.1654271391028,38228,1163,1,"1"
1205.9873612557751,38216,1175,1,"1"
1211.8176128015709,38198,1193,1,"1"
1216.8341920016755,38180,1211,1,"1"
1237.1620392780724,38162,1229,1,"1"
1244.300858045227,38157,1234,1,"1"
1244.3975092976759,38139,1252,1,"1"
1245.7276337827227,38136,1255,1,"1"
1252.1486133304268,38118,1273,1,"1"
1258.424637556629,38071,1320,7,"3-2-1-1"
1261.5323866773654,38053,1338,1,"1"
1274.7881739907816,38050,1341,1,"1"
1284.3047046227334,38031,1360,3,"2-1"
1307.8122331661712,38013,1378,1,"1"
1309.8810577016773,37937,1454,12,"4-3-2-1-1-1"
1327.1690334006353,37901,1490,2,"2"
1327.8859957137875,37883,1508,1,"1"
1350.2226592208783,37864,1527,3,"1-1-1"
1360.5609550260001,37855,1536,1,"1"
1365.4699132850735,37756,1635,10,"2-2-2-1-1-1-1"
1367.4917562947232,37736,1655,2,"2"
1369.1672642776614,37718,1673,1,"1"
1371.9829636518402,37700,1691,1,"1"
1374.0923836698094,37682,1709,1,"1"
1386.2278235638773,37664,1727,1,"1"
1389.9710819439604,37638,1753,2,"1-1"
1391.2600418959817,37422,1969,16,"11-2-2-1"
1401.2018001801339,37412,1979,1,"1"
1409.208993567599,37394,1997,1,"1"
1416.8416325341279,37376,2015,1,"1"
1423.4559013982355,37340,2051,2,"2"
1431.7045528709691,37329,2062,1,"1"
1437.0954508586733,37272,2119,4,"4"
1438.2908834403931,37267,2124,1,"1"
1438.861802435702,37226,2165,5,"3-2"
1452.6605464327295,37216,2175,1,"1"
1453.4914740104407,37198,2193,1,"1"
1462.4540744533642,37144,2247,3,"1-1-1"
1467.4383074385514,37126,2265,1,"1"
1481.1902654150674,37106,2285,2,"2"
1487.762512618247,37088,2303,1,"1"
1488.9704254174765,37070,2321,1,"1"
1491.8177228191296,37052,2339,1,"1"
1502.9961184165327,37034,2357,1,"1"
1503.5491884023406,37016,2375,1,"1"
1510.1649982119382,36920,2471,7,"6-1"
1515.1682591650897,36902,2489,1,"1"
1521.3330912037297,0,39391,2090,"2090"
----------------------------------------------9
0,39391,0,0,"0"
134.20141171050437,39390,1,1,"1"
152.86993051333329,39372,19,1,"1"
158.38327232118402,39371,20,1,"1"
172.4674799743087,39370,21,1,"1"
177.88896703839177,39369,22,1,"1"
195.54827200436793,39364,27,1,"1"
196.54260820583616,39357,34,1,"1"
202.51414335000291,39354,37,1,"1"
217.89158593705437,39352,39,2,"2"
223.60957504503762,39342,49,1,"1"
226.49895529179616,39341,50,1,"1"
231.43779915147243,39340,51,1,"1"
242.75155636852173,39339,52,1,"1"
256.07880085439803,39329,62,1,"1"
261.9824692954972,39319,72,1,"1"
294.81884535144582,39318,73,1,"1"
297.27062988349343,39317,74,1,"1"
302.11680463714617,39310,81,7,"4-1-1-1"
304.47580995115237,39309,82,1,"1"
307.00914232380495,39308,83,1,"1"
309.64893432476845,39299,92,1,"1"
314.25473152042412,39281,110,1,"1"
324.74899339627518,39278,113,1,"1"
332.01927273621931,39277,114,1,"1"
341.55617876325266,39276,115,1,"1"
350.51128002577491,39272,119,4,"4"
352.30985065722825,39270,121,2,"2"
368.6869754203878,39269,122,1,"1"
373.181548234969,39251,140,1,"1"
377.5755940220655,39241,150,1,"1"
391.04998034830282,39238,153,1,"1"
399.40015419250835,39237,154,1,"1"
406.51642802018233,39232,159,3,"2-1"
410.77656839317672,39231,160,1,"1"
421.28012326628976,39219,172,1,"1"
452.04363620048656,39217,174,2,"2"
476.88929902224248,39211,180,2,"2"
494.90206871515659,39206,185,1,"1"
512.15004811341998,39196,195,1,"1"
513.95309310235371,39191,200,1,"1"
525.87518745745672,39173,218,1,"1"
536.3405936000006,39160,231,1,"1"
539.03305519668584,39142,249,1,"1"
549.59751992884151,39124,267,1,"1"
550.75418423743452,39106,285,1,"1"
582.78165574978379,39094,297,1,"1"
618.23449393105534,39076,315,1,"1"
620.70919204253028,39071,320,1,"1"
625.06806649079249,39053,338,1,"1"
650.30695086589299,39035,356,1,"1"
650.35777203083057,39011,380,2,"2"
658.90757863653891,39005,386,2,"2"
666.80088920887408,38995,396,1,"1"
672.46884990124602,38977,414,1,"1"
689.33549166412399,38967,424,1,"1"
707.73144822771474,38949,442,1,"1"
710.05132283257797,38935,456,2,"2"
713.30555555314959,38917,474,1,"1"
729.37169881425359,38899,492,1,"1"
729.6125366357312,38894,497,1,"1"
749.95199674976118,38891,500,1,"1"
757.48366226549865,38873,518,1,"1"
762.1435582442956,38846,545,3,"3"
764.20419300297544,38839,552,1,"1"
766.27685691416696,38821,570,1,"1"
767.24708017434568,38803,588,1,"1"
771.86415527831343,38772,619,2,"1-1"
784.23078165525828,38758,633,2,"2"
790.71035652635157,38743,648,3,"2-1"
817.24202046199844,38738,653,1,"1"
839.42993427542478,38728,663,1,"1"
842.20940189011549,38710,681,1,"1"
849.90591087072357,38692,699,1,"1"
853.61965235579396,38674,717,1,"1"
869.07373277554927,38669,722,1,"1"
878.84210750259786,38651,740,1,"1"
893.19691725457369,38631,760,2,"2"
908.55298270453693,38613,778,1,"1"
909.09212578248969,38595,796,1,"1"
936.77167121981802,38577,814,1,"1"
959.48343330205569,38565,826,1,"1"
970.76254557952757,38560,831,1,"1"
990.40796860102967,38524,867,2,"1-1"
996.35456644172325,38506,885,1,"1"
1010.3525443354124,38492,899,1,"1"
1011.9514080532028,38474,917,1,"1"
1052.2532916559537,38469,922,1,"1"
1073.2741496670042,38433,958,2,"2"
1073.8128014671188,38369,1022,8,"5-1-1-1"
1076.3635530794911,38351,1040,1,"1"
1077.7495749573045,38315,1076,2,"2"
1082.9567912982588,38295,1096,2,"2"
1095.6446054626228,38223,1168,4,"3-1"
1101.3279711748075,38205,1186,1,"1"
1103.6378572596047,38187,1204,1,"1"
1120.0195277617815,38182,1209,1,"1"
1121.584554719017,38130,1261,4,"4"
1123.3746465046286,38094,1297,2,"1-1"
1126.6387832420282,38082,1309,1,"1"
1151.4299179649008,38064,1327,1,"1"
1163.7931085100918,38046,1345,1,"1"
1163.8812659178775,38028,1363,1,"1"
1169.4841131788655,38010,1381,1,"1"
1173.6415836054125,37966,1425,4,"3-1"
1203.0116808715338,37953,1438,3,"2-1"
1206.0071610332236,37935,1456,1,"1"
1216.1140472128307,37930,1461,1,"1"
1217.0625269602788,37912,1479,1,"1"
1220.6653301667054,37880,1511,4,"2-1-1"
1228.1551183369222,37853,1538,2,"2"
1228.4661935070108,37835,1556,1,"1"
1229.4244881832026,37821,1570,2,"2"
1229.7509223061395,37803,1588,1,"1"
1247.7206065705361,37680,1711,7,"7"
1254.1435625069064,37675,1716,1,"1"
1255.8928786192273,37670,1721,1,"1"
1259.7533239720638,37634,1757,2,"1-1"
1286.1952642646522,37616,1775,1,"1"
1292.5754162274943,37595,1796,3,"2-1"
1298.7866837455881,37577,1814,1,"1"
1299.816782526377,37559,1832,1,"1"
1311.4595503042437,37541,1850,1,"1"
1318.2946584626757,37523,1868,1,"1"
1323.8522875798101,37505,1886,1,"1"
1336.801565833847,37491,1900,1,"1"
1336.8700650073947,37480,1911,1,"1"
1337.4587565021943,37462,1929,1,"1"
1373.0910171564849,37444,1947,1,"1"
1382.056703685701,37426,1965,1,"1"
1382.4274868903046,37416,1975,1,"1"
1384.2780495987881,37394,1997,2,"1-1"
1392.6160538330575,37335,2056,6,"4-1-1"
1395.0099381590244,37313,2078,2,"1-1"
1395.9758374480291,37295,2096,2,"2"
1397.7989334601327,37277,2114,1,"1"
1405.919756673648,37272,2119,1,"1"
1411.5109265468302,37165,2226,12,"4-3-2-2-1"
1417.909690790751,37135,2256,2,"2"
1432.3697037764903,37117,2274,1,"1"
1434.7995053370437,36764,2627,26,"9-8-2-2-1-1-1-1-1"
1439.1917327610304,0,39391,2081,"2081"
