f,num_active_particles,num_deleted_particles,total_deleted_rods,avalanche_sizes
0,40564,0,0,"0"
55.922373280324578,40563,1,1,"1"
66.19106993899851,40562,2,1,"1"
69.789541067561487,40561,3,1,"1"
77.187971052614103,40560,4,1,"1"
89.820281853918416,40542,22,1,"1"
163.74330254732541,40541,23,1,"1"
170.10157565743384,40539,25,2,"2"
184.80570451335205,40538,26,1,"1"
238.33565029306664,40537,27,1,"1"
247.32187050477765,40536,28,1,"1"
247.44540136016533,40535,29,1,"1"
276.27866980836308,40533,31,2,"1-1"
282.09544242468542,40532,32,1,"1"
292.79764091620638,40531,33,1,"1"
296.50208420540514,40521,43,1,"1"
307.67900401290206,40503,61,1,"1"
318.73093785734727,40500,64,3,"3"
328.38497964533406,40499,65,1,"1"
335.42098521501492,40498,66,1,"1"
368.67271560354919,40497,67,1,"1"
383.49730833989742,40492,72,5,"5"
454.49467227113365,40491,73,1,"1"
490.82911749748615,40473,91,1,"1"
492.76545156764627,40472,92,1,"1"
508.32262055813391,40467,97,1,"1"
550.29837046849696,40464,100,1,"1"
621.20320525809029,40461,103,1,"1"
638.0719117306146,40443,121,1,"1"
671.23683217235816,40425,139,1,"1"
704.12655782744559,40417,147,2,"1-1"
761.9372963779166,40412,152,1,"1"
775.38456118008128,40409,155,1,"1"
783.70956194623068,40404,160,1,"1"
818.65533684921058,40386,178,1,"1"
825.07185010364276,40336,228,4,"2-1-1"
837.5758934762473,40333,231,1,"1"
849.81276024339081,40326,238,1,"1"
851.6122383088009,40308,256,1,"1"
859.06526494353398,40305,259,1,"1"
868.33597177566992,40284,280,3,"2-1"
875.72580044083224,40266,298,1,"1"
878.52508838286622,40254,310,1,"1"
895.56651253601478,40230,334,2,"2"
896.32028572155161,40227,337,1,"1"
925.93993625570783,40221,343,2,"2"
933.20152151621039,40218,346,1,"1"
950.09891346487109,40200,364,1,"1"
977.0343851863139,40174,390,8,"4-2-1-1"
986.83283883610591,40160,404,1,"1"
996.4273965350701,40124,440,2,"2"
1044.3066855252966,40112,452,1,"1"
1053.5190109974199,40094,470,1,"1"
1067.0281564915383,40085,479,3,"3"
1082.5021767192054,40075,489,1,"1"
1102.2235952355782,40061,503,1,"1"
1112.9351034645167,40043,521,1,"1"
1117.8333149942946,40025,539,1,"1"
1139.9743367550402,39989,575,2,"1-1"
1165.6208456760162,39984,580,1,"1"
1167.4210765801351,39966,598,1,"1"
1172.8283491271704,39956,608,1,"1"
1176.7652269792693,39949,615,1,"1"
1202.6225616924642,39946,618,1,"1"
1224.5859464208208,39935,629,1,"1"
1234.510890019415,39917,647,1,"1"
1236.9523685096617,39893,671,2,"1-1"
1238.6024564102286,39881,683,1,"1"
1256.3051671913815,39865,699,1,"1"
1258.665082021088,39847,717,1,"1"
1260.1163501934457,39829,735,1,"1"
1266.8769056895528,39811,753,1,"1"
1274.1773628473456,39793,771,1,"1"
1274.438395391596,39765,799,2,"2"
1279.7597142563009,39747,817,1,"1"
1280.9036181498993,39737,827,1,"1"
1283.8489278672753,39695,869,3,"2-1"
1316.1063830379123,39682,882,1,"1"
1329.6173245044786,39666,898,1,"1"
1345.3821280888806,39648,916,1,"1"
1354.1974673517452,39624,940,2,"1-1"
1360.1521827038662,39544,1020,9,"3-2-1-1-1-1"
1361.7183116044384,39388,1176,11,"6-2-1-1-1"
1362.2819166359127,39370,1194,1,"1"
1376.9010833023378,39352,1212,1,"1"
1389.1190456508718,39332,1232,4,"3-1"
1391.0964743767129,39296,1268,2,"2"
1393.6290146139374,39268,1296,2,"2"
1452.4974086755913,39214,1350,3,"2-1"
1462.6673900218539,39209,1355,1,"1"
1469.587466704334,39191,1373,1,"1"
1473.2620783992872,39180,1384,1,"1"
1480.04509184471,39144,1420,2,"1-1"
1485.554770293498,39126,1438,1,"1"
1487.8436367819911,39108,1456,1,"1"
1523.6040289676296,39103,1461,1,"1"
1524.7760569714915,39031,1533,5,"3-2"
1529.2921718291543,39013,1551,1,"1"
1534.9408028407972,38937,1627,5,"4-1"
1563.5943863196628,38919,1645,1,"1"
1586.4616655788313,38901,1663,1,"1"
1589.3299975092566,38843,1721,4,"2-2"
1596.6924964586879,38825,1739,1,"1"
1602.5079292275489,38735,1829,5,"2-1-1-1"
1603.9686011196407,38717,1847,1,"1"
1608.868294921235,38699,1865,1,"1"
1625.6526049487356,38681,1883,1,"1"
1636.4238899246827,38656,1908,3,"2-1"
1637.8557259470022,0,40564,2207,"2207"
----------------------------------------------1
0,40564,0,0,"0"
29.703204064611576,40563,1,1,"1"
80.826256314110381,40562,2,1,"1"
102.86502952349653,40559,5,1,"1"
120.23474791062795,40541,23,1,"1"
128.98735943467469,40540,24,1,"1"
136.44285853227456,40522,42,1,"1"
141.3651061227018,40521,43,1,"1"
157.08786222359484,40520,44,1,"1"
177.77223238982191,40519,45,1,"1"
193.83638672301996,40516,48,3,"3"
196.83301751965584,40515,49,1,"1"
219.01017469195301,40497,67,1,"1"
260.33685513759349,40479,85,1,"1"
278.37359703939131,40476,88,3,"3"
282.27401774005568,40475,89,1,"1"
288.46991765576803,40465,99,2,"2"
307.79291382011684,40447,117,1,"1"
316.6332181941126,40445,119,2,"2"
323.5967319109875,40444,120,1,"1"
326.84321666194575,40443,121,1,"1"
335.08543181645365,40442,122,1,"1"
345.45353087516656,40424,140,1,"1"
346.20788230231,40423,141,1,"1"
353.76691218427163,40411,153,2,"1-1"
356.49496923071757,40409,155,2,"1-1"
356.63795539633742,40406,158,3,"1-1-1"
369.45638743544646,40388,176,1,"1"
369.69151282868171,40385,179,1,"1"
375.47721083988438,40382,182,1,"1"
402.57979967576699,40364,200,1,"1"
465.96532856285393,40363,201,1,"1"
487.2186822007103,40351,213,1,"1"
559.25442371263819,40348,216,1,"1"
583.24605492089609,40330,234,1,"1"
613.23621361344033,40327,237,1,"1"
614.92090057986229,40309,255,1,"1"
629.47005291404048,40291,273,1,"1"
665.67828919169881,40273,291,1,"1"
671.46864967115971,40272,292,1,"1"
695.31042019244251,40254,310,1,"1"
706.53271909979105,40249,315,1,"1"
727.73948035595197,40231,333,1,"1"
743.44829883252362,40228,336,1,"1"
748.5182372709196,40218,346,2,"1-1"
763.31503349794855,40208,356,1,"1"
767.93420164395172,40203,361,1,"1"
768.85658086780961,40185,379,1,"1"
808.06773572103918,40167,397,1,"1"
825.25318612558965,40149,415,1,"1"
830.58977714144453,40143,421,2,"2"
832.76024903766381,40140,424,1,"1"
833.97745462525654,40104,460,2,"1-1"
863.12787091126972,40098,466,2,"1-1"
864.88093381283375,40073,491,5,"3-1-1"
907.20011183975225,40055,509,1,"1"
908.42444171310922,40050,514,1,"1"
913.53454629272278,40032,532,1,"1"
916.25822629170796,40029,535,1,"1"
923.97645515377246,40024,540,1,"1"
924.41523819453312,40014,550,2,"2"
935.36735956484699,39996,568,1,"1"
940.26201051748035,39986,578,1,"1"
948.04881024264182,39956,608,2,"2"
962.41101349461292,39953,611,1,"1"
969.5325205552914,39947,617,2,"2"
970.53488546531707,39929,635,1,"1"
975.1259671779444,39922,642,1,"1"
976.42041327744619,39915,649,1,"1"
986.67776789066147,39903,661,1,"1"
989.64312242531514,39885,679,1,"1"
994.7139533245163,39867,697,1,"1"
1016.9317911094984,39849,715,1,"1"
1017.2264812792147,39843,721,2,"2"
1022.3121421945215,39829,735,1,"1"
1026.2762787913434,39811,753,1,"1"
1031.315331388146,39808,756,1,"1"
1033.1731293505027,39790,774,1,"1"
1046.9548803406408,39784,780,2,"2"
1062.4009679454298,39774,790,1,"1"
1068.5549905896905,39756,808,1,"1"
1098.6151121140995,39738,826,1,"1"
1104.4847527616103,39720,844,1,"1"
1116.9994283628964,39708,856,1,"1"
1122.3233791937701,39690,874,1,"1"
1151.5518478925958,39654,910,2,"1-1"
1159.2802049213681,39636,928,1,"1"
1169.7688041526142,39618,946,1,"1"
1180.148677930847,39600,964,1,"1"
1181.246251693557,39582,982,1,"1"
1216.5687481680025,39564,1000,1,"1"
1218.5356298700924,39546,1018,1,"1"
1233.7706142908514,39532,1032,1,"1"
1235.2297949231165,39514,1050,1,"1"
1237.7032157584795,39496,1068,1,"1"
1240.5368297539123,39478,1086,1,"1"
1258.1341429604122,39468,1096,1,"1"
1258.2887209541886,39450,1114,1,"1"
1270.4199892757595,39438,1126,1,"1"
1286.6530734728622,39426,1138,1,"1"
1311.7094930197402,39408,1156,1,"1"
1323.7269345768216,39390,1174,1,"1"
1327.9080503350217,39372,1192,1,"1"
1331.6564044956822,39362,1202,1,"1"
1331.7690982777679,39355,1209,1,"1"
1335.8661644089318,39319,1245,2,"1-1"
1338.4720916495492,39301,1263,1,"1"
1342.492252411665,39296,1268,1,"1"
1348.4301434825661,39278,1286,1,"1"
1361.3724980553459,39269,1295,1,"1"
1365.9586247789459,39251,1313,1,"1"
1368.1306669775577,39179,1385,4,"2-2"
1379.8965925042064,39161,1403,1,"1"
1387.7706882776681,39143,1421,1,"1"
1394.7604219751604,39115,1449,2,"1-1"
1397.273016890802,39097,1467,1,"1"
1405.500778086752,39087,1477,1,"1"
1406.7192604204365,39069,1495,1,"1"
1410.9321208247363,39064,1500,1,"1"
1431.7913535163711,39049,1515,3,"2-1"
1434.7328414556823,39031,1533,1,"1"
1437.6735580935804,39018,1546,1,"1"
1438.942380347049,39004,1560,1,"1"
1441.1816916363623,38986,1578,1,"1"
1450.5888629210435,38931,1633,7,"2-2-2-1"
1456.8835464496242,38913,1651,1,"1"
1470.5328592303788,38895,1669,1,"1"
1472.7352944921668,38877,1687,1,"1"
1474.0988224129674,38870,1694,1,"1"
1474.3505387783443,38854,1710,1,"1"
1479.7382820039147,38830,1734,2,"2"
1505.4947547905472,38816,1748,1,"1"
1509.3759011735935,38798,1766,1,"1"
1510.815827217963,38771,1793,3,"3"
1513.5408456579109,38722,1842,4,"2-1-1"
1524.4658113970831,38702,1862,2,"2"
1525.7910631483269,38684,1880,1,"1"
1539.6900219216345,38666,1898,1,"1"
1541.7238373640839,38651,1913,3,"2-1"
1590.3649604711354,38633,1931,1,"1"
1591.5228852614337,38615,1949,1,"1"
1600.1141339487983,38605,1959,1,"1"
1600.7170846088957,38587,1977,1,"1"
1603.8905654554285,38569,1995,1,"1"
1605.2446073094641,38533,2031,2,"2"
1609.9204250295434,38515,2049,1,"1"
1616.3321542300616,38497,2067,1,"1"
1623.0625632820393,38479,2085,1,"1"
1630.5529274120415,38461,2103,1,"1"
1639.1256825026808,38443,2121,1,"1"
1652.2536768712664,38425,2139,1,"1"
1658.515346195348,38389,2175,2,"1-1"
1667.8383168551375,38375,2189,1,"1"
1667.9548479898453,38357,2207,1,"1"
1675.0895535333277,38339,2225,1,"1"
1675.646679878136,38263,2301,6,"4-1-1"
1675.7252760613824,38175,2389,6,"2-2-1-1"
1681.4758110667631,38148,2416,3,"3"
1697.5923358131752,38114,2450,3,"3"
1709.5242393983306,38096,2468,1,"1"
1712.5295653899695,0,40564,2168,"2168"
----------------------------------------------2
0,40564,0,0,"0"
20.93101112114179,40563,1,1,"1"
55.78789273058181,40545,19,1,"1"
70.13744510793974,40544,20,1,"1"
108.46746373424514,40541,23,1,"1"
127.787622612539,40536,28,1,"1"
152.32860539363728,40518,46,1,"1"
153.0177289109688,40500,64,1,"1"
156.65985180126361,40499,65,1,"1"
181.86529696111791,40498,66,1,"1"
182.17265477044717,40494,70,2,"2"
184.24597249762772,40493,71,1,"1"
197.30469229355052,40492,72,1,"1"
215.55100810301036,40474,90,1,"1"
217.26349012123359,40472,92,2,"2"
220.1585560009874,40471,93,1,"1"
225.27745616527514,40470,94,1,"1"
267.14007957655321,40452,112,1,"1"
295.92025209632584,40447,117,1,"1"
301.6284768841673,40429,135,1,"1"
313.12830868670295,40423,141,2,"2"
327.61908087692035,40420,144,1,"1"
330.13476548961773,40419,145,1,"1"
334.12508457507272,40415,149,2,"2"
351.6915950165756,40405,159,6,"6"
354.43031955979643,40396,168,1,"1"
359.83891807109256,40378,186,1,"1"
373.9421051897337,40367,197,1,"1"
381.94259642420616,40358,206,3,"2-1"
386.72300102141094,40353,211,5,"5"
389.05826362184041,40340,224,1,"1"
443.4766213862124,40329,235,1,"1"
468.95388899068473,40326,238,1,"1"
469.35578597550796,40318,246,2,"1-1"
493.61904134207055,40315,249,1,"1"
493.72325927067783,40308,256,1,"1"
496.48111787952604,40290,274,1,"1"
511.43219090512173,40272,292,1,"1"
512.63948079090494,40271,293,1,"1"
538.01882015349224,40253,311,1,"1"
538.77349369545709,40235,329,1,"1"
549.2386163566506,40230,334,1,"1"
551.80540695271043,40229,335,1,"1"
583.85667984141742,40220,344,1,"1"
682.43886658203576,40202,362,1,"1"
689.82607010748575,40184,380,1,"1"
715.53752335195361,40174,390,1,"1"
718.83923385615219,40163,401,1,"1"
730.15130461355295,40154,410,1,"1"
732.79567641783547,40144,420,2,"2"
739.46110103007504,40139,425,1,"1"
747.36642989875872,40121,443,1,"1"
752.66698647984128,40118,446,1,"1"
799.6653014221572,40104,460,1,"1"
800.6205956213812,40086,478,1,"1"
807.10942189406296,40068,496,1,"1"
831.03632861936455,40058,506,1,"1"
835.7695118988604,40040,524,1,"1"
879.52103785007057,40022,542,1,"1"
881.15419757391646,40004,560,1,"1"
881.26516013665207,39998,566,2,"2"
882.11698808501478,39980,584,1,"1"
913.43177628365379,39962,602,1,"1"
949.8825808229368,39959,605,1,"1"
955.48360216646256,39941,623,1,"1"
964.68014049291151,39933,631,2,"1-1"
989.10271675705326,39915,649,1,"1"
998.75360054897658,39892,672,7,"5-1-1"
999.74211228387355,39874,690,1,"1"
1002.622042317792,39871,693,1,"1"
1012.3599478972064,39853,711,1,"1"
1016.7390035250255,39848,716,1,"1"
1018.2239490389601,39830,734,1,"1"
1018.751107052415,39812,752,1,"1"
1027.2635449618385,39798,766,1,"1"
1032.7564158530772,39780,784,1,"1"
1035.5959049965702,39775,789,1,"1"
1038.4651058461327,39757,807,1,"1"
1044.9314586204057,39750,814,1,"1"
1091.7574427732609,39732,832,1,"1"
1100.1891356370729,39714,850,1,"1"
1103.517631554761,39711,853,1,"1"
1110.0678150651602,39701,863,2,"2"
1141.1223148382589,39694,870,1,"1"
1144.1477601736985,39689,875,1,"1"
1147.3232024584347,39671,893,1,"1"
1163.4656797728389,39653,911,1,"1"
1164.1759500857761,39636,928,1,"1"
1179.7122930052174,39618,946,1,"1"
1186.4043901032373,39609,955,1,"1"
1220.9576622244078,39595,969,4,"3-1"
1221.6761722252118,39585,979,1,"1"
1229.0110737428979,39541,1023,3,"2-1"
1230.9975970258586,39492,1072,5,"3-2"
1262.8921608044336,39474,1090,1,"1"
1277.3233019744496,39469,1095,1,"1"
1282.7500310688345,39451,1113,1,"1"
1304.3291793460007,39440,1124,1,"1"
1307.9109991209425,39377,1187,7,"6-1"
1310.0129312892602,39359,1205,1,"1"
1315.1500346164439,39341,1223,1,"1"
1327.694537550839,39328,1236,1,"1"
1338.0596587883263,39310,1254,1,"1"
1348.2253937521898,39292,1272,1,"1"
1351.5000315323327,39283,1281,1,"1"
1365.4614488656673,39247,1317,2,"1-1"
1366.8745094002693,39235,1329,1,"1"
1368.292998810603,39217,1347,1,"1"
1370.5112172441748,39203,1361,1,"1"
1406.7480496495812,39194,1370,1,"1"
1417.2964464184661,39182,1382,1,"1"
1422.4578314499631,39164,1400,1,"1"
1425.8675208276986,39146,1418,1,"1"
1439.0871592945714,39108,1456,4,"3-1"
1439.601014895389,39077,1487,2,"2"
1441.7665320024851,39047,1517,2,"1-1"
1450.5828908645062,39029,1535,1,"1"
1453.7162319470153,39005,1559,2,"2"
1460.1238957634293,38987,1577,1,"1"
1473.3941962222004,38919,1645,6,"3-2-1"
1477.0601618013241,38901,1663,1,"1"
1492.1584038982674,38883,1681,1,"1"
1496.399711922965,38865,1699,1,"1"
1496.7958353892279,38829,1735,2,"2"
1512.7730701790333,38811,1753,1,"1"
1538.9575990011781,38793,1771,2,"2"
1551.5487805198673,38775,1789,1,"1"
1561.2137828938719,38765,1799,1,"1"
1563.3189728843859,38756,1808,1,"1"
1576.2908955842797,38738,1826,1,"1"
1586.2766337532012,38720,1844,1,"1"
1592.6074203095134,38702,1862,1,"1"
1600.6036482492125,38666,1898,2,"2"
1609.9389141450538,38653,1911,1,"1"
1638.2823399370793,38639,1925,2,"1-1"
1643.2249816572937,38621,1943,2,"1-1"
1644.7799116695983,38603,1961,1,"1"
1644.9107962746559,38567,1997,2,"1-1"
1647.8546564935045,38549,2015,1,"1"
1660.3655555987632,38531,2033,1,"1"
1663.2267409405754,38517,2047,2,"2"
1672.8350553856451,38499,2065,1,"1"
1674.4190394340569,38261,2303,19,"4-3-3-3-2-2-1-1"
1677.4299729223214,38243,2321,1,"1"
1679.6955448493318,38171,2393,4,"4"
1683.1519507508704,38135,2429,2,"1-1"
1689.2882180124734,38117,2447,1,"1"
1690.4715513705682,38068,2496,5,"3-1-1"
1702.6527661256639,38032,2532,2,"2"
1706.4838348652222,38014,2550,1,"1"
1720.985356877467,37996,2568,1,"1"
1732.8053117056068,37978,2586,1,"1"
1739.0091686160176,37960,2604,1,"1"
1748.7398349479752,37946,2618,1,"1"
1753.2979632486299,37928,2636,1,"1"
1753.7734183101236,37892,2672,2,"2"
1757.5032246227609,37874,2690,1,"1"
1771.1563625764525,37864,2700,1,"1"
1772.5054382974795,37842,2722,2,"1-1"
1778.8259167725789,37824,2740,1,"1"
1782.1532562867328,37705,2859,10,"3-2-2-1-1-1"
1788.4725914817898,37696,2868,1,"1"
1791.8103074661426,0,40564,2130,"2130"
----------------------------------------------3
0,40564,0,0,"0"
74.034118374856988,40563,1,1,"1"
130.48246494463606,40558,6,1,"1"
147.55609525952272,40540,24,1,"1"
150.9937629470439,40539,25,1,"1"
153.16969543649344,40538,26,1,"1"
163.5113890739276,40537,27,1,"1"
176.94188294948216,40536,28,1,"1"
183.90522825678042,40535,29,1,"1"
199.17874066478259,40533,31,2,"2"
204.6253873642531,40531,33,2,"2"
220.78535267230964,40529,35,2,"2"
249.56231311026676,40520,44,1,"1"
253.12350049082679,40502,62,1,"1"
258.30920441503258,40499,65,3,"3"
263.39876075321001,40498,66,1,"1"
280.87284279458709,40497,67,1,"1"
287.50227447858725,40496,68,1,"1"
308.59029590198492,40495,69,1,"1"
313.16107944450346,40494,70,1,"1"
332.36252047473954,40493,71,1,"1"
336.18499091237965,40489,75,2,"2"
348.52388581761221,40488,76,1,"1"
355.93945152047763,40487,77,1,"1"
360.36955442868771,40469,95,1,"1"
417.8721569784268,40468,96,1,"1"
425.29735089856138,40450,114,1,"1"
430.74072220807915,40437,127,1,"1"
435.54234053313763,40436,128,1,"1"
440.225277434068,40433,131,1,"1"
475.07037518956326,40415,149,1,"1"
488.11394496753491,40414,150,1,"1"
518.61317855526079,40396,168,1,"1"
545.79472245110048,40372,192,2,"2"
547.13863098289494,40354,210,1,"1"
564.44756409831587,40353,211,1,"1"
632.25509333964953,40341,223,2,"1-1"
634.16931342046132,40329,235,1,"1"
643.79322757760212,40311,253,1,"1"
644.14309858514093,40308,256,1,"1"
660.95417450502055,40305,259,1,"1"
685.33323772370886,40287,277,1,"1"
726.25500007808637,40281,283,2,"2"
735.84716939028522,40272,292,1,"1"
750.03413530279283,40258,306,1,"1"
780.75121314653222,40240,324,1,"1"
783.53252921530566,40222,342,1,"1"
784.61801301758555,40219,345,1,"1"
801.91264753609016,40214,350,1,"1"
815.88750352159911,40209,355,1,"1"
818.5111036708571,40206,358,1,"1"
818.6087853684827,40196,368,2,"2"
827.04437934954808,40183,381,3,"2-1"
835.71235043122454,40178,386,1,"1"
848.58314347922169,40164,400,1,"1"
849.62168139074413,40158,406,2,"1-1"
875.27481824538052,40155,409,1,"1"
889.85349726606125,40137,427,1,"1"
903.46152196094181,40119,445,1,"1"
928.14239200123052,40101,463,1,"1"
945.65800024346083,40096,468,1,"1"
953.12179336368467,40088,476,2,"1-1"
965.22472589705819,40078,486,1,"1"
976.63187994488135,40066,498,2,"1-1"
978.62623297013181,40048,516,1,"1"
990.44940271617895,40033,531,5,"5"
1003.1455194554624,40015,549,1,"1"
1048.7708892167916,40008,556,1,"1"
1057.5974957049584,39990,574,1,"1"
1074.7198304215719,39977,587,1,"1"
1077.85625197386,39972,592,1,"1"
1084.7743726041074,39954,610,1,"1"
1092.8234653350114,39951,613,1,"1"
1095.9801275206414,39933,631,1,"1"
1099.7945100983491,39915,649,1,"1"
1109.6818738645131,39910,654,1,"1"
1112.9243508691304,39892,672,1,"1"
1120.9849987766729,39880,684,1,"1"
1130.8637929782021,39866,698,1,"1"
1134.1900532679113,39848,716,1,"1"
1136.6388084355781,39830,734,1,"1"
1139.3383663906945,39825,739,1,"1"
1154.8384690945338,39793,771,2,"2"
1165.7257342995697,39771,793,2,"1-1"
1183.2009613968535,39753,811,1,"1"
1229.6314408854159,39735,829,1,"1"
1230.5642045731795,39717,847,1,"1"
1240.9536428226929,39712,852,1,"1"
1263.6300747675161,39694,870,1,"1"
1277.6044372206061,39668,896,4,"2-1-1"
1288.5021149454003,39650,914,1,"1"
1293.1551659901986,39638,926,1,"1"
1295.3475498246032,39628,936,1,"1"
1306.8452147717778,39623,941,1,"1"
1311.4288095051252,39605,959,1,"1"
1318.6655437712229,39596,968,1,"1"
1333.1471499802828,39578,986,1,"1"
1335.8521751515768,39568,996,2,"2"
1359.935515621476,39544,1020,2,"1-1"
1363.0845538907108,39515,1049,5,"2-2-1"
1367.5697123777854,39495,1069,2,"1-1"
1368.9750649433661,39485,1079,1,"1"
1376.9759826466704,39467,1097,1,"1"
1381.3945558225475,39431,1133,2,"1-1"
1387.8933205151998,39413,1151,1,"1"
1389.7062592087063,39377,1187,2,"2"
1408.8953564498436,39359,1205,1,"1"
1416.4452024860298,39341,1223,1,"1"
1438.972087164874,39323,1241,1,"1"
1448.8077647144337,39301,1263,2,"2"
1450.9901596632242,39271,1293,3,"2-1"
1482.1965752004228,39253,1311,1,"1"
1488.5736188612511,39235,1329,1,"1"
1491.6839972061173,39149,1415,6,"2-2-1-1"
1506.0959987862818,39131,1433,1,"1"
1536.4174491037286,39113,1451,1,"1"
1570.7836505448724,39051,1513,5,"4-1"
1583.2413098204679,39033,1531,1,"1"
1584.560328969344,38983,1581,6,"6"
1588.1820597480385,38965,1599,2,"2"
1589.9328124580668,38947,1617,1,"1"
1596.2916589339716,38940,1624,1,"1"
1612.5323692172392,38904,1660,2,"2"
1634.4193667108877,38868,1696,2,"2"
1635.6769945661697,38850,1714,1,"1"
1644.3604791003818,38832,1732,1,"1"
1646.5263683256808,38818,1746,2,"1-1"
1647.379712636799,38809,1755,1,"1"
1658.9536438780237,38773,1791,2,"2"
1658.9996808438923,38761,1803,1,"1"
1686.122375794582,38709,1855,4,"3-1"
1700.0473597816988,38691,1873,1,"1"
1712.7448073642047,38673,1891,1,"1"
1714.0684368867464,38655,1909,1,"1"
1718.4384021738265,38637,1927,1,"1"
1721.7302678779558,38572,1992,6,"2-2-1-1"
1735.5074637186563,38552,2012,2,"1-1"
1737.2079612908494,38534,2030,1,"1"
1745.1944084293148,38516,2048,1,"1"
1754.8675279769793,38498,2066,1,"1"
1757.0778892422613,38480,2084,1,"1"
1768.3309010647749,38462,2102,1,"1"
1773.0622350504016,38348,2216,9,"5-2-1-1"
1778.4880594977833,38330,2234,1,"1"
1785.8963218220979,38294,2270,2,"2"
1788.8504610833161,38276,2288,1,"1"
1792.1346101951228,38258,2306,1,"1"
1799.9644696041448,38240,2324,1,"1"
1819.1745434503664,38222,2342,1,"1"
1820.575834405714,38207,2357,1,"1"
1843.796507032594,38189,2375,1,"1"
1853.3070311286331,38171,2393,1,"1"
1859.5274216242019,38121,2443,3,"3"
1861.9667889910354,38103,2461,1,"1"
1884.3222856432005,38075,2489,2,"2"
1888.8050229931357,38057,2507,1,"1"
1895.6962066997094,38021,2543,2,"2"
1898.9000704758048,38003,2561,1,"1"
1911.0671550635584,37976,2588,3,"3"
1911.075323344156,37958,2606,1,"1"
1913.5893725571773,37902,2662,4,"1-1-1-1"
1923.8097665400887,37848,2716,3,"1-1-1"
1934.2608929546843,37812,2752,2,"2"
1936.2052143090773,37807,2757,1,"1"
1938.0510046496556,37789,2775,1,"1"
1942.0728103594777,37771,2793,1,"1"
1953.6348488079809,37753,2811,1,"1"
1954.3005640953536,37735,2829,1,"1"
1955.9650451312973,0,40564,2137,"2137"
----------------------------------------------4
0,40564,0,0,"0"
93.983842544581663,40563,1,1,"1"
108.51690430483534,40562,2,1,"1"
125.33909764102508,40561,3,1,"1"
132.79001319909796,40560,4,1,"1"
203.59186987897829,40555,9,1,"1"
224.15544888981634,40537,27,1,"1"
229.06708841718614,40536,28,1,"1"
239.66056294787569,40535,29,1,"1"
245.47112705832464,40533,31,2,"2"
272.24614816999292,40532,32,1,"1"
275.96208581463208,40529,35,3,"3"
301.43059517823156,40527,37,2,"2"
308.77751090442689,40526,38,1,"1"
313.23225686500371,40525,39,1,"1"
339.93754402634335,40524,40,1,"1"
345.02053641824989,40522,42,2,"2"
351.00369336880016,40521,43,1,"1"
351.04907190810968,40516,48,5,"4-1"
351.66692029981203,40511,53,1,"1"
353.75595345187418,40510,54,1,"1"
360.57509191382707,40492,72,1,"1"
362.06913842960529,40474,90,1,"1"
364.90774971740245,40464,100,1,"1"
420.48683675219212,40428,136,2,"2"
426.1888424993445,40425,139,1,"1"
477.47751924066188,40407,157,1,"1"
522.90860510631467,40389,175,1,"1"
549.10033742825567,40388,176,1,"1"
563.75795134022792,40370,194,1,"1"
578.95715188664167,40363,201,1,"1"
593.20141519521474,40345,219,1,"1"
598.68900922889441,40331,233,1,"1"
611.36814696226213,40313,251,1,"1"
618.59595572785759,40312,252,1,"1"
619.65885230974186,40294,270,1,"1"
622.52280238394007,40276,288,1,"1"
625.48536627832061,40258,306,1,"1"
635.58444879415549,40248,316,1,"1"
647.7625304810615,40236,328,1,"1"
658.23287323174929,40231,333,1,"1"
661.09107585825609,40228,336,1,"1"
664.71897489910839,40210,354,1,"1"
677.48058208393604,40204,360,2,"1-1"
681.20338029331265,40199,365,1,"1"
688.83182689996499,40181,383,1,"1"
729.2763907048693,40176,388,1,"1"
758.13966773849677,40173,391,1,"1"
776.94461314160878,40164,400,1,"1"
787.14478528878089,40159,405,1,"1"
787.17869376155988,40150,414,3,"2-1"
793.42082503586948,40132,432,1,"1"
817.49488060550857,40114,450,1,"1"
833.47126072316712,40105,459,1,"1"
852.61312409551545,40085,479,2,"1-1"
854.10328758347407,40080,484,1,"1"
857.16684659073996,40066,498,2,"2"
863.73387886545436,40048,516,1,"1"
864.63858697985177,40030,534,1,"1"
889.80908056053147,40018,546,2,"1-1"
899.01982048175546,40000,564,1,"1"
903.21863389507166,39964,600,2,"2"
938.99905683470627,39946,618,1,"1"
962.5974587907815,39931,633,5,"5"
965.34563204966298,39928,636,1,"1"
968.85027587147408,39925,639,1,"1"
1005.9219329822926,39907,657,1,"1"
1013.7705240820129,39898,666,3,"3"
1021.0755324773256,39880,684,1,"1"
1028.552588960544,39862,702,1,"1"
1034.5003864785849,39834,730,2,"1-1"
1052.1530017353291,39825,739,1,"1"
1059.8959790930269,39807,757,1,"1"
1061.372866964309,39789,775,1,"1"
1071.2736079139966,39778,786,1,"1"
1072.8472292531148,39760,804,1,"1"
1074.8531222575461,39742,822,1,"1"
1077.593167553267,39737,827,1,"1"
1092.0400563720534,39719,845,1,"1"
1092.2777278411322,39701,863,1,"1"
1093.9067528265082,39683,881,1,"1"
1105.4778100834626,39665,899,1,"1"
1109.0964449479325,39662,902,1,"1"
1110.6012771362457,39644,920,1,"1"
1111.2986522176154,39626,938,1,"1"
1123.0183789290077,39608,956,1,"1"
1126.1772774159565,39603,961,1,"1"
1130.4163550925507,39566,998,7,"2-2-1-1-1"
1139.7537932328498,39548,1016,1,"1"
1153.2112436792488,39531,1033,1,"1"
1159.6399143961996,39505,1059,2,"2"
1163.8442597462613,39494,1070,1,"1"
1165.7957451531988,39476,1088,1,"1"
1169.4298093049574,39432,1132,4,"4"
1171.6021396339702,39421,1143,1,"1"
1173.4201796517809,39403,1161,1,"1"
1177.5304054264602,39385,1179,1,"1"
1198.5574691777972,39344,1220,3,"1-1-1"
1200.8088479407145,39326,1238,1,"1"
1201.3646125851083,39321,1243,1,"1"
1204.2147191436909,39303,1261,1,"1"
1221.970342213704,39285,1279,1,"1"
1222.248064980153,39267,1297,1,"1"
1229.9743395687906,39249,1315,1,"1"
1243.4841929732497,39231,1333,1,"1"
1245.7201827280981,39213,1351,1,"1"
1259.6248856919985,39195,1369,1,"1"
1261.2320614057708,39180,1384,3,"2-1"
1261.9945413796659,39162,1402,1,"1"
1281.0014859070757,39153,1411,1,"1"
1289.9610251128236,39135,1429,2,"1-1"
1303.6973314810325,39121,1443,1,"1"
1304.2727726487321,39103,1461,1,"1"
1311.8428528394254,39090,1474,1,"1"
1314.653244069166,39072,1492,1,"1"
1327.7089746617971,39054,1510,1,"1"
1350.8631249186883,39036,1528,1,"1"
1382.9512081121629,39018,1546,1,"1"
1389.9403025465356,38995,1569,3,"2-1"
1391.7373183735424,38885,1679,14,"10-2-1-1"
1393.0996916841752,38863,1701,2,"2"
1395.0256265503945,38845,1719,1,"1"
1395.3278495300585,38827,1737,1,"1"
1410.8667297516888,38816,1748,1,"1"
1424.2824401302119,38798,1766,1,"1"
1425.8218385447808,38762,1802,2,"1-1"
1428.0497858227532,38757,1807,1,"1"
1430.5140016353628,38718,1846,3,"2-1"
1447.3860825901711,38700,1864,1,"1"
1461.8791707878256,38682,1882,1,"1"
1471.2175795127689,38655,1909,3,"2-1"
1487.6993920780703,38637,1927,1,"1"
1489.4204318627819,38601,1963,2,"2"
1490.5011426027563,38591,1973,1,"1"
1492.8421265895113,38581,1983,1,"1"
1500.9136313422057,38563,2001,1,"1"
1508.8428591176325,38528,2036,3,"1-1-1"
1523.8572360398814,38510,2054,1,"1"
1526.7810959273256,38492,2072,1,"1"
1540.3961855192176,38487,2077,1,"1"
1566.1172190633938,38473,2091,1,"1"
1585.1587669299456,38455,2109,1,"1"
1585.9628576358193,38437,2127,1,"1"
1586.4814940866581,38422,2142,1,"1"
1595.3772489687151,38413,2151,1,"1"
1597.5696690216973,38385,2179,2,"2"
1600.5608202356643,38367,2197,1,"1"
1614.3859330782668,38349,2215,1,"1"
1615.1942760761597,38257,2307,7,"4-2-1"
1620.0950965568836,38243,2321,1,"1"
1625.4453859686482,38153,2411,7,"4-2-1"
1625.5703799560833,38135,2429,1,"1"
1633.5465914494182,37953,2611,14,"4-4-2-2-1-1"
1644.4591195127268,37935,2629,1,"1"
1645.2740614098784,37917,2647,1,"1"
1654.290899587663,37420,3144,41,"7-6-4-4-4-3-3-2-2-2-1-1-1-1"
1669.3530298815222,37384,3180,2,"1-1"
1670.9256691623364,37320,3244,4,"2-1-1"
1671.6053813262729,37311,3253,1,"1"
1674.9382337580896,37275,3289,2,"2"
1678.5693217925827,37257,3307,1,"1"
1681.0620032094694,37239,3325,1,"1"
1690.0261166972045,37225,3339,1,"1"
1694.0626532295753,37207,3357,1,"1"
1701.4410041525871,37153,3411,3,"2-1"
1701.976482217877,37141,3423,1,"1"
1707.7019197970524,37131,3433,1,"1"
1711.5286817317708,36961,3603,11,"4-3-2-1-1"
1712.5724866511307,0,40564,2076,"2076"
----------------------------------------------5
0,40564,0,0,"0"
98.793583602530717,40550,14,1,"1"
98.969810430185973,40549,15,1,"1"
142.41039033850097,40548,16,1,"1"
158.50423397666145,40530,34,1,"1"
160.97945581799382,40529,35,1,"1"
171.62119125385576,40528,36,1,"1"
216.28389432545467,40527,37,1,"1"
254.96510550731452,40520,44,3,"2-1"
280.39732367880663,40519,45,1,"1"
290.7454455353303,40507,57,1,"1"
295.44442498934194,40502,62,1,"1"
316.89479750298131,40501,63,1,"1"
330.09415042758604,40500,64,1,"1"
339.79110277064524,40496,68,4,"2-1-1"
349.8616666304477,40478,86,1,"1"
354.92377061428391,40477,87,1,"1"
360.08983717232411,40459,105,1,"1"
362.72353958940596,40457,107,2,"2"
365.52417900808297,40456,108,1,"1"
371.44942422611615,40455,109,1,"1"
377.39623508392009,40454,110,1,"1"
401.41807921880746,40451,113,3,"3"
412.35589384308918,40449,115,2,"2"
422.14773965849815,40448,116,1,"1"
448.41063154812133,40441,123,1,"1"
452.95789252173165,40440,124,1,"1"
456.27704495697168,40437,127,1,"1"
467.31509746258627,40436,128,1,"1"
467.7247689853649,40418,146,1,"1"
478.36301286531221,40408,156,1,"1"
480.12599123718024,40390,174,1,"1"
491.22250329290819,40372,192,1,"1"
507.50557970636288,40369,195,1,"1"
538.27169215838012,40351,213,1,"1"
544.43381683536666,40345,219,2,"2"
564.61457192623777,40335,229,1,"1"
576.87583083898824,40328,236,1,"1"
583.68197048885577,40318,246,2,"2"
591.20906821813571,40300,264,1,"1"
608.24110918787437,40295,269,1,"1"
608.91349397270255,40292,272,1,"1"
639.48084065611988,40289,275,1,"1"
639.59000760274091,40288,276,1,"1"
653.8560205114801,40285,279,1,"1"
659.93595561137283,40267,297,1,"1"
691.88603683264409,40261,303,2,"2"
718.51410843067413,40258,306,1,"1"
732.0718234874812,40240,324,1,"1"
757.77815642739631,40222,342,1,"1"
772.04143174645515,40215,349,1,"1"
785.27396877132401,40205,359,1,"1"
786.77004059784815,40192,372,3,"1-1-1"
788.34128383519533,40189,375,1,"1"
796.53317817250013,40171,393,1,"1"
806.25838255709107,40168,396,1,"1"
834.81321529306524,40150,414,1,"1"
842.68538635873358,40141,423,1,"1"
863.54190109627177,40105,459,8,"6-2"
881.01983816681127,40087,477,1,"1"
890.57995738094303,40069,495,1,"1"
913.96699626335976,40051,513,1,"1"
919.56798686759112,40033,531,1,"1"
936.04400059122622,40015,549,1,"1"
943.72107426200353,40003,561,2,"2"
991.21777859352017,39985,579,1,"1"
1005.2016746776959,39980,584,1,"1"
1012.3611592740388,39969,595,1,"1"
1024.6137364829672,39951,613,1,"1"
1027.8824652677176,39941,623,2,"2"
1037.0149497655059,39923,641,1,"1"
1052.2765139352355,39905,659,1,"1"
1060.1932766705811,39885,679,2,"2"
1061.8493966696915,39821,743,6,"2-2-1-1"
1078.686000547332,39803,761,1,"1"
1095.0618259788964,39791,773,1,"1"
1099.1339626988365,39755,809,2,"2"
1105.3779201657269,39737,827,1,"1"
1113.6394375844047,39719,845,1,"1"
1139.570235784548,39701,863,1,"1"
1163.7163988994314,39683,881,1,"1"
1171.958714354007,39665,899,1,"1"
1184.1290352642905,39647,917,1,"1"
1205.9529305810495,39631,933,1,"1"
1217.3306992468247,39613,951,1,"1"
1217.3624680469493,39595,969,1,"1"
1226.1349553439597,39585,979,1,"1"
1237.3292400209623,39580,984,1,"1"
1239.2880927622764,39562,1002,1,"1"
1289.2585400502608,39557,1007,1,"1"
1293.9877699834058,39539,1025,1,"1"
1304.9231527724824,39521,1043,1,"1"
1305.327514598062,39485,1079,2,"2"
1313.0957240088501,39467,1097,1,"1"
1317.5555174711483,39449,1115,1,"1"
1340.4311069209255,39440,1124,1,"1"
1344.7305946901301,39422,1142,1,"1"
1350.4840216274056,39419,1145,1,"1"
1352.1507637792599,39401,1163,1,"1"
1353.6386281117568,39383,1181,1,"1"
1355.8514108182478,39365,1199,1,"1"
1358.0694782957091,39347,1217,1,"1"
1358.7066455544164,39329,1235,2,"2"
1367.5378504644164,39317,1247,1,"1"
1368.372750329994,39307,1257,1,"1"
1382.4788007463435,39289,1275,1,"1"
1388.0265392985134,39271,1293,1,"1"
1388.1269029394653,39266,1298,1,"1"
1391.6934474446823,39230,1334,2,"1-1"
1392.5365847325763,39212,1352,1,"1"
1406.1097881930539,39194,1370,1,"1"
1406.7432607625078,39170,1394,2,"2"
1410.8004663174652,39152,1412,1,"1"
1443.9949245343255,39134,1430,1,"1"
1445.5560818265526,39106,1458,2,"1-1"
1446.7714778134066,39095,1469,1,"1"
1447.2585310378274,39071,1493,2,"1-1"
1451.7653146195125,39056,1508,3,"3"
1474.456494685767,39038,1526,1,"1"
1475.4061143703827,39014,1550,2,"1-1"
1479.2048728567913,38950,1614,4,"3-1"
1491.6619779485998,38945,1619,1,"1"
1495.8194490569008,38927,1637,1,"1"
1495.9418447287917,38909,1655,1,"1"
1501.2918675441347,38904,1660,1,"1"
1501.657467839683,38886,1678,1,"1"
1507.8743717351692,38868,1696,1,"1"
1534.3175482908725,38772,1792,7,"4-1-1-1"
1542.9810600900814,38753,1811,3,"3"
1543.8219817559379,38735,1829,1,"1"
1549.0597359116896,38693,1871,6,"4-2"
1558.232820134504,38675,1889,1,"1"
1561.3996481363449,38627,1937,4,"4"
1564.0263760945074,38609,1955,1,"1"
1569.0581966142322,38591,1973,1,"1"
1571.1985585325074,38573,1991,1,"1"
1581.5883470750839,38537,2027,2,"1-1"
1593.3258228364109,38519,2045,1,"1"
1598.718321168795,38167,2397,25,"6-4-4-3-3-1-1-1-1-1"
1607.6907191706234,38113,2451,3,"3"
1613.1048056413338,38077,2487,4,"4"
1616.0343900044872,38059,2505,1,"1"
1618.5506022406744,38024,2540,3,"3"
1619.0505784002185,38006,2558,1,"1"
1623.3160210315498,37989,2575,1,"1"
1627.150610617761,37971,2593,1,"1"
1632.5300677388566,37918,2646,4,"4"
1633.9304598614244,37900,2664,1,"1"
1651.7582879092183,37700,2864,17,"3-2-2-2-2-1-1-1-1-1-1"
1655.2148731541281,37505,3059,18,"7-4-3-2-2"
1655.9964485733203,37469,3095,2,"2"
1677.7461858559493,37451,3113,1,"1"
1685.7946920207501,37433,3131,1,"1"
1689.3099618509216,37415,3149,1,"1"
1709.0465724205203,37243,3321,13,"2-2-2-2-1-1-1-1-1"
1713.2831852993374,0,40564,2096,"2096"
----------------------------------------------6
0,40564,0,0,"0"
74.527411313208205,40563,1,1,"1"
79.547608062118243,40562,2,1,"1"
96.733635086745025,40561,3,1,"1"
140.38082229958749,40559,5,2,"2"
141.89944759104557,40541,23,1,"1"
176.7301176808711,40540,24,1,"1"
192.84524367714084,40538,26,2,"2"
198.02898722981109,40537,27,1,"1"
198.59467693531568,40536,28,1,"1"
202.433953762664,40535,29,1,"1"
202.81045353033909,40534,30,1,"1"
214.41321370721039,40519,45,1,"1"
233.62907015480769,40516,48,1,"1"
238.65516089355646,40512,52,4,"4"
245.82767682672102,40511,53,1,"1"
259.496039856869,40510,54,1,"1"
261.93966612809993,40509,55,1,"1"
285.47628758592253,40507,57,2,"2"
313.35100217153666,40506,58,1,"1"
330.70588573304116,40505,59,1,"1"
368.51008089238582,40487,77,1,"1"
368.64516895455239,40469,95,1,"1"
381.96683426028102,40466,98,1,"1"
409.64309677901622,40456,108,1,"1"
416.25454005975223,40438,126,1,"1"
422.25045294005002,40436,128,2,"2"
456.57968123421387,40435,129,1,"1"
466.71409988123798,40430,134,1,"1"
478.08195789846218,40429,135,1,"1"
491.47650255401186,40411,153,1,"1"
513.91600739963769,40405,159,2,"2"
517.47851219515962,40396,168,1,"1"
518.0451307317993,40391,173,1,"1"
544.99146325801746,40381,183,2,"2"
574.24229531910896,40363,201,1,"1"
586.78267752933414,40349,215,1,"1"
649.74767169422228,40331,233,1,"1"
652.30412570431815,40321,243,1,"1"
665.7547105643888,40318,246,1,"1"
674.73226802112572,40300,264,1,"1"
679.5092328971449,40290,274,1,"1"
707.06167555981722,40287,277,1,"1"
709.7787546667181,40282,282,1,"1"
720.39105923866305,40279,285,1,"1"
724.64253006607566,40261,303,1,"1"
724.89781220689031,40243,321,1,"1"
728.26398102733481,40225,339,1,"1"
729.2473628820951,40207,357,1,"1"
744.52676669838866,40202,362,1,"1"
757.38486434511788,40197,367,1,"1"
759.46016476797661,40185,379,1,"1"
784.58271660093203,40167,397,1,"1"
805.26522245139085,40149,415,1,"1"
815.25371769643152,40131,433,1,"1"
819.66708917074754,40119,445,2,"2"
822.57219066339189,40101,463,1,"1"
838.13407928299569,40083,481,1,"1"
858.89260558227181,40065,499,1,"1"
869.31994172333111,40047,517,1,"1"
875.3112541395252,40042,522,1,"1"
888.3289034274535,40024,540,1,"1"
901.93412927675035,40006,558,1,"1"
910.76491336423589,39988,576,1,"1"
946.16491783473339,39970,594,1,"1"
960.71175141975425,39967,597,1,"1"
982.87102497209901,39949,615,1,"1"
997.232857584116,39931,633,1,"1"
1005.4196336894888,39913,651,1,"1"
1005.6688423287725,39895,669,1,"1"
1019.5778887848091,39877,687,1,"1"
1025.8614169318812,39859,705,1,"1"
1032.8743362403113,39841,723,2,"2"
1037.4652907253271,39823,741,1,"1"
1068.4751807886541,39787,777,2,"2"
1077.5451993330112,39769,795,1,"1"
1086.3734429996864,39751,813,1,"1"
1093.9893757242476,39741,823,1,"1"
1097.7291010281324,39723,841,1,"1"
1100.2926267591552,39713,851,1,"1"
1130.0929727467108,39695,869,1,"1"
1134.4413935529992,39665,899,2,"1-1"
1149.4895921998136,39662,902,1,"1"
1183.3185223529906,39641,923,3,"1-1-1"
1187.9157365336416,39623,941,1,"1"
1198.3725278076238,39605,959,1,"1"
1200.1356195994492,39575,989,10,"8-1-1"
1207.2681805206951,39566,998,1,"1"
1214.8126135045247,39554,1010,4,"3-1"
1225.9149495608133,39536,1028,1,"1"
1253.971289584164,39526,1038,1,"1"
1276.4482484607481,39508,1056,1,"1"
1289.9090689498867,39503,1061,1,"1"
1296.7604698483742,39485,1079,1,"1"
1297.2017902954549,39467,1097,1,"1"
1306.3196743862557,39462,1102,1,"1"
1319.8374594218246,39422,1142,3,"1-1-1"
1330.5864963503493,39404,1160,1,"1"
1337.7032318837403,39392,1172,1,"1"
1339.3779828773947,39389,1175,1,"1"
1355.7960143318785,39371,1193,1,"1"
1356.1756402710444,39353,1211,1,"1"
1366.4909676420277,39335,1229,1,"1"
1367.6103519865756,39321,1243,2,"1-1"
1374.8435951036793,39303,1261,1,"1"
1380.4947028689521,39285,1279,1,"1"
1389.1804360645701,39245,1319,6,"4-1-1"
1413.4652778943062,39209,1355,2,"1-1"
1414.5040786981494,39191,1373,1,"1"
1415.7274702773398,39173,1391,1,"1"
1418.1625264082056,39137,1427,2,"1-1"
1430.533641309213,39119,1445,1,"1"
1439.3906703667235,39101,1463,1,"1"
1451.8576770578163,39083,1481,1,"1"
1455.1113794676342,39078,1486,1,"1"
1459.2739488400687,39066,1498,1,"1"
1466.7726990887679,39048,1516,1,"1"
1468.4105031078439,39030,1534,1,"1"
1471.1896514864252,39012,1552,1,"1"
1472.3984187612666,38994,1570,1,"1"
1475.5738379507652,38958,1606,4,"4"
1476.2789118734513,38949,1615,1,"1"
1504.7350728766796,38931,1633,1,"1"
1504.9436656665896,38920,1644,1,"1"
1513.0684159285786,38902,1662,1,"1"
1513.3344728549275,38884,1680,1,"1"
1514.0412125040573,38866,1698,1,"1"
1518.1174688040605,38848,1716,1,"1"
1519.2807883746636,38830,1734,1,"1"
1523.3370530688655,38812,1752,1,"1"
1532.2157617738089,38776,1788,2,"2"
1534.0436470087495,38740,1824,2,"2"
1535.6975180876677,38722,1842,1,"1"
1544.7911264897114,38704,1860,1,"1"
1547.3276913310556,38686,1878,1,"1"
1558.8834911176896,38668,1896,1,"1"
1566.6071599531645,38619,1945,5,"4-1"
1582.4853357242384,38597,1967,2,"2"
1594.1276790709217,38561,2003,2,"2"
1613.0433493525609,38543,2021,1,"1"
1620.2652730295633,38525,2039,1,"1"
1620.6580905041574,38507,2057,1,"1"
1645.2463562557407,38486,2078,3,"3"
1651.865594269904,38473,2091,1,"1"
1653.772633556646,38399,2165,5,"5"
1654.941335336606,38381,2183,1,"1"
1661.1652563980763,38363,2201,1,"1"
1667.4519692745082,38345,2219,1,"1"
1669.1875570699406,38315,2249,2,"1-1"
1686.4062893097164,38297,2267,1,"1"
1689.4658490940212,38277,2287,2,"2"
1689.8871745725917,38256,2308,3,"2-1"
1692.0614970517884,38238,2326,1,"1"
1692.7357669432474,38223,2341,1,"1"
1712.7167353766674,38205,2359,1,"1"
1713.4570285402388,38187,2377,1,"1"
1714.5858329846892,38169,2395,1,"1"
1720.3871583206169,38145,2419,2,"2"
1722.8881528476857,38109,2455,2,"2"
1727.232829929349,38069,2495,4,"2-1-1"
1746.8550613480281,37983,2581,10,"6-3-1"
1749.4934027082293,37965,2599,1,"1"
1750.0356859201474,37929,2635,2,"1-1"
1755.5715290789801,0,40564,2154,"2154"
----------------------------------------------7
0,40564,0,0,"0"
48.741119711211759,40546,18,1,"1"
69.956160820350888,40545,19,1,"1"
110.44064010825923,40544,20,1,"1"
111.48100634502886,40543,21,1,"1"
119.60121981515086,40542,22,1,"1"
140.93751303694265,40541,23,1,"1"
148.82163187595617,40540,24,1,"1"
180.69250817464621,40522,42,1,"1"
193.79339237270611,40521,43,1,"1"
228.54108449392447,40503,61,1,"1"
238.43835385988328,40496,68,1,"1"
249.20117853646332,40495,69,1,"1"
268.24889261633336,40494,70,1,"1"
281.56669556288739,40493,71,1,"1"
284.08102283608986,40491,73,2,"2"
286.1282353542868,40489,75,2,"2"
290.71441215856998,40486,78,1,"1"
294.96513688119603,40483,81,3,"3"
302.33081115966996,40482,82,1,"1"
305.71327977177134,40476,88,2,"2"
309.13637547231474,40475,89,1,"1"
315.6229851064013,40461,103,1,"1"
329.07834220863543,40443,121,1,"1"
332.38584687308156,40441,123,2,"2"
338.14224393057202,40438,126,1,"1"
374.69998450238319,40436,128,2,"2"
375.38769835370783,40422,142,1,"1"
378.80161335870451,40408,156,1,"1"
387.57862370647138,40390,174,1,"1"
387.72175444035724,40374,190,1,"1"
404.15372539350477,40373,191,1,"1"
408.97482619323614,40372,192,1,"1"
428.40410388545615,40354,210,1,"1"
462.17449589175379,40344,220,1,"1"
469.04584851382998,40330,234,1,"1"
470.65817612220502,40312,252,1,"1"
473.4933455671636,40294,270,1,"1"
508.0512481360629,40289,275,1,"1"
515.84204509283813,40288,276,1,"1"
552.60165054934419,40270,294,1,"1"
566.39483029361452,40252,312,1,"1"
586.81296108209472,40251,313,1,"1"
588.32346082503875,40233,331,1,"1"
606.24297882870371,40223,341,2,"2"
620.16287620593334,40205,359,1,"1"
625.25382261079426,40202,362,1,"1"
665.94547764534047,40184,380,1,"1"
679.21765720010956,40166,398,1,"1"
696.00163082192341,40150,414,4,"2-1-1"
716.34688670234141,40130,434,2,"2"
733.53862405696373,40112,452,1,"1"
747.01657523048584,40094,470,1,"1"
764.21640599706586,40089,475,1,"1"
782.46035005822296,40071,493,1,"1"
801.07408830414658,40053,511,1,"1"
803.42958159778527,40037,527,1,"1"
809.21569695601579,40019,545,1,"1"
813.28385340230898,40016,548,1,"1"
835.17722973462423,40013,551,1,"1"
846.52524052233412,39995,569,1,"1"
869.86347573232376,39977,587,1,"1"
876.08984481634036,39959,605,1,"1"
877.95434650420862,39945,619,1,"1"
884.33473879815926,39930,634,1,"1"
885.41808598711611,39894,670,2,"2"
907.52142693013445,39876,688,1,"1"
908.29747337500385,39858,706,1,"1"
909.2617852561109,39826,738,2,"2"
911.31082589077835,39821,743,1,"1"
938.9146827835508,39803,761,1,"1"
939.77422505568416,39793,771,1,"1"
960.74117709416623,39775,789,1,"1"
972.90020415352683,39761,803,1,"1"
986.80005520608506,39747,817,2,"1-1"
990.07446877812561,39729,835,1,"1"
998.91770145351734,39711,853,1,"1"
1007.5526069519136,39708,856,1,"1"
1010.4426245304435,39676,888,3,"2-1"
1022.0673653610027,39664,900,4,"4"
1040.0919524608689,39646,918,1,"1"
1049.216627540043,39630,934,1,"1"
1058.6976419636308,39612,952,1,"1"
1068.0618267824345,39594,970,1,"1"
1076.8887513099332,39589,975,1,"1"
1095.038927208682,39584,980,1,"1"
1098.2197425486115,39579,985,1,"1"
1102.0927491752113,39576,988,1,"1"
1102.4016691521583,39566,998,1,"1"
1106.5768177880091,39548,1016,1,"1"
1113.8419845268841,39530,1034,1,"1"
1115.8934868770996,39525,1039,1,"1"
1123.5385561465926,39522,1042,1,"1"
1124.9916841697129,39504,1060,1,"1"
1130.573687372736,39486,1078,1,"1"
1130.7831523915993,39477,1087,1,"1"
1139.2232827919133,39459,1105,1,"1"
1146.5620308534105,39454,1110,1,"1"
1153.8930735201322,39436,1128,1,"1"
1156.4876984573648,39404,1160,2,"1-1"
1159.1220856688035,39382,1182,2,"1-1"
1160.0987597681501,39372,1192,1,"1"
1167.5904288534102,39349,1215,5,"4-1"
1169.2494964111677,39343,1221,2,"2"
1170.9405202614294,39336,1228,1,"1"
1175.2898075806538,39322,1242,1,"1"
1180.8948290868541,39304,1260,1,"1"
1189.6866845699442,39298,1266,2,"2"
1194.1688811225563,39280,1284,1,"1"
1223.0051766212714,39262,1302,1,"1"
1229.7940131797004,39244,1320,1,"1"
1261.3389012036325,39226,1338,1,"1"
1261.3756364050275,39208,1356,1,"1"
1270.9593394368776,39190,1374,1,"1"
1271.5936089498555,39172,1392,1,"1"
1301.4738628886907,39158,1406,1,"1"
1309.1226236423413,39153,1411,1,"1"
1317.6936746821095,39135,1429,1,"1"
1340.3425996960968,39117,1447,1,"1"
1342.9357352332668,39112,1452,1,"1"
1346.862780760534,39094,1470,1,"1"
1360.1082228640921,39076,1488,1,"1"
1384.8891890102084,39058,1506,1,"1"
1391.5450821369559,38998,1566,5,"3-1-1"
1394.5917449432347,38980,1584,1,"1"
1401.4736588764511,38962,1602,1,"1"
1403.5240276816307,38944,1620,1,"1"
1404.7615353856195,38934,1630,1,"1"
1407.1252365641938,38894,1670,3,"2-1"
1408.5536704942481,38876,1688,1,"1"
1415.4551805265144,38858,1706,1,"1"
1441.8068145261104,38840,1724,1,"1"
1448.5796454667768,38822,1742,1,"1"
1448.7923687686757,38795,1769,3,"2-1"
1456.8179419445787,38777,1787,1,"1"
1477.0233701200527,38759,1805,1,"1"
1491.2438814371458,38741,1823,1,"1"
1502.0597364619903,38723,1841,1,"1"
1505.6649930904316,38705,1859,1,"1"
1528.4040157170659,38687,1877,1,"1"
1537.0184499186046,38669,1895,1,"1"
1537.159046236902,38641,1923,4,"2-1-1"
1541.699595735322,38623,1941,1,"1"
1543.7048120694126,38589,1975,2,"2"
1547.915146870215,38535,2029,3,"1-1-1"
1549.4627781226977,38517,2047,1,"1"
1567.683239146279,38510,2054,1,"1"
1578.8061325423796,38492,2072,1,"1"
1584.8686777745306,38418,2146,6,"2-2-1-1"
1587.1737843899657,38400,2164,1,"1"
1591.5766687918358,38382,2182,1,"1"
1593.8718156212201,38368,2196,2,"1-1"
1613.8439125059799,38355,2209,1,"1"
1630.5403480369962,38342,2222,1,"1"
1634.2894674182605,38324,2240,1,"1"
1634.8910526377817,38306,2258,1,"1"
1645.9859430977199,38288,2276,1,"1"
1682.5358297603368,38279,2285,1,"1"
1682.9054401804826,38243,2321,2,"1-1"
1684.3237627216529,38225,2339,1,"1"
1686.5183946350483,38205,2359,2,"2"
1693.8950738554363,38200,2364,1,"1"
1701.3643173217031,38036,2528,16,"7-2-2-1-1-1-1-1"
1713.2284872774583,38018,2546,1,"1"
1723.9472798291631,38000,2564,1,"1"
1726.5075890923827,37982,2582,1,"1"
1738.0192418488889,37956,2608,2,"1-1"
1742.3617142640867,37938,2626,1,"1"
1744.2110611110218,37920,2644,1,"1"
1754.9319524780581,37902,2662,1,"1"
1756.2220986314928,37830,2734,4,"2-2"
1765.2500906720595,37825,2739,1,"1"
1766.3839841874187,37807,2757,1,"1"
1766.4590363870018,37789,2775,1,"1"
1777.2847546957291,37725,2839,5,"4-1"
1796.3020675846976,37713,2851,2,"1-1"
1813.0515787776931,37569,2995,8,"4-2-2"
1813.5435467220452,37551,3013,1,"1"
1815.2562368605538,37515,3049,2,"1-1"
1817.4375099251943,37497,3067,1,"1"
1817.459811805646,37479,3085,1,"1"
1817.4626033152219,0,40564,2127,"2127"
----------------------------------------------8
0,40564,0,0,"0"
70.368626962634522,40563,1,1,"1"
102.78182182678574,40557,7,2,"2"
129.29675957266664,40556,8,1,"1"
134.48266624734811,40555,9,1,"1"
139.11825057464407,40554,10,1,"1"
146.67297935124481,40536,28,1,"1"
152.53806574128632,40518,46,1,"1"
163.29014138756654,40517,47,1,"1"
166.68365264959078,40515,49,2,"2"
180.81150566232941,40514,50,1,"1"
202.77814257974862,40513,51,1,"1"
227.82222102033711,40512,52,1,"1"
232.17709589621828,40511,53,1,"1"
262.35693087275553,40508,56,1,"1"
300.81424105611268,40506,58,2,"2"
306.56817968803915,40488,76,1,"1"
307.42999754828128,40487,77,1,"1"
334.06009782889822,40486,78,1,"1"
351.05985097782496,40468,96,1,"1"
364.62972592111026,40450,114,1,"1"
370.61037441681958,40432,132,1,"1"
378.5719421708713,40429,135,1,"1"
398.90220425020669,40426,138,1,"1"
411.78496288235823,40408,156,1,"1"
451.70369232870058,40401,163,7,"4-3"
461.65979145792721,40400,164,1,"1"
463.2840306369992,40399,165,1,"1"
467.73198670673457,40381,183,1,"1"
476.01713487761538,40380,184,1,"1"
511.38476346178493,40362,202,1,"1"
527.53449184101407,40349,215,1,"1"
533.42294551596649,40331,233,1,"1"
536.71970853758876,40330,234,1,"1"
537.36772252451919,40329,235,1,"1"
539.40950360231216,40326,238,1,"1"
545.76590679176718,40323,241,1,"1"
550.51416537095565,40313,251,2,"2"
573.665835062616,40310,254,1,"1"
584.92565491093399,40292,272,1,"1"
599.4764215245068,40274,290,1,"1"
603.11702575870333,40264,300,1,"1"
643.68412250222605,40246,318,1,"1"
645.12983502586223,40232,332,1,"1"
662.53168559212145,40214,350,1,"1"
677.03662569914491,40196,368,1,"1"
687.75994007394183,40189,375,1,"1"
695.54738917593215,40179,385,2,"1-1"
727.63928927812776,40174,390,1,"1"
739.06787455155109,40169,395,1,"1"
740.02963658605688,40151,413,1,"1"
767.52908537031681,40148,416,1,"1"
778.38017189664117,40130,434,1,"1"
778.95955798805073,40112,452,1,"1"
781.87414781398218,40094,470,1,"1"
784.96109330057527,40076,488,1,"1"
789.6181894075994,40058,506,1,"1"
823.59524530857129,40040,524,1,"1"
835.46543011974791,40032,532,2,"1-1"
842.80151478974187,40029,535,1,"1"
853.37740564663636,40011,553,1,"1"
854.92087825560986,40008,556,1,"1"
857.68863017756485,39990,574,1,"1"
865.53022789104659,39972,592,1,"1"
873.34147188419206,39965,599,1,"1"
873.7103790138508,39952,612,1,"1"
874.48306096601573,39916,648,2,"1-1"
878.43237620818854,39898,666,1,"1"
882.34283174500354,39883,681,5,"5"
907.19410534346378,39869,695,1,"1"
911.95257398813487,39833,731,2,"2"
912.68040631092163,39827,737,2,"2"
916.12344840927517,39797,767,2,"2"
943.88033888671714,39779,785,1,"1"
955.60517378445206,39774,790,1,"1"
984.71486943850493,39756,808,1,"1"
994.15572761741441,39746,818,1,"1"
999.83561950419482,39728,836,1,"1"
1000.0816020937034,39719,845,1,"1"
1009.6123625591289,39701,863,1,"1"
1014.3046295337234,39683,881,1,"1"
1029.3656848364224,39665,899,1,"1"
1035.7088102973521,39647,917,1,"1"
1041.8832478820677,39629,935,1,"1"
1044.3897430405459,39593,971,2,"1-1"
1059.7930386555859,39583,981,2,"2"
1067.5700942365854,39565,999,1,"1"
1074.5844713710712,39529,1035,2,"1-1"
1086.5250026875058,39517,1047,4,"4"
1089.9546042802633,39499,1065,1,"1"
1095.3104659736316,39471,1093,2,"2"
1097.9643492108655,39453,1111,1,"1"
1104.8205159574334,39435,1129,1,"1"
1109.8152509283282,39425,1139,2,"2"
1130.6740833818333,39413,1151,1,"1"
1136.0372005487779,39408,1156,1,"1"
1139.4345597651586,39390,1174,1,"1"
1143.1658247245603,39385,1179,1,"1"
1145.3264336595937,39375,1189,2,"2"
1162.4106123994723,39360,1204,1,"1"
1187.5688622729831,39353,1211,1,"1"
1189.1278490589802,39335,1229,1,"1"
1196.6172122127753,39315,1249,2,"1-1"
1197.4265565603712,39305,1259,1,"1"
1206.8692138499932,39302,1262,1,"1"
1226.1471766595132,39284,1280,1,"1"
1247.912994367239,39266,1298,1,"1"
1248.3073679131433,39238,1326,4,"3-1"
1248.6921932279861,39220,1344,1,"1"
1249.2225500810162,39202,1362,1,"1"
1293.8775978244307,39187,1377,1,"1"
1294.3997164139266,39175,1389,1,"1"
1301.4649847761923,39139,1425,2,"2"
1319.017809543366,39121,1443,1,"1"
1326.788379789436,39110,1454,1,"1"
1335.8815321578084,39092,1472,1,"1"
1344.161055580003,39080,1484,1,"1"
1348.9263052226377,38964,1600,9,"4-2-1-1-1"
1385.5833283201662,38946,1618,1,"1"
1402.1504711592879,38928,1636,1,"1"
1405.4647307911664,38910,1654,1,"1"
1410.2578953404968,38892,1672,1,"1"
1447.7052364911729,38874,1690,1,"1"
1468.327369775079,38869,1695,1,"1"
1470.8414944839483,38851,1713,1,"1"
1474.0225951354396,38833,1731,1,"1"
1477.1239138658452,38811,1753,2,"2"
1482.5731124698139,38801,1763,1,"1"
1487.9608995883586,38783,1781,1,"1"
1546.1133818865942,38747,1817,2,"2"
1549.1080911106224,38729,1835,1,"1"
1549.240233850868,38722,1842,1,"1"
1554.838357217722,38704,1860,1,"1"
1570.9180379020886,38686,1878,1,"1"
1578.4551339882628,38668,1896,1,"1"
1581.4693743647797,38632,1932,2,"2"
1582.8051940866933,38614,1950,1,"1"
1582.9883959156662,38604,1960,1,"1"
1587.9429580924575,38569,1995,5,"3-1-1"
1592.0719387086804,38497,2067,4,"4"
1607.5845619983597,38461,2103,2,"1-1"
1640.9390802624846,38425,2139,2,"1-1"
1654.5427460192629,38327,2237,12,"6-3-2-1"
1656.0427063464151,38309,2255,1,"1"
1663.6527868104504,38291,2273,1,"1"
1665.5378017602613,38273,2291,1,"1"
1696.8694462571343,38255,2309,1,"1"
1705.3573934555607,38237,2327,1,"1"
1708.7593746692946,38210,2354,3,"3"
1708.9483933302101,38179,2385,2,"2"
1721.4743202380414,38110,2454,7,"4-2-1"
1736.1213809616538,38092,2472,1,"1"
1738.9997500781296,38074,2490,1,"1"
1740.7905109205485,38065,2499,1,"1"
1748.7854357952483,38021,2543,3,"3"
1756.5376696181863,38003,2561,1,"1"
1757.9298822880153,37985,2579,1,"1"
1763.597980413808,37949,2615,2,"1-1"
1766.2983180155497,37913,2651,2,"2"
1780.4679333359923,37895,2669,1,"1"
1790.4215608297443,37877,2687,1,"1"
1791.2092812450574,37859,2705,1,"1"
1792.6912647923232,37841,2723,1,"1"
1798.2328974340669,37823,2741,1,"1"
1809.5385144443346,37805,2759,1,"1"
1817.1647953030053,37792,2772,1,"1"
1833.0385461052224,37774,2790,1,"1"
1852.6376227120973,37764,2800,1,"1"
1865.3141576382811,37746,2818,1,"1"
1868.5696298720457,37728,2836,1,"1"
1873.1272237294627,37710,2854,1,"1"
1880.2530252439262,37692,2872,1,"1"
1881.5036763875457,37682,2882,1,"1"
1883.6530409718007,37656,2908,2,"1-1"
1899.7290500659624,37626,2938,2,"2"
1903.7464933911124,37554,3010,4,"3-1"
1908.4913615034498,37424,3140,9,"2-1-1-1-1-1-1-1"
1923.1889554428451,37388,3176,2,"2"
1935.8294924599243,37370,3194,1,"1"
1943.318102540931,37341,3223,3,"3"
1945.0033973095983,37305,3259,2,"2"
1952.4966845621734,37257,3307,3,"1-1-1"
1952.8289029878017,37239,3325,1,"1"
1953.336188164101,37230,3334,1,"1"
1954.7254849454519,37212,3352,1,"1"
1970.7019677658734,37170,3394,4,"3-1"
1976.7165876454555,37152,3412,1,"1"
1977.7524328950512,37134,3430,1,"1"
1988.1415251905048,37116,3448,1,"1"
2000.1170657553146,37070,3494,4,"2-2"
2023.2960002566454,0,40564,2097,"2097"
----------------------------------------------9
0,40564,0,0,"0"
89.311603575140808,40553,11,1,"1"
92.371770592722584,40552,12,1,"1"
122.48154614831688,40551,13,1,"1"
154.63734282190251,40550,14,1,"1"
196.07355167007651,40549,15,1,"1"
210.58583853426015,40548,16,1,"1"
244.47786826740156,40547,17,1,"1"
246.70105315076228,40544,20,3,"3"
271.54805937117482,40543,21,1,"1"
283.33468460742654,40542,22,1,"1"
290.81295508321597,40524,40,1,"1"
293.22496447357412,40523,41,1,"1"
318.73446168690657,40520,44,3,"3"
322.40116966552176,40518,46,2,"2"
335.19548491224737,40508,56,1,"1"
345.64407668243814,40501,63,1,"1"
349.0063455817691,40500,64,1,"1"
360.48960686081176,40496,68,4,"3-1"
370.20554930076679,40495,69,1,"1"
378.5850466129387,40494,70,1,"1"
387.15979952078152,40493,71,1,"1"
394.52042811287811,40475,89,1,"1"
478.08792214766896,40474,90,1,"1"
494.90572888977528,40473,91,1,"1"
500.75310101140587,40470,94,1,"1"
524.21979075187062,40467,97,1,"1"
530.99174027176537,40466,98,1,"1"
543.52582150342357,40448,116,1,"1"
552.71234124303442,40430,134,1,"1"
553.87391818296805,40416,148,1,"1"
563.18109553767238,40398,166,1,"1"
577.3206664752405,40389,175,1,"1"
587.51741893955659,40384,180,1,"1"
608.277141955621,40366,198,1,"1"
615.06375677256767,40348,216,1,"1"
631.79731093911653,40330,234,1,"1"
636.30649151359376,40320,244,2,"2"
651.23137012273696,40302,262,1,"1"
651.35598923857788,40289,275,1,"1"
753.8050712839779,40271,293,1,"1"
763.24446472797604,40253,311,1,"1"
783.0209661835205,40248,316,1,"1"
801.40481311541009,40238,326,1,"1"
821.4304269949813,40226,338,1,"1"
847.69538873824592,40220,344,2,"2"
859.71397768746567,40210,354,1,"1"
866.2334579227529,40207,357,1,"1"
869.57250112820395,40198,366,3,"3"
885.73873244666913,40170,394,2,"1-1"
894.32231265427606,40152,412,1,"1"
901.45088800736778,40122,442,2,"2"
907.59653660046718,40104,460,1,"1"
916.65813002660616,40086,478,1,"1"
917.78937275699366,40079,485,1,"1"
926.4026231415661,40061,503,1,"1"
939.24176977817592,40047,517,1,"1"
944.37889957884977,40044,520,1,"1"
945.13872949929134,40041,523,1,"1"
955.48216799624436,40023,541,1,"1"
961.25018736940456,40005,559,1,"1"
972.62662400408226,39981,583,4,"2-1-1"
1003.603771900931,39963,601,6,"6"
1007.5824666949399,39945,619,1,"1"
1018.8944039753785,39936,628,3,"2-1"
1037.6950491388468,39923,641,1,"1"
1048.3927425125241,39905,659,1,"1"
1067.3787649641556,39887,677,1,"1"
1078.95089916801,39869,695,1,"1"
1080.4966717939249,39851,713,1,"1"
1082.7637218205009,39845,719,2,"2"
1084.2111651189957,39838,726,1,"1"
1130.7258197443775,39823,741,1,"1"
1137.0280146248153,39805,759,1,"1"
1147.5543413945477,39769,795,2,"1-1"
1147.9437336643982,39751,813,1,"1"
1173.9279879403682,39739,825,1,"1"
1183.9136336380432,39721,843,1,"1"
1184.8389640222831,39716,848,1,"1"
1193.9087546653927,39698,866,1,"1"
1198.5491480608828,39691,873,1,"1"
1200.7434024537858,39673,891,1,"1"
1211.1858647562278,39613,951,4,"2-2"
1213.3476262875236,39608,956,1,"1"
1244.0712092639164,39590,974,1,"1"
1252.3163408569196,39546,1018,3,"2-1"
1263.0179832016599,39528,1036,1,"1"
1269.4133115320378,39505,1059,3,"2-1"
1280.6198904829168,39487,1077,1,"1"
1282.1279793340425,39469,1095,1,"1"
1285.1488576917077,39451,1113,1,"1"
1299.5391668145344,39448,1116,1,"1"
1302.5691004773851,39434,1130,1,"1"
1320.3725902704205,39402,1162,2,"1-1"
1321.1241747697316,39384,1180,1,"1"
1332.2500059336921,39366,1198,1,"1"
1342.2230900445886,39348,1216,1,"1"
1348.1118114804608,39339,1225,1,"1"
1351.5608171903114,39321,1243,1,"1"
1358.0592536201775,39303,1261,1,"1"
1358.7870023922244,39298,1266,1,"1"
1359.2587134768817,39280,1284,1,"1"
1374.2083564045058,39248,1316,3,"2-1"
1375.2391416218722,39230,1334,1,"1"
1376.8466324700016,39192,1372,3,"3"
1381.0201865248789,39174,1390,1,"1"
1385.4167531080855,39156,1408,1,"1"
1388.4625035787228,39147,1417,1,"1"
1390.4367735691626,39105,1459,3,"2-1"
1406.7793386615028,39033,1531,4,"3-1"
1414.7720119960593,39023,1541,2,"2"
1418.4672523464094,39005,1559,1,"1"
1423.8436116212042,38987,1577,1,"1"
1434.0758100777402,38969,1595,1,"1"
1434.9421379083462,38951,1613,1,"1"
1444.0073108554923,38940,1624,1,"1"
1452.2743606552699,38886,1678,3,"3"
1455.4683820969294,38868,1696,1,"1"
1463.9548129122024,38843,1721,3,"3"
1476.291122835856,38828,1736,3,"3"
1487.9935402971087,38819,1745,1,"1"
1527.7275624770057,38801,1763,1,"1"
1529.3106090669714,38783,1781,1,"1"
1532.252442265258,38765,1799,1,"1"
1541.9534772228069,38758,1806,1,"1"
1543.9117790925786,38740,1824,1,"1"
1548.3965082704995,38722,1842,1,"1"
1558.388774409095,38686,1878,2,"2"
1559.1757681022111,38668,1896,1,"1"
1570.7968741665386,38650,1914,1,"1"
1577.3854414179989,38632,1932,1,"1"
1586.9820420315289,38614,1950,1,"1"
1587.5644564776201,38587,1977,5,"4-1"
1619.4018897696301,38567,1997,2,"2"
1628.8453413041962,38560,2004,1,"1"
1651.0382623826547,38506,2058,3,"2-1"
1653.0485435456621,38414,2150,7,"3-2-1-1"
1654.5751018955687,38396,2168,1,"1"
1658.9391473137312,38360,2204,2,"2"
1676.4781263383907,38348,2216,1,"1"
1678.3056963217325,38075,2489,24,"7-7-2-2-2-2-1-1"
1687.0066083581135,38057,2507,1,"1"
1692.5730975993997,38039,2525,1,"1"
1699.1527732034326,38021,2543,1,"1"
1724.1804225437859,38003,2561,1,"1"
1744.9571547754274,37985,2579,1,"1"
1757.6594107959147,37949,2615,2,"2"
1758.7329961199603,37931,2633,1,"1"
1759.5926397218134,37881,2683,4,"3-1"
1760.2815996708978,37433,3131,32,"7-3-3-3-3-3-2-2-2-1-1-1-1"
1766.1894954014751,37361,3203,4,"2-1-1"
1779.7642805272155,37325,3239,2,"2"
1780.6473103857168,37275,3289,3,"3"
1787.951686766082,37239,3325,2,"1-1"
1788.2536781264932,37221,3343,1,"1"
1790.9341642207755,37185,3379,2,"2"
1794.2071535994787,37167,3397,1,"1"
1794.7219786318531,37154,3410,1,"1"
1805.9671074357018,37122,3442,2,"1-1"
1808.5288472811662,37086,3478,2,"2"
1815.5386307826373,37064,3500,2,"2"
1817.6574055107806,36986,3578,7,"5-2"
1818.2419023682228,0,40564,2088,"2088"
