f,num_active_particles,num_deleted_particles,total_deleted_rods,avalanche_sizes
0,40735,0,0,"0"
94.601786324964195,40717,18,1,"1"
126.04380171668834,40716,19,1,"1"
131.18339851577227,40715,20,1,"1"
154.27433473750031,40714,21,1,"1"
170.84447558092273,40713,22,1,"1"
172.05124380972049,40712,23,1,"1"
190.24337296390857,40710,25,2,"1-1"
193.80084904831227,40700,35,1,"1"
197.58868879454366,40699,36,1,"1"
223.57025434027295,40698,37,1,"1"
230.86784808367972,40697,38,1,"1"
241.16867985309349,40696,39,1,"1"
249.21850498033109,40695,40,1,"1"
259.71442341585339,40685,50,1,"1"
264.60677718190863,40683,52,2,"2"
278.20576572375404,40682,53,1,"1"
278.34519305084524,40680,55,2,"2"
279.41732570485169,40679,56,1,"1"
305.46149914362428,40678,57,1,"1"
308.06874371846448,40677,58,1,"1"
308.51353758452353,40676,59,1,"1"
315.02002152255312,40675,60,1,"1"
318.34873008973187,40673,62,2,"2"
326.11648743597652,40670,65,3,"1-1-1"
327.93624150036123,40665,70,1,"1"
330.11073481898524,40664,71,1,"1"
347.01050221018409,40663,72,1,"1"
347.54748227513193,40662,73,1,"1"
347.93111177866592,40661,74,1,"1"
379.97562442184767,40643,92,1,"1"
394.01223150102334,40625,110,1,"1"
428.21847051376329,40607,128,1,"1"
440.07138041401907,40593,142,1,"1"
452.15782916365674,40592,143,1,"1"
468.78796243366588,40587,148,1,"1"
472.7480276116064,40582,153,1,"1"
518.68043103597063,40572,163,2,"1-1"
525.56293561008124,40562,173,2,"2"
572.40286659824972,40557,178,1,"1"
572.56328150783656,40554,181,1,"1"
602.65293041352425,40551,184,1,"1"
609.66144904288012,40548,187,1,"1"
616.57595717753418,40545,190,1,"1"
618.64168348654061,40540,195,1,"1"
628.5128924892374,40527,208,1,"1"
643.6032386453146,40522,213,1,"1"
645.61813982698357,40517,218,1,"1"
655.98624215419795,40499,236,1,"1"
689.9731226647358,40494,241,1,"1"
724.51199455952474,40476,259,1,"1"
726.35444107836884,40458,277,1,"1"
736.26517946305808,40448,287,1,"1"
787.33447040588737,40443,292,1,"1"
827.32865245062635,40438,297,1,"1"
827.35396692678091,40435,300,1,"1"
829.24015788609745,40425,310,1,"1"
832.99754260902205,40409,326,1,"1"
840.83813284066025,40373,362,2,"2"
854.6403575180384,40368,367,1,"1"
855.85301322116561,40358,377,1,"1"
858.73901270169176,40348,387,1,"1"
870.90940920641822,40330,405,1,"1"
879.75490745998877,40325,410,1,"1"
891.40107892998583,40320,415,1,"1"
905.38966131771292,40315,420,1,"1"
907.00337687511603,40310,425,1,"1"
911.36884656845552,40303,432,1,"1"
917.33465732873822,40296,439,1,"1"
922.03211880427909,40274,461,4,"2-2"
922.93742406879676,40256,479,1,"1"
924.05785088534935,40238,497,1,"1"
928.46232667311801,40233,502,1,"1"
943.71995667265537,40215,520,1,"1"
958.45256656377319,40210,525,1,"1"
972.92231826462626,40192,543,4,"2-1-1"
987.77538466325871,40160,575,2,"2"
999.52334010610593,40150,585,1,"1"
1004.5010500849826,40137,598,1,"1"
1008.0261193854903,40127,608,2,"2"
1023.4368055016505,40122,613,1,"1"
1026.3329671937558,40102,633,2,"2"
1034.8259394353749,40095,640,1,"1"
1039.996789401521,40084,651,1,"1"
1040.4733517173188,40037,698,4,"2-1-1"
1046.1536058239219,40027,708,2,"2"
1047.0392017963929,40009,726,1,"1"
1047.7870582523558,39995,740,2,"2"
1048.0903630129919,39977,758,1,"1"
1099.4172380995974,39923,812,3,"2-1"
1103.8414275308423,39905,830,1,"1"
1111.7508668512883,39887,848,1,"1"
1113.2027186033304,39878,857,1,"1"
1120.2454751866533,39868,867,1,"1"
1125.7910803870172,39850,885,1,"1"
1129.6350856890397,39821,914,5,"2-1-1-1"
1139.3421173129843,39796,939,2,"1-1"
1155.1073634576512,39757,978,5,"3-1-1"
1174.5848878969441,39739,996,1,"1"
1190.2328192444425,39719,1016,2,"1-1"
1191.9734156896297,39701,1034,1,"1"
1192.6291458012449,39679,1056,2,"2"
1201.847423011616,39660,1075,3,"3"
1211.3883544047521,39642,1093,1,"1"
1215.7125296455806,39581,1154,7,"3-2-2"
1229.2777764723935,39550,1185,2,"1-1"
1230.0704082678094,39537,1198,1,"1"
1239.4458459761136,39519,1216,1,"1"
1241.0824480137844,39501,1234,1,"1"
1241.4476637297994,39487,1248,1,"1"
1254.2044667258529,39453,1282,3,"2-1"
1259.538659906043,39435,1300,1,"1"
1275.3887271868639,39425,1310,1,"1"
1320.2858902848943,39377,1358,4,"4"
1333.296168286874,39325,1410,4,"1-1-1-1"
1334.8940255655541,39316,1419,1,"1"
1345.8601079978741,39250,1485,5,"2-2-1"
1361.9004612188037,39169,1566,9,"5-3-1"
1386.2879099597733,39112,1623,7,"4-1-1-1"
1422.5939395696039,39048,1687,5,"2-1-1-1"
1423.0431646639577,39030,1705,1,"1"
1434.116067484882,38994,1741,2,"2"
1448.9102317043551,38950,1785,3,"1-1-1"
1469.8978931144229,38932,1803,1,"1"
1476.1851805239567,38914,1821,1,"1"
1477.8013243178893,38878,1857,2,"1-1"
1478.769437038877,38860,1875,1,"1"
1481.0245178039588,38842,1893,1,"1"
1491.0379999453089,38634,2101,17,"4-3-2-2-1-1-1-1-1-1"
1494.7547027202454,38598,2137,2,"2"
1503.5797517395717,0,40735,2174,"2174"
----------------------------------------------1
0,40735,0,0,"0"
43.248576714127637,40734,1,1,"1"
58.210924080540259,40727,8,1,"1"
114.68928627633903,40726,9,1,"1"
127.89382623914126,40725,10,1,"1"
129.92727814095895,40707,28,1,"1"
138.11486542660512,40705,30,2,"2"
150.14792883256635,40695,40,1,"1"
178.85693431038473,40694,41,1,"1"
180.4472662551517,40693,42,1,"1"
182.61292968869557,40692,43,1,"1"
184.0894624182566,40690,45,2,"1-1"
189.47470052910623,40689,46,1,"1"
189.54720993257192,40671,64,1,"1"
199.84344694026663,40669,66,2,"1-1"
200.54546232696708,40668,67,1,"1"
205.30595923562836,40667,68,1,"1"
222.17493488302202,40655,80,4,"3-1"
228.08559759564469,40654,81,1,"1"
259.0625268506102,40653,82,1,"1"
261.54279154267215,40652,83,1,"1"
282.86895802590658,40651,84,1,"1"
285.29319119885662,40641,94,1,"1"
296.15876589504035,40640,95,1,"1"
333.23549514502986,40639,96,1,"1"
352.04404940996722,40621,114,1,"1"
353.97717118746823,40619,116,2,"2"
363.54469650391957,40609,126,1,"1"
376.92371525598884,40608,127,1,"1"
384.86876607645104,40594,141,1,"1"
390.74289489839532,40593,142,1,"1"
400.27835262482404,40575,160,1,"1"
404.7470451371654,40557,178,1,"1"
416.61875083905687,40556,179,1,"1"
443.68767301358719,40555,180,1,"1"
450.09166340932961,40554,181,1,"1"
461.57934893716828,40553,182,1,"1"
466.35431734871054,40539,196,1,"1"
466.8555289705651,40521,214,1,"1"
469.25223085052551,40516,219,1,"1"
506.04377615657893,40515,220,1,"1"
544.274320406946,40510,225,1,"1"
585.56537421889504,40492,243,1,"1"
586.44466964434127,40474,261,1,"1"
608.60116052958699,40469,266,1,"1"
612.80125205034085,40451,284,1,"1"
634.57737200424128,40433,302,1,"1"
636.05873528456652,40428,307,1,"1"
638.03059574364192,40410,325,1,"1"
643.16069200161746,40392,343,1,"1"
649.6790354690728,40382,353,1,"1"
653.34973095644011,40377,358,1,"1"
672.95869733584902,40367,368,1,"1"
729.26376671874027,40355,380,1,"1"
740.6928532006051,40341,394,1,"1"
747.00830622918147,40323,412,1,"1"
755.31631789052847,40318,417,1,"1"
772.95145144786841,40308,427,1,"1"
783.94294666638314,40303,432,1,"1"
793.98151461328382,40285,450,1,"1"
801.09027338412807,40255,480,3,"3"
826.18997792924188,40242,493,1,"1"
841.94779234846783,40224,511,1,"1"
843.43002480381631,40206,529,1,"1"
853.85080831243317,40188,547,1,"1"
859.4432584434179,40178,557,2,"1-1"
869.63901898005838,40175,560,1,"1"
876.16029103980861,40165,570,1,"1"
892.90859610922826,40155,580,1,"1"
897.84594506645669,40070,665,17,"5-4-2-2-2-1-1"
924.91567027576787,40052,683,1,"1"
939.46894035682567,40034,701,1,"1"
955.47725198607372,40017,718,1,"1"
959.14821528169057,39999,736,2,"2"
962.19991983486852,39981,754,1,"1"
964.10827298745528,39964,771,1,"1"
971.20373004429257,39946,789,1,"1"
977.32072009657747,39930,805,1,"1"
1007.9628988764975,39927,808,1,"1"
1009.0835012024588,39909,826,1,"1"
1025.6327300370745,39885,850,2,"1-1"
1030.9973887369483,39877,858,2,"1-1"
1032.5677230020233,39859,876,1,"1"
1037.7284649914225,39854,881,1,"1"
1049.0992954254386,39836,899,1,"1"
1069.3007593808511,39818,917,1,"1"
1072.0215978570882,39800,935,1,"1"
1077.6474543731217,39782,953,1,"1"
1088.8037601139204,39772,963,2,"2"
1092.7907149283005,39767,968,1,"1"
1096.7894717671202,39753,982,2,"1-1"
1099.2659898550248,39735,1000,1,"1"
1100.4704902197245,39722,1013,1,"1"
1115.3926554519242,39717,1018,1,"1"
1116.146097895127,39703,1032,1,"1"
1118.255079862141,39649,1086,3,"3"
1125.5809409877684,39631,1104,1,"1"
1130.4485631541136,39598,1137,5,"5"
1133.3723927138665,39588,1147,2,"2"
1136.4721611176142,39575,1160,1,"1"
1136.5539346450362,39561,1174,1,"1"
1142.5702199120578,39521,1214,3,"2-1"
1144.1694801797967,39511,1224,1,"1"
1151.5487823108267,39489,1246,2,"1-1"
1162.8548762215453,39479,1256,2,"2"
1168.5464850255303,39469,1266,2,"2"
1173.3536072774696,39452,1283,1,"1"
1188.7463262093318,39447,1288,1,"1"
1199.8068223925752,39419,1316,2,"1-1"
1213.5037982607746,39401,1334,1,"1"
1214.4603101252733,39383,1352,1,"1"
1223.4939118663879,39376,1359,1,"1"
1225.6447934528337,39338,1397,3,"2-1"
1238.4853175123876,39302,1433,2,"2"
1249.1601180364742,39266,1469,2,"2"
1254.9516597670822,39248,1487,1,"1"
1266.5811212628075,39138,1597,9,"3-2-2-1-1"
1269.5689895872172,39123,1612,3,"2-1"
1280.8406520104113,39105,1630,1,"1"
1284.882533567119,39087,1648,1,"1"
1286.7502158281402,39058,1677,3,"2-1"
1288.1709245858344,39040,1695,1,"1"
1306.6039872764629,39006,1729,3,"1-1-1"
1316.7614646345971,38994,1741,1,"1"
1322.9499095956653,38976,1759,1,"1"
1323.1259504286993,38962,1773,1,"1"
1339.4317830688401,38952,1783,1,"1"
1339.8678703694545,38936,1799,1,"1"
1341.9328430032263,38795,1940,13,"5-3-3-1-1"
1344.8314934166206,38786,1949,1,"1"
1347.7712620912152,38349,2386,40,"7-7-4-4-3-2-2-2-2-2-1-1-1-1-1"
1369.6111355232022,38327,2408,2,"2"
1388.2681451200281,38309,2426,1,"1"
1394.9605326224228,38291,2444,1,"1"
1399.0774966548563,38255,2480,2,"2"
1401.4748232532361,38237,2498,1,"1"
1403.3594347465994,38201,2534,2,"1-1"
1405.692852816904,38183,2552,1,"1"
1414.5583923057877,0,40735,2146,"2146"
----------------------------------------------2
0,40735,0,0,"0"
72.459223956766678,40717,18,1,"1"
106.64422654220876,40716,19,1,"1"
116.24320200392633,40715,20,1,"1"
119.02339290523693,40714,21,1,"1"
126.48495226048522,40713,22,1,"1"
129.84505400389895,40712,23,1,"1"
132.88029934037831,40711,24,1,"1"
145.57606580811401,40693,42,1,"1"
169.42414190495478,40683,52,1,"1"
171.19634332132003,40682,53,1,"1"
183.74604863178942,40664,71,1,"1"
191.33346161865688,40663,72,1,"1"
193.6977680485866,40662,73,1,"1"
195.78955299232595,40661,74,1,"1"
198.36935995416468,40660,75,1,"1"
210.8807764996472,40650,85,1,"1"
238.09856164313214,40648,87,2,"2"
242.31131286179692,40647,88,1,"1"
269.65584880627011,40646,89,1,"1"
273.96045004833854,40645,90,1,"1"
289.29340451171623,40627,108,1,"1"
292.00266320467324,40617,118,1,"1"
298.44376323691159,40616,119,1,"1"
322.87655783748528,40615,120,1,"1"
331.96074470770463,40614,121,1,"1"
342.20289144641549,40612,123,2,"1-1"
345.20896794511646,40611,124,1,"1"
358.17408614890246,40602,133,1,"1"
361.90681890186283,40601,134,1,"1"
362.14398295338651,40583,152,1,"1"
384.370643876938,40582,153,1,"1"
384.64984223293516,40581,154,1,"1"
388.92059229082366,40577,158,2,"1-1"
418.51105679050784,40549,186,2,"2"
421.98568396132117,40537,198,1,"1"
427.97309639808248,40536,199,1,"1"
436.11513987135623,40518,217,1,"1"
436.19670545327205,40500,235,1,"1"
448.35624354638645,40498,237,2,"2"
451.99607869600635,40493,242,1,"1"
456.87704095280679,40479,256,1,"1"
467.22340164782895,40473,262,2,"2"
473.09340302267822,40463,272,1,"1"
483.31351374645425,40462,273,1,"1"
490.28259565799442,40461,274,1,"1"
492.41065725461419,40443,292,1,"1"
502.14496222170698,40433,302,1,"1"
503.52687642718962,40410,325,2,"2"
528.60933079389633,40392,343,1,"1"
537.7456906441322,40374,361,1,"1"
558.9288254469468,40356,379,1,"1"
560.2646423336156,40346,389,1,"1"
566.7304489243611,40334,401,1,"1"
588.21203800449643,40321,414,1,"1"
594.83650846290072,40316,419,1,"1"
614.12232579820159,40304,431,1,"1"
637.74797286009562,40295,440,1,"1"
678.84622131066396,40285,450,1,"1"
678.97547897047014,40267,468,1,"1"
679.78252599955499,40249,486,1,"1"
697.08230370052809,40235,500,1,"1"
702.69280778308143,40230,505,1,"1"
704.3647779287935,40216,519,1,"1"
725.03930964268216,40198,537,1,"1"
727.4550096293699,40193,542,1,"1"
729.84341690176723,40149,586,4,"3-1"
735.6310547844588,40137,598,1,"1"
752.73403344578105,40119,616,1,"1"
756.22070262500995,40116,619,1,"1"
784.23238209506144,40100,635,1,"1"
796.35702957498177,40095,640,1,"1"
798.26899869178533,40077,658,1,"1"
812.04260877107538,40059,676,1,"1"
812.25359176312156,40041,694,1,"1"
826.18957241986504,40015,720,2,"2"
853.30721307663384,39997,738,1,"1"
861.97196670762241,39983,752,1,"1"
867.83654222474661,39978,757,1,"1"
873.77788746847443,39968,767,1,"1"
877.97216520277493,39958,777,1,"1"
883.0272916079175,39953,782,1,"1"
892.79801126248799,39921,814,2,"1-1"
894.67920163068527,39906,829,3,"3"
896.65494008250062,39888,847,2,"1-1"
904.25534508859744,39878,857,1,"1"
914.59077372454703,39873,862,1,"1"
919.32708519724667,39868,867,1,"1"
924.31815585354809,39854,881,1,"1"
931.24995631480317,39845,890,3,"3"
951.96404232665566,39827,908,1,"1"
959.37691290362898,39809,926,1,"1"
962.24324638565031,39800,935,1,"1"
963.4762584240442,39748,987,4,"2-2"
965.77374210300411,39734,1001,2,"2"
973.77416949631834,39724,1011,1,"1"
987.32256836407089,39696,1039,2,"1-1"
988.80304591067454,39693,1042,1,"1"
989.60312695332664,39675,1060,1,"1"
992.35386732265636,39657,1078,1,"1"
993.69309557380495,39642,1093,3,"2-1"
994.10055790007232,39624,1111,1,"1"
996.5173567788047,39604,1131,2,"1-1"
996.68732945854003,39586,1149,1,"1"
1015.4491892038087,39575,1160,3,"3"
1021.3064029355934,39557,1178,1,"1"
1028.7882207251312,39548,1187,1,"1"
1034.2736984716369,39543,1192,1,"1"
1050.4269264242246,39536,1199,1,"1"
1057.9244998886204,39518,1217,1,"1"
1059.0849686191098,39513,1222,1,"1"
1066.9758884496248,39495,1240,1,"1"
1073.9290633791964,39467,1268,2,"2"
1080.0763598943608,39449,1286,1,"1"
1100.7379684013622,39431,1304,1,"1"
1106.9757441571217,39413,1322,1,"1"
1108.5860553993041,39321,1414,7,"3-1-1-1-1"
1109.4698383748525,39303,1432,1,"1"
1109.8920770053749,39249,1486,3,"1-1-1"
1146.3153887947863,39231,1504,1,"1"
1162.7922483306672,39219,1516,1,"1"
1170.9082457737914,39214,1521,1,"1"
1175.9925453965895,39205,1530,1,"1"
1180.0605401758869,39097,1638,6,"6"
1183.0644510735922,39090,1645,1,"1"
1183.6012362603142,39072,1663,1,"1"
1190.4324721524174,39054,1681,1,"1"
1194.9731894294464,39036,1699,1,"1"
1206.5751913165602,38998,1737,3,"2-1"
1223.5660112319447,38991,1744,1,"1"
1224.8015186340162,38955,1780,2,"1-1"
1239.4253515442497,38950,1785,1,"1"
1246.2028384496159,38918,1817,2,"1-1"
1246.6579371194566,38889,1846,3,"3"
1249.3258157698222,38853,1882,3,"1-1-1"
1251.4509932910487,38835,1900,1,"1"
1260.4847029926857,38817,1918,1,"1"
1274.6031796639982,38812,1923,1,"1"
1274.9647796574943,38786,1949,2,"1-1"
1293.7351899818348,0,40735,2211,"2211"
----------------------------------------------3
0,40735,0,0,"0"
19.204822897955154,40734,1,1,"1"
57.815389058550878,40733,2,1,"1"
83.294490273657175,40732,3,1,"1"
130.69493735708014,40731,4,1,"1"
133.97093572587903,40730,5,1,"1"
135.54186667928812,40729,6,1,"1"
148.9580088298587,40711,24,1,"1"
159.84642077813697,40701,34,1,"1"
160.25982220540706,40700,35,1,"1"
178.8410593420098,40690,45,1,"1"
183.41460039337497,40689,46,1,"1"
186.63395898485328,40686,49,1,"1"
210.01342730688043,40684,51,2,"2"
211.24997114951094,40674,61,1,"1"
215.98368056235606,40660,75,1,"1"
223.0194592616327,40642,93,1,"1"
236.74706769942421,40640,95,2,"1-1"
245.07532426072891,40636,99,4,"2-1-1"
263.23804249367106,40624,111,1,"1"
269.89006180478469,40623,112,1,"1"
306.46940738737504,40622,113,1,"1"
317.30942589588244,40621,114,1,"1"
325.87049793760531,40603,132,1,"1"
329.49539105496871,40602,133,1,"1"
330.25451333239272,40601,134,1,"1"
340.82123995550756,40598,137,3,"2-1"
347.50867441615497,40592,143,2,"2"
357.71988709995719,40574,161,1,"1"
389.49593416860318,40556,179,1,"1"
391.34547186427625,40554,181,2,"2"
393.5151314542349,40551,184,1,"1"
400.34563669806471,40550,185,1,"1"
410.534422180631,40545,190,1,"1"
415.25797571879451,40533,202,1,"1"
416.66078694662326,40532,203,1,"1"
428.17548483500457,40520,215,4,"3-1"
444.46364297484541,40507,228,1,"1"
454.96174534925876,40489,246,1,"1"
468.5959875443566,40479,256,1,"1"
477.86257064268199,40468,267,1,"1"
483.15786441716676,40450,285,1,"1"
494.99262408212479,40443,292,3,"2-1"
509.38736756288637,40438,297,1,"1"
528.58982400728701,40422,313,2,"2"
543.22086876902449,40404,331,1,"1"
563.54124676697495,40390,345,1,"1"
579.29546975026415,40380,355,1,"1"
585.4752528103113,40362,373,1,"1"
586.98082763446746,40353,382,1,"1"
646.25837174218088,40335,400,1,"1"
656.85897925971119,40317,418,1,"1"
682.74845671227877,40307,428,1,"1"
682.955547091379,40285,450,2,"2"
695.02823267907547,40271,464,1,"1"
702.63584863782944,40263,472,2,"1-1"
710.19812971646843,40251,484,1,"1"
730.24160293424325,40233,502,1,"1"
739.41642639948782,40228,507,1,"1"
757.35984934482201,40218,517,2,"2"
759.07269176864509,40208,527,1,"1"
763.62346883155783,40203,532,1,"1"
769.89928120696595,40193,542,1,"1"
775.78054042041492,40178,557,3,"2-1"
806.93915779426845,40162,573,1,"1"
827.77255694959342,40157,578,1,"1"
846.59317509993684,40139,596,1,"1"
859.52300598071167,40128,607,1,"1"
859.5913686046232,40110,625,1,"1"
860.75791865562712,40100,635,2,"2"
869.03887731768998,40082,653,1,"1"
878.33438238126439,40064,671,4,"2-1-1"
883.02715717214289,40046,689,1,"1"
886.75228286087588,40028,707,1,"1"
889.53041948053021,40018,717,1,"1"
894.19853029043281,39998,737,2,"1-1"
922.63910172073054,39984,751,1,"1"
951.48046151578592,39960,775,2,"1-1"
958.65209260154165,39942,793,1,"1"
981.05995811831235,39924,811,1,"1"
984.13616417550134,39915,820,1,"1"
985.2013800065755,39903,832,2,"1-1"
1001.6324792279109,39877,858,4,"3-1"
1015.1693195691689,39867,868,1,"1"
1021.9372513687471,39831,904,2,"1-1"
1039.0784889405031,39813,922,1,"1"
1043.1004310220444,39785,950,4,"2-1-1"
1063.9225937501144,39780,955,1,"1"
1068.7417438732296,39754,981,2,"2"
1094.8955920972196,39738,997,2,"2"
1104.1260717762755,39724,1011,1,"1"
1107.8443940160428,39719,1016,1,"1"
1108.6872877315168,39677,1058,3,"2-1"
1136.1464013119914,39659,1076,1,"1"
1141.2092542851103,39641,1094,1,"1"
1158.6108466465632,39636,1099,1,"1"
1168.9859593768228,39626,1109,2,"1-1"
1188.0153912216626,39608,1127,1,"1"
1188.3763428246923,39534,1201,6,"2-2-1-1"
1194.1210323135383,39516,1219,1,"1"
1203.1512346229802,39494,1241,2,"1-1"
1216.7965038553368,39476,1259,1,"1"
1224.9428670098046,39458,1277,1,"1"
1238.1367458782402,39440,1295,1,"1"
1242.6019000674187,39422,1313,1,"1"
1245.2848815626276,39411,1324,1,"1"
1248.2847312732738,39278,1457,15,"3-3-2-2-2-1-1-1"
1253.1754078394263,39267,1468,1,"1"
1253.8542787495053,39250,1485,1,"1"
1255.976810383808,39230,1505,2,"1-1"
1260.8336927038565,39212,1523,1,"1"
1262.4982134517129,39194,1541,1,"1"
1265.175442641241,39189,1546,1,"1"
1266.971625780375,39180,1555,1,"1"
1272.8816638382427,39170,1565,1,"1"
1277.3270971827312,39125,1610,5,"3-2"
1280.4064037533726,39115,1620,1,"1"
1283.6612522545531,39097,1638,1,"1"
1290.6388552451742,39088,1647,1,"1"
1303.50047508784,39055,1680,2,"2"
1303.777325425038,39018,1717,5,"4-1"
1308.9585995852133,38982,1753,2,"1-1"
1317.7080961660276,38693,2042,27,"5-5-5-4-3-1-1-1-1-1"
1324.2406262822899,38678,2057,1,"1"
1327.0043277541113,38654,2081,2,"2"
1342.8088147209355,38513,2222,13,"3-2-2-2-1-1-1-1"
1346.205985147106,0,40735,2165,"2165"
----------------------------------------------4
0,40735,0,0,"0"
31.658366412250246,40734,1,1,"1"
116.86490253817645,40724,11,1,"1"
165.32254158867835,40723,12,1,"1"
171.801416869306,40713,22,1,"1"
184.20010948283894,40711,24,2,"2"
191.4344197217948,40710,25,1,"1"
217.54948788608559,40701,34,1,"1"
260.51722977238569,40683,52,1,"1"
267.16743180322248,40682,53,1,"1"
272.04379643898034,40681,54,1,"1"
299.10266372012637,40680,55,1,"1"
300.06659461637787,40677,58,3,"2-1"
319.15181645875833,40676,59,1,"1"
319.38926168923496,40675,60,1,"1"
337.13286659155762,40661,74,1,"1"
337.30032953351264,40659,76,2,"1-1"
344.57142999645043,40657,78,2,"2"
348.5622476513052,40639,96,1,"1"
352.53755357029195,40638,97,1,"1"
354.01468202463019,40637,98,1,"1"
361.43585180754746,40619,116,1,"1"
369.27122539934891,40616,119,1,"1"
378.47535604032453,40614,121,2,"2"
394.50489194075749,40610,125,2,"2"
404.2843969223693,40602,133,4,"3-1"
416.25443982867984,40594,141,4,"4"
446.07286725940838,40592,143,2,"1-1"
451.62330403982332,40586,149,2,"1-1"
455.10132563575536,40576,159,1,"1"
461.89972868954646,40573,162,1,"1"
476.20473818215726,40572,163,1,"1"
486.28885719668256,40554,181,1,"1"
488.39818882652287,40549,186,1,"1"
489.78712643952218,40531,204,1,"1"
491.42260739724861,40526,209,1,"1"
529.20462614206167,40521,214,1,"1"
540.43259823262906,40516,219,1,"1"
555.49352516197382,40501,234,1,"1"
558.43654407932456,40483,252,1,"1"
598.8570490965227,40461,274,2,"2"
603.51188599477928,40456,279,1,"1"
605.34136675041361,40438,297,1,"1"
615.12800438802992,40420,315,1,"1"
622.73180084000523,40402,333,1,"1"
631.09761435251175,40386,349,1,"1"
633.34509329113439,40377,358,1,"1"
637.99342732022808,40359,376,1,"1"
646.27044213082252,40345,390,2,"1-1"
659.84537466072766,40342,393,1,"1"
704.31301933043039,40324,411,1,"1"
706.21385613793393,40306,429,1,"1"
709.51003081707051,40290,445,1,"1"
711.90561548517076,40266,469,2,"1-1"
716.45066865081549,40248,487,1,"1"
751.58102764423984,40234,501,1,"1"
753.65337538199708,40229,506,1,"1"
759.07250075514219,40211,524,1,"1"
785.18321877559595,40206,529,1,"1"
786.03502122668181,40196,539,1,"1"
788.13359067504507,40178,557,1,"1"
794.8869658399974,40160,575,1,"1"
803.84255872649896,40155,580,1,"1"
814.22956611790028,40152,583,1,"1"
825.56399089968409,40142,593,2,"2"
831.57384561921049,40139,596,1,"1"
839.33101218109903,40131,604,2,"1-1"
842.84732674108363,40113,622,1,"1"
862.68242755697372,40073,662,3,"1-1-1"
871.37930836002852,40062,673,1,"1"
881.09601899605343,40051,684,1,"1"
890.25217537031699,40033,702,1,"1"
902.24444564368764,40015,720,1,"1"
904.05225120442128,40006,729,1,"1"
922.1869810457431,39992,743,1,"1"
930.67265095727328,39982,753,1,"1"
945.0985326065362,39962,773,2,"2"
965.61564475346677,39957,778,1,"1"
966.6652446037599,39921,814,2,"2"
973.06838223729619,39885,850,2,"1-1"
973.33828254109051,39867,868,1,"1"
983.05751093995059,39849,886,1,"1"
989.74182500165102,39846,889,1,"1"
1011.0202394666671,39810,925,2,"1-1"
1020.1081592218829,39792,943,1,"1"
1022.5506950795611,39758,977,4,"4"
1034.4419738910622,39740,995,1,"1"
1037.5107302186636,39690,1045,8,"3-2-1-1-1"
1044.1119352113428,39654,1081,2,"2"
1048.7302507931211,39649,1086,1,"1"
1056.1310022094692,39631,1104,2,"1-1"
1058.8325725036243,39613,1122,1,"1"
1090.1492148515019,39595,1140,1,"1"
1100.5267662621372,39577,1158,1,"1"
1102.4397564662859,39537,1198,4,"4"
1102.7022740513878,39519,1216,1,"1"
1109.3602227010515,39509,1226,2,"2"
1111.6748287435405,39262,1473,34,"8-6-4-4-2-2-2-1-1-1-1-1-1"
1113.0238799172203,39244,1491,1,"1"
1156.5473357545027,39237,1498,1,"1"
1160.3681321885426,39191,1544,4,"3-1"
1167.5127070023834,39173,1562,1,"1"
1172.6430816215714,39155,1580,1,"1"
1174.5484168286389,39137,1598,1,"1"
1186.1131126351427,39119,1616,1,"1"
1188.7686237247256,39101,1634,1,"1"
1193.1585793217321,39081,1654,2,"1-1"
1199.9656520914737,39041,1694,3,"2-1"
1207.7604138417043,39024,1711,1,"1"
1212.8797090821647,39014,1721,1,"1"
1212.9027980202959,38988,1747,2,"2"
1218.7492070578592,38954,1781,3,"1-1-1"
1231.0395684497475,38860,1875,7,"3-2-1-1"
1250.9604141581326,38812,1923,3,"3"
1256.2964242244102,38794,1941,1,"1"
1261.470606065129,38589,2146,19,"10-3-3-2-1"
1282.1540764293286,38553,2182,2,"2"
1285.7683958013331,38535,2200,1,"1"
1293.662788124486,38517,2218,1,"1"
1300.850666062551,38479,2256,3,"1-1-1"
1321.384609438222,38470,2265,1,"1"
1324.3904847027857,38452,2283,1,"1"
1338.2176352222027,38434,2301,1,"1"
1344.7260105717287,38321,2414,8,"3-2-1-1-1"
1364.4151404737891,38237,2498,6,"3-1-1-1"
1379.5121359200919,38219,2516,1,"1"
1379.8785716119471,38201,2534,1,"1"
1400.8041179850288,0,40735,2148,"2148"
----------------------------------------------5
0,40735,0,0,"0"
31.207726859137715,40734,1,1,"1"
111.0829883398514,40716,19,1,"1"
136.66672372617776,40715,20,1,"1"
137.01487407223973,40705,30,1,"1"
138.86778538346061,40704,31,1,"1"
194.19308477904684,40701,34,3,"1-1-1"
206.82256588396032,40700,35,1,"1"
220.38664871214408,40690,45,1,"1"
227.17337141944483,40672,63,1,"1"
240.15865788565051,40671,64,1,"1"
248.35548195171586,40670,65,1,"1"
259.07879158600031,40669,66,1,"1"
273.70403661453753,40651,84,1,"1"
282.77065439347473,40650,85,1,"1"
283.42206530782914,40649,86,1,"1"
300.76910558628356,40647,88,2,"2"
312.24016877370042,40641,94,2,"1-1"
333.22623384980818,40640,95,1,"1"
336.21238714073996,40639,96,1,"1"
347.17377628242082,40638,97,1,"1"
354.63998663780512,40637,98,1,"1"
355.49040300527446,40636,99,1,"1"
356.52731497614099,40635,100,1,"1"
359.31687357922431,40628,107,3,"3"
359.49355299298736,40627,108,1,"1"
361.94047852105496,40617,118,1,"1"
364.49925912706379,40616,119,1,"1"
370.24312766745828,40598,137,1,"1"
372.24608998144896,40584,151,1,"1"
372.4756349549836,40583,152,1,"1"
382.74180945940145,40569,166,2,"2"
388.60993188406485,40568,167,1,"1"
390.66178786389332,40558,177,1,"1"
391.37233782991495,40547,188,1,"1"
401.48766554399754,40529,206,1,"1"
409.33395717389749,40511,224,1,"1"
421.58561884589329,40495,240,1,"1"
437.74264668473779,40485,250,1,"1"
453.40286360749423,40472,263,1,"1"
456.8808950186434,40470,265,2,"1-1"
475.13770465802412,40469,266,1,"1"
482.66343139743435,40468,267,1,"1"
491.23110028214012,40450,285,1,"1"
494.13961195214483,40445,290,1,"1"
494.96828963547171,40444,291,1,"1"
496.03290533932932,40424,311,2,"1-1"
521.82340869934421,40406,329,1,"1"
529.20330901988177,40388,347,1,"1"
572.29748444478003,40381,354,1,"1"
601.47739487959336,40363,372,1,"1"
602.19435364385356,40345,390,1,"1"
632.12321796005904,40335,400,2,"2"
643.78296893281481,40325,410,2,"2"
664.96576805273639,40320,415,1,"1"
666.47654267221321,40317,418,1,"1"
666.78391396031452,40302,433,1,"1"
668.26253444302188,40282,453,2,"1-1"
689.94525550492199,40277,458,1,"1"
704.8347048294811,40272,463,1,"1"
706.26657163609605,40258,477,2,"2"
707.74627630186239,40249,486,1,"1"
707.90600640311141,40231,504,1,"1"
724.03463011776716,40226,509,1,"1"
732.16630426363793,40212,523,1,"1"
774.94816210826639,40194,541,1,"1"
779.87501177012496,40176,559,1,"1"
781.82673209033885,40171,564,1,"1"
789.38191425081095,40153,582,1,"1"
793.63818559554738,40148,587,1,"1"
802.33002601058593,40145,590,1,"1"
803.40460199562574,40140,595,1,"1"
807.50580102285051,40117,618,5,"3-1-1"
810.0072548216101,40108,627,1,"1"
815.42293030417636,40094,641,1,"1"
862.64499418937555,40076,659,1,"1"
877.79069513445211,40069,666,1,"1"
887.79919880032344,40050,685,5,"2-2-1"
889.24047901909842,40032,703,1,"1"
909.38066329709579,40027,708,1,"1"
942.4276533968424,40009,726,4,"1-1-1-1"
945.23379854567065,39999,736,2,"1-1"
952.49100929350539,39988,747,1,"1"
964.0814759283312,39974,761,1,"1"
965.79521140749227,39942,793,4,"2-1-1"
973.15455639666413,39928,807,1,"1"
990.01124422093346,39910,825,1,"1"
993.47576623563555,39905,830,1,"1"
1015.3807978987934,39897,838,2,"1-1"
1022.0852511198132,39879,856,1,"1"
1023.2078862726903,39867,868,1,"1"
1023.4429521798857,39849,886,1,"1"
1025.5723112555572,39842,893,1,"1"
1037.8228099933542,39809,926,5,"2-2-1"
1039.1898432378903,39795,940,2,"2"
1043.7543898977281,39777,958,1,"1"
1062.1295199226886,39759,976,1,"1"
1079.5521937571755,39732,1003,3,"3"
1100.7674381232857,39707,1028,2,"1-1"
1112.8749413932435,39693,1042,2,"2"
1115.7987540627607,39688,1047,1,"1"
1116.1302977208964,39683,1052,1,"1"
1134.8784553626901,39665,1070,1,"1"
1143.8263207810951,39647,1088,2,"1-1"
1148.1660117053989,39637,1098,1,"1"
1152.196882580721,39619,1116,2,"2"
1153.4805262179184,39573,1162,6,"4-1-1"
1160.5145722353545,39559,1176,1,"1"
1162.9320230459393,39541,1194,1,"1"
1166.3330022209643,39523,1212,1,"1"
1173.8712146150697,39510,1225,1,"1"
1181.352609349251,39493,1242,1,"1"
1183.6972179320826,39457,1278,2,"1-1"
1190.0065990142009,39435,1300,2,"1-1"
1191.1044031912554,39417,1318,1,"1"
1198.9726444329126,39399,1336,1,"1"
1220.1006629040548,39336,1399,7,"5-2"
1234.9310524042853,39327,1408,1,"1"
1239.4586124111149,39309,1426,1,"1"
1243.4513125758333,39291,1444,1,"1"
1248.9485259697155,39186,1549,8,"2-2-1-1-1-1"
1249.9174164190711,39150,1585,2,"2"
1252.9190101110817,38980,1755,14,"4-3-2-1-1-1-1-1"
1265.2237418572329,0,40735,2203,"2203"
----------------------------------------------6
0,40735,0,0,"0"
52.883491346232141,40734,1,1,"1"
60.893775620790997,40732,3,2,"1-1"
63.759130438663604,40727,8,1,"1"
91.955219056957574,40726,9,1,"1"
95.393364575138634,40717,18,1,"1"
98.63784410755845,40707,28,1,"1"
108.87539565387542,40706,29,1,"1"
142.30718188277848,40705,30,1,"1"
158.5948109911883,40703,32,2,"1-1"
163.45650309892119,40685,50,1,"1"
188.17914308228191,40684,51,1,"1"
215.42308885636203,40682,53,2,"2"
238.89256575448977,40681,54,1,"1"
246.73343253745281,40671,64,1,"1"
278.77831253210252,40653,82,1,"1"
293.62527418430494,40652,83,1,"1"
297.61532733188506,40649,86,3,"2-1"
311.17425530386885,40647,88,2,"2"
341.50851247356377,40646,89,1,"1"
341.5368659301248,40636,99,1,"1"
353.32661893627409,40635,100,1,"1"
360.7023927283322,40634,101,1,"1"
363.54606386106298,40632,103,2,"2"
386.7723446806167,40631,104,1,"1"
398.89437232123851,40613,122,1,"1"
417.70399672017913,40599,136,1,"1"
436.93605667688951,40598,137,1,"1"
439.80486242543202,40593,142,5,"3-1-1"
441.09391870302079,40579,156,1,"1"
486.48938458127617,40569,166,1,"1"
491.48351526461369,40568,167,1,"1"
491.61044367851503,40550,185,1,"1"
510.05337721991458,40549,186,1,"1"
521.60036419856442,40531,204,1,"1"
522.51881093132033,40511,224,4,"2-2"
534.95541168090563,40499,236,2,"1-1"
571.13065289365477,40496,239,1,"1"
581.63283860877948,40478,257,1,"1"
588.05063422638352,40472,263,2,"2"
591.42455348456292,40454,281,1,"1"
617.44177305705318,40449,286,1,"1"
657.80091145084566,40431,304,1,"1"
667.60317546932015,40426,309,1,"1"
670.19682103506784,40416,319,2,"1-1"
671.74893164536763,40398,337,1,"1"
690.71290324527445,40384,351,1,"1"
703.97167221416055,40366,369,1,"1"
706.35458820869292,40354,381,1,"1"
727.2394545540842,40349,386,1,"1"
739.98474742710732,40346,389,1,"1"
754.83687065591755,40328,407,1,"1"
758.40639244210877,40323,412,1,"1"
759.71093026699623,40305,430,1,"1"
761.65957438050407,40291,444,1,"1"
764.97145353110284,40273,462,1,"1"
766.4237893813854,40259,476,1,"1"
771.77710129979698,40251,484,2,"1-1"
787.4510518930598,40234,501,3,"2-1"
789.71330854110272,40216,519,1,"1"
820.93443570706654,40198,537,1,"1"
824.83226803454431,40189,546,3,"3"
856.84343271713976,40171,564,1,"1"
886.76195139049673,40153,582,1,"1"
888.33989512499147,40111,624,4,"4"
888.48464614147997,40093,642,1,"1"
892.07723878299532,40075,660,1,"1"
908.31685642340653,40057,678,1,"1"
914.31004000808582,40039,696,1,"1"
922.19369638473484,40036,699,1,"1"
930.33600189007188,40018,717,1,"1"
935.5082220735535,40000,735,1,"1"
937.79415746415748,39964,771,2,"2"
963.62687323869079,39954,781,2,"2"
963.78742739962081,39949,786,1,"1"
970.29681192419673,39933,802,2,"1-1"
972.6700072707099,39915,820,1,"1"
972.96776616480486,39905,830,1,"1"
977.17581728914308,39900,835,1,"1"
980.55528693713586,39890,845,2,"2"
985.70575976270084,39873,862,3,"2-1"
1009.3876543648652,39855,880,1,"1"
1018.2926752272718,39850,885,1,"1"
1025.2842644569719,39845,890,1,"1"
1036.2141587632225,39840,895,1,"1"
1086.1784455461541,39825,910,3,"3"
1093.0863263346405,39809,926,1,"1"
1104.830811489983,39791,944,1,"1"
1105.1521715226911,39786,949,1,"1"
1105.5457538510798,39774,961,1,"1"
1114.4494840239538,39769,966,1,"1"
1118.1716075357647,39721,1014,4,"4"
1127.5826598898616,39703,1032,1,"1"
1134.8182474274417,39685,1050,1,"1"
1147.8669059052756,39668,1067,1,"1"
1148.9673145660847,39658,1077,1,"1"
1152.0991899420058,39640,1095,1,"1"
1152.7886903820097,39622,1113,1,"1"
1175.5211199237058,39604,1131,1,"1"
1178.6791295177018,39586,1149,1,"1"
1187.6043936808703,39550,1185,2,"2"
1206.8999676517801,39532,1203,1,"1"
1208.981798621872,39514,1221,1,"1"
1222.8516728044572,39504,1231,1,"1"
1226.9112481686354,39494,1241,1,"1"
1239.0623489972509,39482,1253,2,"1-1"
1253.029203966807,39464,1271,1,"1"
1253.5852922866343,39407,1328,9,"4-2-1-1-1"
1264.0024478093965,39347,1388,6,"3-1-1-1"
1274.6092921974971,39342,1393,1,"1"
1281.8418918953148,39324,1411,1,"1"
1282.2469514380612,39306,1429,1,"1"
1290.9195573241839,39277,1458,2,"2"
1310.9152701470516,39264,1471,1,"1"
1313.5172423839215,39114,1621,12,"4-2-2-1-1-1-1"
1314.8328055696256,39096,1639,1,"1"
1315.6634526454557,39078,1657,1,"1"
1329.9715604995456,39050,1685,2,"2"
1332.6962194607938,39032,1703,1,"1"
1336.4786352183219,38984,1751,6,"5-1"
1346.2054314035804,38970,1765,1,"1"
1347.4915944530508,38957,1778,1,"1"
1362.6198459836244,38939,1796,1,"1"
1364.0903734645865,38901,1834,3,"2-1"
1364.8308171551919,38883,1852,1,"1"
1368.5116855575061,38872,1863,1,"1"
1372.7283222707483,0,40735,2203,"2203"
----------------------------------------------7
0,40735,0,0,"0"
46.771777663652244,40717,18,1,"1"
60.139519141654958,40712,23,1,"1"
83.164232084885327,40711,24,1,"1"
92.67202629577973,40710,25,1,"1"
97.590229754767876,40700,35,1,"1"
108.45600123537119,40699,36,1,"1"
119.881545407687,40689,46,1,"1"
129.22863468187265,40688,47,1,"1"
131.97709059092199,40670,65,1,"1"
137.12771592615789,40669,66,1,"1"
157.0040321362352,40668,67,1,"1"
198.7650094072747,40666,69,2,"2"
199.40860999921938,40665,70,1,"1"
216.73646856557477,40664,71,1,"1"
220.85918117349527,40663,72,1,"1"
232.1967586706015,40645,90,1,"1"
242.36196145532978,40644,91,1,"1"
258.47246215313254,40635,100,1,"1"
267.82865143287847,40617,118,1,"1"
268.98769453217773,40607,128,1,"1"
275.36164489742907,40606,129,1,"1"
291.97220018179456,40603,132,1,"1"
298.41412896416927,40602,133,1,"1"
309.68159309798347,40601,134,1,"1"
321.16278076635149,40598,137,1,"1"
322.61328576332824,40597,138,1,"1"
323.25316408225927,40596,139,1,"1"
326.72382781874745,40591,144,1,"1"
328.53044359533681,40590,145,1,"1"
331.5232687282716,40586,149,4,"2-2"
344.96724181461173,40585,150,1,"1"
370.59238893610694,40578,157,3,"2-1"
388.51371721317821,40564,171,1,"1"
392.76108858646705,40563,172,1,"1"
417.15471851882018,40561,174,2,"2"
446.39538733604059,40543,192,1,"1"
477.5789236214606,40540,195,3,"3"
494.44642414268912,40539,196,1,"1"
497.80115258079945,40522,213,1,"1"
498.38581597422643,40504,231,1,"1"
511.16505080373383,40486,249,1,"1"
517.25175410239763,40468,267,1,"1"
524.64445268506711,40458,277,1,"1"
529.66544313476481,40440,295,1,"1"
530.10807439896632,40422,313,1,"1"
531.94333960952076,40404,331,1,"1"
562.82111169225482,40399,336,1,"1"
578.83265946779079,40389,346,1,"1"
603.91779737709612,40371,364,1,"1"
605.30083454016778,40353,382,1,"1"
607.78694654668038,40335,400,1,"1"
613.27798996647459,40317,418,1,"1"
622.95249014817921,40312,423,1,"1"
624.65643631209457,40294,441,1,"1"
649.24125550971212,40291,444,1,"1"
656.26144297797543,40273,462,1,"1"
656.83106885123016,40263,472,1,"1"
687.26008117258573,40260,475,1,"1"
690.73782970339926,40255,480,1,"1"
703.37585773646083,40245,490,1,"1"
713.33054900849663,40227,508,1,"1"
718.97678307288152,40209,526,1,"1"
719.87204329644851,40191,544,1,"1"
779.10194729783666,40188,547,1,"1"
792.2247244084798,40179,556,1,"1"
812.64269989070408,40161,574,1,"1"
819.84124458780218,40143,592,1,"1"
827.66771009627132,40107,628,2,"2"
828.89789068798621,40089,646,1,"1"
838.87573901190251,40071,664,1,"1"
850.18266672676077,40053,682,1,"1"
851.45687716409634,40029,706,4,"2-1-1"
859.60234213278591,39993,742,2,"2"
865.96079803192163,39979,756,1,"1"
870.0303304710136,39963,772,1,"1"
879.26407411463515,39945,790,1,"1"
895.82727138823805,39912,823,4,"3-1"
903.76829266333993,39874,861,3,"2-1"
913.69690374777849,39856,879,1,"1"
913.99083208361083,39842,893,2,"2"
919.97117528453384,39837,898,1,"1"
965.49736073870588,39832,903,1,"1"
981.98860002491995,39814,921,1,"1"
987.60785668183757,39796,939,1,"1"
987.84390569973027,39763,972,7,"2-2-1-1-1"
997.14997425882314,39732,1003,5,"2-1-1-1"
1008.632190710391,39727,1008,1,"1"
1019.1022840105026,39724,1011,1,"1"
1037.588554797296,39714,1021,2,"2"
1040.8930188193565,39666,1069,4,"2-2"
1054.0195621971586,39612,1123,5,"2-2-1"
1066.9776571487212,39594,1141,1,"1"
1075.8566145808463,39576,1159,1,"1"
1077.8341243156285,39558,1177,1,"1"
1078.6713182063284,39546,1189,1,"1"
1090.2256779134309,39536,1199,2,"2"
1091.6701980972082,39518,1217,1,"1"
1092.5368681238142,39505,1230,1,"1"
1094.5097017170167,39381,1354,10,"3-2-2-1-1-1"
1100.1417797431895,39353,1382,4,"2-1-1"
1114.9824155082329,39323,1412,2,"1-1"
1118.3066927654661,39316,1419,1,"1"
1118.826426883154,39309,1426,1,"1"
1120.1496449500344,39261,1474,4,"2-1-1"
1122.5791581893523,39197,1538,6,"2-2-1-1"
1130.2392060239006,39171,1564,2,"2"
1146.2935248692795,39157,1578,1,"1"
1153.1714327383552,39139,1596,1,"1"
1158.5562472737402,39119,1616,2,"2"
1160.076344941984,39109,1626,1,"1"
1165.6857700484063,39097,1638,1,"1"
1176.954589833633,39079,1656,1,"1"
1184.183845145089,39061,1674,1,"1"
1189.5967673680404,39054,1681,1,"1"
1191.160409383056,39023,1712,5,"3-1-1"
1193.3038415590856,39005,1730,1,"1"
1198.5895409732116,38959,1776,3,"2-1"
1203.9195805555878,38954,1781,1,"1"
1205.5943452515669,38936,1799,1,"1"
1234.1801629252907,38922,1813,2,"2"
1237.769841497787,38886,1849,3,"1-1-1"
1243.4071154792086,38870,1865,1,"1"
1246.1974067109029,38835,1900,3,"2-1"
1258.2527765904558,38817,1918,1,"1"
1266.639173619958,38781,1954,2,"2"
1272.5229423897163,38711,2024,7,"3-2-2"
1280.9038515842221,38653,2082,4,"1-1-1-1"
1285.4633150482475,38635,2100,1,"1"
1285.9917221807455,0,40735,2188,"2188"
----------------------------------------------8
0,40735,0,0,"0"
65.864386046882842,40725,10,1,"1"
84.517304847562613,40724,11,1,"1"
88.23719763068064,40723,12,1,"1"
100.40625298936794,40705,30,1,"1"
120.15992951955369,40704,31,1,"1"
127.64141835457234,40703,32,1,"1"
129.28412224269937,40702,33,1,"1"
136.19271370146009,40692,43,1,"1"
142.24591476669283,40691,44,1,"1"
144.89538552980221,40673,62,1,"1"
152.26376551821764,40672,63,1,"1"
160.60341371219349,40671,64,1,"1"
194.26629563739323,40670,65,1,"1"
222.94556886975238,40669,66,1,"1"
229.83401305215818,40666,69,1,"1"
234.98565534029163,40665,70,1,"1"
259.9673993780043,40663,72,2,"2"
263.20077794114263,40645,90,1,"1"
276.92448268526539,40644,91,1,"1"
278.73302944964576,40643,92,1,"1"
289.55666352712529,40642,93,1,"1"
294.65139428644341,40639,96,1,"1"
300.52870421840703,40638,97,1,"1"
307.15586414615882,40637,98,1,"1"
307.23480118247818,40627,108,1,"1"
309.85571719113278,40626,109,1,"1"
327.78459636477078,40625,110,1,"1"
335.38332721474507,40615,120,1,"1"
346.53868650770511,40614,121,1,"1"
348.48787574456099,40612,123,2,"1-1"
353.29406248297278,40602,133,1,"1"
355.04757587055218,40601,134,1,"1"
358.90428619761934,40600,135,1,"1"
367.55462953437222,40588,147,1,"1"
380.92893804235945,40585,150,3,"1-1-1"
382.73243718293838,40575,160,1,"1"
405.94788420476038,40573,162,2,"2"
423.23960646073704,40572,163,1,"1"
440.71838693033658,40555,180,1,"1"
461.34340931328228,40546,189,3,"3"
463.75561828971837,40528,207,1,"1"
476.33398280782927,40519,216,1,"1"
491.52724277865116,40518,217,1,"1"
516.66511188611526,40500,235,1,"1"
533.50129706779398,40482,253,1,"1"
540.64966498670162,40470,265,1,"1"
544.76658662559009,40452,283,1,"1"
551.55330245978109,40443,292,1,"1"
559.73113158304932,40425,310,1,"1"
563.8437514085856,40415,320,1,"1"
569.32631142670027,40397,338,1,"1"
574.00458388321726,40387,348,1,"1"
583.84835084414965,40373,362,1,"1"
604.08481977674808,40357,378,1,"1"
626.81277065575023,40343,392,1,"1"
634.36631205136734,40325,410,1,"1"
656.51813206781867,40270,465,7,"2-2-1-1-1"
665.46277094409118,40260,475,2,"2"
673.05764273382601,40242,493,1,"1"
688.73193040791341,40224,511,1,"1"
700.93587295134785,40217,518,1,"1"
719.53497017363372,40207,528,2,"1-1"
733.52663997004618,40189,546,1,"1"
765.24541678594801,40171,564,2,"2"
775.7620806663632,40157,578,1,"1"
785.12238323987469,40139,596,1,"1"
790.26080440689373,40129,606,2,"1-1"
806.74355081867611,40111,624,1,"1"
809.37873674682737,40097,638,1,"1"
832.41603986064581,40079,656,1,"1"
837.58022493456542,40072,663,1,"1"
842.7151162213529,40062,673,2,"1-1"
847.41529744687739,40059,676,1,"1"
854.6155413617571,40041,694,1,"1"
856.26046812070206,40031,704,2,"2"
884.46616419580653,40013,722,1,"1"
900.2141004266233,39993,742,2,"2"
919.17919375010149,39979,756,2,"1-1"
921.46113042846753,39961,774,1,"1"
924.84534415018243,39958,777,1,"1"
933.07558199639175,39940,795,1,"1"
944.69952772579109,39922,813,1,"1"
962.51221927594781,39910,825,1,"1"
970.52455286503789,39905,830,1,"1"
981.2597632876633,39887,848,1,"1"
999.15023413012648,39851,884,2,"2"
1004.9842360659111,39833,902,1,"1"
1005.0024201082069,39811,924,2,"1-1"
1007.587091276137,39806,929,1,"1"
1008.7253059183706,39801,934,1,"1"
1014.3817974224664,39781,954,2,"1-1"
1034.4589273234749,39763,972,1,"1"
1036.0851284237747,39745,990,1,"1"
1050.9915433322158,39735,1000,1,"1"
1052.4967478560379,39715,1020,2,"2"
1079.5032561679684,39706,1029,1,"1"
1086.6882808991254,39652,1083,3,"2-1"
1095.7862953318379,39583,1152,11,"2-2-2-1-1-1-1-1"
1117.2925806611358,39565,1170,2,"1-1"
1123.0979883840787,39547,1188,1,"1"
1125.0089928925677,39529,1206,1,"1"
1127.6804853859508,39485,1250,4,"3-1"
1140.8003819548276,39467,1268,1,"1"
1149.6392099503646,39449,1286,1,"1"
1150.4332070005539,39431,1304,1,"1"
1158.6900684187176,39413,1322,1,"1"
1162.3423232787025,39395,1340,1,"1"
1163.7260127009538,39377,1358,1,"1"
1164.1503066896346,39359,1376,1,"1"
1172.1024488960504,39342,1393,3,"2-1"
1180.7744772265073,39302,1433,3,"3"
1184.4786391119405,39266,1469,2,"1-1"
1184.7631361814013,39248,1487,1,"1"
1185.8214634352789,39230,1505,1,"1"
1202.6530320112361,39223,1512,1,"1"
1205.885419013287,39205,1530,1,"1"
1207.2484387843226,39200,1535,1,"1"
1217.0510730796834,39185,1550,3,"2-1"
1222.7117667465855,39169,1566,1,"1"
1222.8030344664944,39151,1584,1,"1"
1226.0694415559251,39122,1613,5,"5"
1226.9388468040156,39056,1679,5,"2-1-1-1"
1230.4321035527212,39008,1727,6,"3-2-1"
1241.6499432159344,38974,1761,3,"2-1"
1270.1734499400773,38956,1779,1,"1"
1277.5901070051596,38534,2201,39,"7-6-4-3-3-3-3-2-2-2-2-1-1"
1282.64820642977,38440,2295,7,"2-1-1-1-1-1"
1285.5492026151232,38430,2305,1,"1"
1303.5959877234366,0,40735,2164,"2164"
----------------------------------------------9
0,40735,0,0,"0"
56.05947088006706,40734,1,1,"1"
77.479228913309299,40733,2,1,"1"
84.222338940599258,40732,3,1,"1"
91.991217977604521,40731,4,1,"1"
172.45599033943364,40713,22,1,"1"
176.26771566330893,40703,32,1,"1"
188.03471569189534,40702,33,1,"1"
189.53941662182066,40701,34,1,"1"
198.06459627360846,40691,44,1,"1"
198.20170561474848,40675,60,1,"1"
207.07240699161187,40674,61,1,"1"
210.86572337229714,40673,62,1,"1"
255.20915919756436,40669,66,4,"2-1-1"
269.18839541398029,40668,67,1,"1"
298.34776951273233,40667,68,1,"1"
308.60248210655669,40649,86,1,"1"
317.60400021084911,40648,87,1,"1"
338.32291774570058,40647,88,1,"1"
349.4703668534213,40646,89,1,"1"
359.54635347481837,40644,91,2,"2"
360.24914978922396,40634,101,1,"1"
392.39121491242548,40621,114,1,"1"
424.1573557057327,40619,116,2,"2"
434.55621806496424,40618,117,1,"1"
443.04236315483917,40617,118,1,"1"
443.4706670783101,40607,128,1,"1"
451.18478761591263,40606,129,1,"1"
453.63700172197719,40605,130,1,"1"
463.40216784317477,40599,136,2,"1-1"
476.05739356545547,40598,137,1,"1"
482.1953050267262,40592,143,4,"2-1-1"
487.13412322939951,40578,157,1,"1"
500.16104409454834,40577,158,1,"1"
503.6864364994172,40576,159,1,"1"
522.86067870331431,40562,173,1,"1"
525.37370289678643,40559,176,1,"1"
542.88858763323333,40543,192,1,"1"
556.7029555143688,40525,210,1,"1"
561.7871235363732,40507,228,1,"1"
571.54823184345844,40489,246,1,"1"
574.35421153371772,40473,262,1,"1"
575.43929040057765,40455,280,1,"1"
580.35287266238265,40450,285,1,"1"
596.94552550773733,40438,297,2,"1-1"
598.88053211722513,40426,309,1,"1"
605.79531813773997,40412,323,2,"1-1"
617.90702706942466,40407,328,1,"1"
623.52100275039334,40389,346,1,"1"
625.41495270467919,40377,358,1,"1"
634.99373671589456,40359,376,1,"1"
657.3560012962231,40341,394,1,"1"
660.66130377126797,40336,399,1,"1"
668.63553377020935,40318,417,1,"1"
697.21305617895757,40300,435,1,"1"
761.61251528532091,40295,440,1,"1"
767.31915288775451,40290,445,1,"1"
767.87379134566822,40272,463,1,"1"
781.06333975467601,40254,481,1,"1"
802.08839631957403,40244,491,2,"1-1"
807.44722319936761,40226,509,1,"1"
821.02099507709465,40208,527,1,"1"
822.95244974761204,40198,537,1,"1"
828.39781440069976,40188,547,2,"2"
839.79078226699858,40183,552,1,"1"
841.59123385834948,40165,570,1,"1"
857.8621338822868,40153,582,1,"1"
873.38415116765395,40150,585,1,"1"
889.6981920159252,40140,595,1,"1"
923.4767012144174,40131,604,1,"1"
933.95596216240517,40095,640,2,"2"
938.12346163104371,40090,645,1,"1"
939.12892145581509,40078,657,1,"1"
960.36847946138175,40060,675,1,"1"
961.08337711677677,40044,691,1,"1"
962.90115225653369,40016,719,2,"2"
970.02621828514361,40004,731,1,"1"
975.52660960006597,39997,738,1,"1"
984.44885294701635,39981,754,2,"1-1"
1014.1403361690707,39963,772,1,"1"
1024.4083688579351,39909,826,3,"3"
1031.4925279086842,39891,844,1,"1"
1035.6049768550329,39869,866,2,"1-1"
1053.6991830322952,39864,871,1,"1"
1055.2757772123193,39846,889,1,"1"
1079.9884452341537,39828,907,1,"1"
1085.0656340630328,39818,917,1,"1"
1092.0273032768832,39800,935,1,"1"
1098.5941490143234,39782,953,2,"1-1"
1113.2005825179747,39601,1134,25,"12-4-4-2-1-1-1"
1114.1291595655846,39502,1233,13,"8-2-1-1-1"
1115.8301477022085,39492,1243,2,"2"
1126.5483209315109,39482,1253,1,"1"
1127.8849102840675,39464,1271,1,"1"
1138.2416334163581,39450,1285,1,"1"
1139.5679073034623,39437,1298,1,"1"
1150.1642459973696,39366,1369,9,"4-2-2-1"
1153.3762849592097,39200,1535,19,"10-2-2-2-1-1-1"
1173.2773352872059,39109,1626,9,"4-2-2-1"
1184.5741780179055,39056,1679,4,"3-1"
1185.8790983616639,39028,1707,2,"1-1"
1190.7358324973811,39010,1725,1,"1"
1197.3178182521794,38992,1743,1,"1"
1198.1162626732175,38982,1753,1,"1"
1213.622321706797,38926,1809,4,"3-1"
1219.9031389489539,38890,1845,2,"2"
1229.429021369413,38832,1903,5,"4-1"
1240.1611790401148,38821,1914,1,"1"
1244.0010738683354,38803,1932,1,"1"
1254.3485310097153,38785,1950,1,"1"
1258.531025166099,38767,1968,1,"1"
1264.5335332294976,38749,1986,1,"1"
1266.7440264171348,38731,2004,1,"1"
1271.0814812789245,38713,2022,1,"1"
1271.885483835134,38658,2077,5,"3-2"
1283.8335688229802,38640,2095,1,"1"
1301.6196979733907,38423,2312,18,"5-4-2-2-1-1-1-1-1"
1301.7932008445268,38405,2330,1,"1"
1333.3513305670383,38323,2412,7,"2-2-1-1-1"
1333.9904461718704,38305,2430,1,"1"
1348.6857269985262,38287,2448,1,"1"
1350.4270607065926,38269,2466,1,"1"
1350.632902711229,38239,2496,2,"1-1"
1361.5243959016007,38113,2622,9,"3-2-2-1-1"
1361.5452915859541,38095,2640,1,"1"
1369.4125153312193,37841,2894,19,"4-3-2-2-2-2-2-1-1"
1377.7484596470626,0,40735,2117,"2117"
