f,num_active_particles,num_deleted_particles,total_deleted_rods,avalanche_sizes
0,40720,0,0,"0"
59.671127233495319,40711,9,1,"1"
84.787746380784625,40710,10,1,"1"
122.4966271854729,40707,13,3,"2-1"
132.57472679906485,40706,14,1,"1"
180.29475847788373,40701,19,1,"1"
184.03012889724039,40700,20,1,"1"
186.78503489700643,40699,21,1,"1"
203.15140666262462,40698,22,1,"1"
209.70676221893024,40696,24,2,"2"
211.2235049860615,40695,25,1,"1"
211.36323882005308,40694,26,1,"1"
217.77465224304865,40693,27,1,"1"
244.22129973144993,40675,45,1,"1"
246.06929078042663,40674,46,1,"1"
246.26097772912411,40660,60,1,"1"
250.85658904511374,40659,61,1,"1"
266.85525332656158,40656,64,3,"3"
286.80754669117687,40655,65,1,"1"
297.11345226202116,40649,71,2,"2"
310.55322212522265,40647,73,2,"2"
316.34275687209845,40644,76,3,"3"
320.00794402387606,40643,77,1,"1"
325.55496927699323,40636,84,3,"2-1"
345.96229325967039,40635,85,1,"1"
353.12471152845177,40632,88,3,"3"
358.69796226442702,40631,89,1,"1"
371.4372435238634,40628,92,3,"1-1-1"
372.05623952296816,40627,93,1,"1"
382.17255748882206,40626,94,1,"1"
394.8692624725964,40625,95,1,"1"
412.93689283931849,40620,100,1,"1"
416.48718252456393,40619,101,1,"1"
450.46496090593826,40618,102,1,"1"
452.98063361582308,40613,107,1,"1"
465.9275901819355,40608,112,1,"1"
478.41151055086533,40607,113,1,"1"
481.6109924570523,40606,114,1,"1"
488.16414483786895,40605,115,1,"1"
492.50514987828706,40602,118,1,"1"
506.62239584719066,40590,130,1,"1"
510.76324571570984,40572,148,4,"4"
550.34763633105956,40567,153,1,"1"
551.5184790177658,40566,154,1,"1"
560.95822637295566,40557,163,1,"1"
579.82882750014676,40556,164,1,"1"
580.3477197423415,40555,165,1,"1"
626.96649993897722,40552,168,1,"1"
627.69004180510592,40533,187,3,"3"
629.77960865955015,40515,205,1,"1"
638.7347779055392,40512,208,1,"1"
642.84972358518303,40502,218,1,"1"
650.3353665054243,40484,236,1,"1"
674.51557268226702,40479,241,1,"1"
751.10862905679755,40469,251,1,"1"
766.33824176078144,40460,260,1,"1"
767.32781078060066,40424,296,2,"2"
772.21069964485685,40406,314,1,"1"
851.90783234765991,40370,350,2,"2"
863.46933172795036,40367,353,1,"1"
870.41484758086631,40337,383,6,"2-1-1-1-1"
880.65079031635344,40327,393,1,"1"
882.28511627344051,40309,411,1,"1"
889.16179189452157,40304,416,1,"1"
895.05958566006746,40299,421,1,"1"
927.28888066434104,40281,439,1,"1"
937.1894333224725,40263,457,2,"2"
941.15739478927787,40245,475,1,"1"
958.53986985976712,40209,511,2,"1-1"
978.9531673566272,40204,516,1,"1"
979.31918802715995,40186,534,1,"1"
1012.6565148449187,40167,553,3,"2-1"
1048.5604337964239,40157,563,1,"1"
1055.6397683831303,40148,572,1,"1"
1058.0222112032031,40139,581,1,"1"
1077.9583796570216,40134,586,1,"1"
1078.4503488596529,40116,604,1,"1"
1081.9422892355187,40080,640,2,"1-1"
1115.1613297094889,40062,658,1,"1"
1165.694622570921,40044,676,1,"1"
1166.1311740705112,40026,694,1,"1"
1171.5337860537484,39988,732,3,"2-1"
1175.8820867498584,39972,748,2,"1-1"
1183.9169726844386,39962,758,1,"1"
1184.4108511962552,39952,768,2,"2"
1202.9107918822251,39934,786,1,"1"
1258.2577530478989,39922,798,2,"2"
1264.792480465504,39908,812,1,"1"
1266.6392120900939,39892,828,4,"2-2"
1270.5270383913762,39875,845,1,"1"
1279.7984843910938,39851,869,2,"2"
1282.8499489522933,39833,887,1,"1"
1311.664134044144,39807,913,4,"2-1-1"
1351.0159944452678,39789,931,1,"1"
1366.842986910367,39771,949,1,"1"
1369.7342906205247,39753,967,1,"1"
1377.5601775444663,39739,981,2,"2"
1380.1341664059021,39734,986,1,"1"
1384.4890062619522,39729,991,1,"1"
1387.846607536351,39711,1009,1,"1"
1395.2755314042649,39699,1021,1,"1"
1395.4387800753193,39663,1057,2,"1-1"
1397.9427045078066,39650,1070,1,"1"
1399.6268227099661,39631,1089,3,"1-1-1"
1406.1315080984775,39621,1099,1,"1"
1406.3793003492553,39594,1126,3,"3"
1434.345271495341,39576,1144,1,"1"
1440.8904840845692,39558,1162,1,"1"
1445.518972754443,39548,1172,1,"1"
1468.3070826606452,39538,1182,1,"1"
1470.6352903263166,39520,1200,1,"1"
1475.8310851651352,39502,1218,1,"1"
1508.2262068344878,39466,1254,4,"4"
1508.2867151010996,39448,1272,1,"1"
1509.3006298023909,39438,1282,1,"1"
1518.8445765517674,39420,1300,1,"1"
1535.1283171762889,39406,1314,1,"1"
1540.5528762328911,39346,1374,4,"3-1"
1559.3677564433276,39328,1392,1,"1"
1577.7469078341453,39319,1401,1,"1"
1602.3051054845223,39301,1419,1,"1"
1602.7965306455869,39265,1455,2,"2"
1603.9815681523639,39238,1482,2,"1-1"
1608.5660734562257,39221,1499,1,"1"
1615.4265459150488,39203,1517,1,"1"
1629.0039458276487,39185,1535,1,"1"
1646.8212187294162,39150,1570,3,"3"
1664.4040093062156,39140,1580,1,"1"
1665.4192224630322,39113,1607,3,"3"
1683.7818344445693,39100,1620,1,"1"
1689.1090782599631,39064,1656,2,"2"
1692.4056444529194,39046,1674,1,"1"
1703.7941213265412,39039,1681,1,"1"
1705.9756623876719,38967,1753,5,"4-1"
1709.3508329562978,38949,1771,1,"1"
1712.0648605944425,38913,1807,2,"2"
1719.7403906476668,38886,1834,2,"1-1"
1725.5908386061026,38850,1870,2,"2"
1726.3865833626303,38832,1888,1,"1"
1751.7885755710681,38814,1906,1,"1"
1754.8154183620593,38796,1924,1,"1"
1759.6247260150169,38757,1963,3,"2-1"
1761.3031153510103,38739,1981,1,"1"
1761.6292094759028,38721,1999,1,"1"
1767.6825956587338,38694,2026,3,"2-1"
1771.3036332140694,38682,2038,1,"1"
1777.4033122535272,38646,2074,2,"1-1"
1786.3254038511507,38596,2124,3,"3"
1821.1517884283901,38578,2142,1,"1"
1822.1657773633776,38136,2584,35,"9-5-4-4-3-2-2-2-1-1-1-1"
1822.2367516023694,38122,2598,1,"1"
1838.1746450349951,0,40720,2146,"2146"
----------------------------------------------1
0,40720,0,0,"0"
89.757869653397378,40714,6,2,"2"
97.311989827952942,40711,9,1,"1"
105.10960074638592,40710,10,1,"1"
105.95101045392865,40709,11,1,"1"
123.47349301880904,40708,12,1,"1"
128.40858088932981,40707,13,1,"1"
144.73132686109906,40689,31,1,"1"
169.28325060081943,40688,32,1,"1"
185.09678568298079,40687,33,1,"1"
188.72916768492581,40669,51,1,"1"
206.32765067898197,40668,52,1,"1"
217.8619065597359,40667,53,1,"1"
223.26660685359121,40664,56,1,"1"
259.68862868180639,40663,57,1,"1"
265.0495627629607,40655,65,4,"3-1"
266.49909038579864,40648,72,3,"2-1"
278.70324733638518,40647,73,1,"1"
299.82686147756539,40645,75,2,"2"
300.18266408554297,40644,76,1,"1"
308.41222185925562,40643,77,1,"1"
312.41202812766625,40642,78,1,"1"
317.28407517749895,40640,80,2,"1-1"
319.63132991931792,40622,98,1,"1"
320.26883199522854,40618,102,4,"3-1"
326.55174087485,40600,120,1,"1"
328.66019689523733,40596,124,4,"2-2"
333.61926821790303,40595,125,1,"1"
333.68560048739965,40594,126,1,"1"
347.41029181736292,40593,127,1,"1"
359.31533104089232,40592,128,1,"1"
362.35455785107416,40582,138,6,"3-2-1"
364.6424737048128,40581,139,1,"1"
382.03363367713433,40563,157,1,"1"
386.32848172594311,40545,175,1,"1"
395.19837536240385,40540,180,1,"1"
403.55718174144459,40522,198,1,"1"
445.87565308852834,40521,199,1,"1"
447.99794640514699,40520,200,1,"1"
451.06799769851341,40515,205,1,"1"
462.52671557498087,40487,233,2,"2"
496.89877457988325,40469,251,1,"1"
498.83232549406972,40468,252,1,"1"
527.15178397684372,40467,253,1,"1"
535.49301922263282,40466,254,1,"1"
538.95532178081578,40461,259,1,"1"
540.6865841313338,40443,277,1,"1"
558.23489911936406,40440,280,1,"1"
564.22135288794459,40425,295,1,"1"
569.41763315404103,40407,313,1,"1"
572.19601974039074,40402,318,1,"1"
600.39896221730692,40392,328,2,"2"
616.85440842107585,40387,333,1,"1"
639.19063136421903,40369,351,1,"1"
641.60626813764065,40351,369,1,"1"
646.40596816195387,40348,372,1,"1"
667.98057968889998,40335,385,1,"1"
674.47781341581151,40317,403,1,"1"
683.2108408971784,40307,413,1,"1"
694.51869855054895,40289,431,1,"1"
705.63961071901645,40284,436,1,"1"
706.38646703571953,40279,441,1,"1"
759.83641051993334,40266,454,1,"1"
763.01992756467428,40248,472,1,"1"
765.06316458715105,40239,481,1,"1"
780.24343563656976,40234,486,1,"1"
796.92627279915052,40207,513,3,"2-1"
805.92450462905344,40171,549,2,"2"
805.97652166958653,40153,567,1,"1"
808.85421912880383,40140,580,3,"3"
819.72437530727234,40130,590,2,"2"
822.19617294952513,40118,602,1,"1"
868.89809572525246,40115,605,1,"1"
882.21257571419505,40112,608,1,"1"
884.45582913078397,40094,626,1,"1"
889.08438680324593,40089,631,1,"1"
892.4899584214744,40072,648,1,"1"
894.14702661551212,40063,657,1,"1"
898.87887040086196,40058,662,1,"1"
899.31514256182243,40040,680,1,"1"
908.23720027898355,40023,697,3,"2-1"
913.62518015896842,40005,715,1,"1"
916.47919907046969,39991,729,1,"1"
924.80492199643868,39981,739,1,"1"
926.37682663459452,39942,778,7,"3-1-1-1-1"
946.64129671836713,39924,796,1,"1"
951.50084755102955,39915,805,1,"1"
953.03106201207049,39902,818,1,"1"
1000.5823230290971,39888,832,1,"1"
1000.9308770272546,39870,850,1,"1"
1034.1206027048795,39852,868,1,"1"
1049.9477897193983,39834,886,1,"1"
1066.9534078237004,39820,900,1,"1"
1071.3041890045638,39802,918,1,"1"
1072.2483096688563,39784,936,1,"1"
1073.4110794587596,39766,954,1,"1"
1088.0694945892649,39748,972,1,"1"
1099.6723167864113,39695,1025,6,"3-1-1-1"
1112.266022769574,39677,1043,1,"1"
1114.9398331835641,39659,1061,1,"1"
1119.7990236023115,39641,1079,1,"1"
1136.4653201579283,39632,1088,1,"1"
1151.0940632325248,39614,1106,1,"1"
1169.1581343395649,39596,1124,1,"1"
1170.1764403056466,39576,1144,2,"2"
1185.5838472513294,39544,1176,4,"2-2"
1191.6473524179753,39526,1194,1,"1"
1196.6055480947216,39508,1212,1,"1"
1200.289528124513,39491,1229,1,"1"
1208.6077860520061,39479,1241,2,"2"
1225.7542598043428,39461,1259,1,"1"
1232.5043046923568,39433,1287,4,"3-1"
1248.5905712773717,39415,1305,1,"1"
1250.104788922129,39397,1323,1,"1"
1255.9371045421121,39387,1333,2,"2"
1273.5248214527096,39369,1351,1,"1"
1282.8935090721186,39351,1369,1,"1"
1289.5665313329828,39333,1387,1,"1"
1299.222290633151,39315,1405,2,"1-1"
1306.63004865826,39297,1423,1,"1"
1307.7945233208663,39280,1440,1,"1"
1310.0148376915936,39253,1467,3,"3"
1311.5048448391954,39243,1477,1,"1"
1312.4621944263861,39225,1495,1,"1"
1319.0437785894444,39215,1505,1,"1"
1329.6450515285239,39197,1523,1,"1"
1358.7631245555276,39175,1545,2,"2"
1363.6152715967494,39157,1563,1,"1"
1366.880063333999,39139,1581,1,"1"
1387.5406439823537,39047,1673,10,"7-2-1"
1391.4356757365183,39015,1705,2,"2"
1391.6134228634123,38997,1723,1,"1"
1400.3679568777582,38980,1740,1,"1"
1404.3994574682674,38962,1758,1,"1"
1408.2909179013857,38944,1776,1,"1"
1416.0778926019595,38926,1794,1,"1"
1421.6704164594498,38908,1812,1,"1"
1442.7000222217907,38898,1822,1,"1"
1448.2153544097609,38881,1839,1,"1"
1479.0047755090307,38863,1857,1,"1"
1513.7366875829632,38827,1893,2,"2"
1527.7207396167405,38809,1911,1,"1"
1528.7538021643973,38802,1918,1,"1"
1533.7362472752868,38784,1936,1,"1"
1539.817256263869,38766,1954,1,"1"
1547.921772230462,38761,1959,1,"1"
1547.945134767825,38743,1977,1,"1"
1568.1226177532114,38725,1995,1,"1"
1582.0207545726653,38716,2004,1,"1"
1593.4680107881584,38698,2022,1,"1"
1595.4782989029322,38662,2058,2,"2"
1595.7688953584623,38623,2097,3,"2-1"
1605.3036340920405,38605,2115,1,"1"
1615.0926446054632,38583,2137,2,"1-1"
1619.9321284733667,38504,2216,5,"2-2-1"
1630.4411380216529,38439,2281,4,"2-2"
1645.1894581949798,38421,2299,1,"1"
1646.1932638435594,38403,2317,1,"1"
1651.3379294582944,38371,2349,2,"1-1"
1654.8775025865395,38353,2367,1,"1"
1655.761263074625,38335,2385,1,"1"
1662.5518896658236,38317,2403,1,"1"
1663.2742730393879,38299,2421,1,"1"
1670.1511475364418,38284,2436,1,"1"
1677.4143672186647,38275,2445,1,"1"
1687.121352344436,38266,2454,1,"1"
1697.3355106118097,38212,2508,3,"2-1"
1702.3586318765936,38176,2544,2,"1-1"
1711.9455051569942,38158,2562,1,"1"
1715.8448877876579,37980,2740,14,"5-3-3-2-1"
1717.4988868194396,37944,2776,2,"2"
1717.7639549228145,37927,2793,1,"1"
1735.715959027073,37849,2871,7,"4-2-1"
1738.2480714008348,37795,2925,3,"2-1"
1754.8059022222646,37761,2959,2,"1-1"
1766.5954301348484,37743,2977,1,"1"
1772.8585117498278,37725,2995,1,"1"
1784.6610616413118,37707,3013,1,"1"
1789.9395554973291,37689,3031,1,"1"
1790.954791721422,37671,3049,1,"1"
1791.8333288411752,37607,3113,6,"4-1-1"
1796.2076695687779,37594,3126,1,"1"
1802.9398487226401,37558,3162,2,"2"
1805.9998395438545,37540,3180,1,"1"
1817.948276688674,37522,3198,1,"1"
1827.5094176582365,0,40720,2115,"2115"
----------------------------------------------2
0,40720,0,0,"0"
56.618539065625846,40702,18,1,"1"
63.796486977734432,40701,19,1,"1"
88.400254249434383,40700,20,1,"1"
117.53712407679747,40699,21,1,"1"
118.46561281747073,40696,24,1,"1"
147.51784231973588,40691,29,1,"1"
166.71213710688244,40690,30,1,"1"
189.86893151392329,40680,40,1,"1"
190.43105333611322,40674,46,2,"2"
198.72110497214837,40673,47,1,"1"
213.08215373855518,40672,48,1,"1"
223.00519227618642,40669,51,3,"3"
223.57560502059852,40651,69,1,"1"
225.15732440658064,40632,88,3,"3"
226.46694071602229,40631,89,1,"1"
230.92942493494041,40630,90,1,"1"
241.85809756041698,40612,108,1,"1"
269.04142869407394,40611,109,1,"1"
271.6825223423229,40609,111,2,"2"
275.83118032249894,40591,129,1,"1"
280.41946840162848,40590,130,1,"1"
292.52739129860953,40579,141,1,"1"
293.26427789924583,40578,142,1,"1"
298.25253735000757,40560,160,1,"1"
305.06152268287531,40557,163,3,"3"
322.91638164946903,40556,164,1,"1"
326.85159568670349,40549,171,3,"2-1"
328.31671350719768,40548,172,1,"1"
331.91521227735353,40547,173,1,"1"
340.18445883821147,40546,174,1,"1"
345.69134503245226,40545,175,1,"1"
350.88244944414868,40544,176,1,"1"
363.84715739522653,40538,182,6,"5-1"
374.16890415837406,40537,183,1,"1"
377.22481848907051,40530,190,1,"1"
383.44163613136902,40529,191,1,"1"
396.8442990392245,40528,192,1,"1"
416.73109854875855,40524,196,4,"4"
420.20199011916054,40523,197,1,"1"
425.87522985423004,40505,215,1,"1"
437.74081723128694,40502,218,1,"1"
446.63546690877979,40501,219,1,"1"
478.23692744879907,40495,225,2,"1-1"
488.30012063391166,40485,235,1,"1"
493.69648524219787,40476,244,1,"1"
496.20595749462535,40458,262,1,"1"
539.07342649442865,40453,267,1,"1"
555.27577278747606,40450,270,1,"1"
564.78601713938531,40449,271,1,"1"
572.56531100956533,40437,283,1,"1"
590.1346171427781,40432,288,1,"1"
602.74538372110567,40421,299,1,"1"
603.8467349573707,40403,317,1,"1"
632.02523985065784,40385,335,1,"1"
639.73389972721804,40368,352,3,"2-1"
659.71212924577185,40350,370,1,"1"
666.03175899484484,40332,388,1,"1"
667.56239494324871,40314,406,1,"1"
668.33881121374861,40296,424,1,"1"
690.81108637478269,40291,429,1,"1"
711.43142569123904,40273,447,1,"1"
717.50960455322104,40268,452,1,"1"
720.51306642756106,40250,470,1,"1"
727.80913934566445,40245,475,1,"1"
743.04541672521214,40233,487,2,"2"
755.36421556147013,40215,505,1,"1"
761.23273639759111,40212,508,1,"1"
781.73606655242656,40207,513,1,"1"
785.75601527483639,40193,527,1,"1"
792.51812933640895,40175,545,1,"1"
794.87443416020801,40161,559,4,"3-1"
826.1065638686681,40143,577,1,"1"
853.66447503298832,40125,595,1,"1"
870.19407348884738,40107,613,1,"1"
877.10156269009815,40089,631,1,"1"
882.71719624499804,40071,649,1,"1"
898.34243265780128,40043,677,2,"1-1"
902.05327723216931,39969,751,10,"6-1-1-1-1"
920.14337696839084,39951,769,1,"1"
930.20643749844567,39933,787,1,"1"
933.22803479761535,39918,802,3,"2-1"
938.45015135753636,39900,820,1,"1"
943.74977952317579,39882,838,1,"1"
978.81303648493451,39855,865,2,"2"
986.18717542847764,39835,885,2,"2"
1015.5339831415971,39817,903,1,"1"
1019.2052610027789,39799,921,1,"1"
1022.8526200941094,39784,936,3,"3"
1022.8976125983743,39771,949,1,"1"
1032.045607336097,39753,967,1,"1"
1043.8232841233048,39748,972,1,"1"
1051.39790933001,39730,990,1,"1"
1062.1736947637341,39723,997,1,"1"
1068.2151709097113,39705,1015,1,"1"
1079.8762723892098,39702,1018,1,"1"
1082.0313559539227,39684,1036,1,"1"
1088.529167391905,39677,1043,1,"1"
1088.635584798011,39663,1057,2,"2"
1108.0791628928009,39607,1113,4,"4"
1126.2145318354333,39589,1131,1,"1"
1131.5090414202116,39577,1143,1,"1"
1140.850020901735,39559,1161,1,"1"
1146.3750143698178,39541,1179,1,"1"
1168.386610959225,39523,1197,1,"1"
1178.2348173443797,39505,1215,1,"1"
1191.3499242879825,39477,1243,2,"1-1"
1198.2486926120544,39459,1261,1,"1"
1205.9501028499405,39437,1283,2,"1-1"
1211.2364902380702,39427,1293,1,"1"
1214.1037107348704,39379,1341,6,"5-1"
1217.3167286154321,39353,1367,2,"2"
1236.5883305998332,39335,1385,1,"1"
1247.6082817257873,39317,1403,1,"1"
1255.6573792095185,39298,1422,3,"2-1"
1259.9514142550465,39280,1440,1,"1"
1264.8695045763279,39262,1458,1,"1"
1266.9247252953619,39253,1467,1,"1"
1276.8779596502873,39221,1499,3,"1-1-1"
1291.727949992377,39191,1529,3,"2-1"
1297.80578379244,39173,1547,1,"1"
1298.7081996613529,39155,1565,1,"1"
1312.4961554434071,39138,1582,3,"2-1"
1342.0732942144671,39120,1600,1,"1"
1344.3768868871605,39111,1609,1,"1"
1358.2562599090822,39069,1651,3,"2-1"
1367.1088600992859,39051,1669,1,"1"
1381.6952093078694,39033,1687,1,"1"
1385.3014516874896,39019,1701,1,"1"
1394.7976152238039,39008,1712,1,"1"
1399.2021096801252,39003,1717,1,"1"
1421.6220542999586,38947,1773,6,"4-1-1"
1423.2707894710236,38929,1791,1,"1"
1423.3154572816763,38916,1804,1,"1"
1429.8723556091206,38898,1822,1,"1"
1442.0422710555417,38780,1940,9,"2-2-1-1-1-1-1"
1445.1192224407343,38762,1958,1,"1"
1448.4943846066635,38744,1976,1,"1"
1449.5076260558365,38726,1994,1,"1"
1461.4505766717059,38712,2008,2,"1-1"
1474.2868411393013,38676,2044,2,"2"
1529.6666387479347,38658,2062,1,"1"
1545.8632598870463,38608,2112,3,"2-1"
1550.3579853160966,38599,2121,1,"1"
1552.177277866125,38573,2147,2,"2"
1555.2689519868763,38555,2165,1,"1"
1556.0017894840903,38537,2183,1,"1"
1559.6101313015984,38519,2201,1,"1"
1560.05751824309,38483,2237,2,"2"
1560.1390877942169,38365,2355,9,"4-2-1-1-1"
1560.7292745246118,38311,2409,6,"3-3"
1571.925711769537,38293,2427,1,"1"
1575.3399053724022,38269,2451,2,"1-1"
1577.4445137977002,38215,2505,3,"3"
1580.5595055952629,38186,2534,3,"3"
1590.6580390658073,38168,2552,1,"1"
1602.3849660398555,38150,2570,1,"1"
1610.3509999397552,38141,2579,1,"1"
1614.8523120505661,38123,2597,1,"1"
1628.1683383150614,37787,2933,22,"11-4-2-1-1-1-1-1"
1647.5298936115551,37774,2946,1,"1"
1648.7324039969849,0,40720,2126,"2126"
----------------------------------------------3
0,40720,0,0,"0"
52.743952363025613,40719,1,1,"1"
66.749850791763137,40718,2,1,"1"
69.083833552525164,40717,3,1,"1"
80.838370186777553,40716,4,1,"1"
120.15721127289896,40715,5,1,"1"
120.41407167424174,40713,7,2,"1-1"
126.03656965566024,40712,8,1,"1"
134.25190994040966,40711,9,1,"1"
152.71544479789765,40710,10,1,"1"
156.52927884969765,40708,12,2,"2"
162.82313654045623,40706,14,2,"2"
200.49092786688465,40705,15,1,"1"
214.31009216690663,40704,16,1,"1"
229.10681427546874,40698,22,2,"2"
256.55290114328363,40680,40,1,"1"
257.29901133790253,40679,41,1,"1"
257.48515299581771,40661,59,1,"1"
286.68887813061565,40659,61,2,"2"
289.01632024086541,40658,62,1,"1"
293.16137130934368,40657,63,1,"1"
320.33033245578662,40643,77,1,"1"
336.45331112207776,40642,78,1,"1"
340.20912693965806,40641,79,1,"1"
343.27764125638163,40640,80,1,"1"
365.75817930436375,40624,96,12,"3-3-2-1-1-1-1"
368.1000813174943,40623,97,1,"1"
383.75684235362502,40620,100,3,"2-1"
391.22479134860424,40618,102,2,"2"
406.50533367781992,40613,107,1,"1"
409.60035783874116,40595,125,1,"1"
412.30647496945369,40577,143,1,"1"
434.62842987302844,40576,144,1,"1"
441.7217011230166,40571,149,1,"1"
449.12444896980412,40558,162,1,"1"
452.52564809236117,40557,163,1,"1"
457.62833521113492,40554,166,1,"1"
480.34516054321676,40536,184,1,"1"
486.24134581773234,40535,185,1,"1"
508.92435393242192,40517,203,1,"1"
519.65989499909938,40516,204,1,"1"
523.37067237395036,40506,214,1,"1"
529.34054141719605,40492,228,1,"1"
579.38710468131978,40489,231,1,"1"
596.60473393781729,40471,249,1,"1"
597.76676160501199,40458,262,1,"1"
608.17015533947358,40453,267,1,"1"
628.33884440042311,40435,285,1,"1"
638.80501206503345,40423,297,1,"1"
650.85975019423518,40405,315,1,"1"
669.71959234581936,40395,325,1,"1"
678.15386157365458,40377,343,1,"1"
696.25076387759998,40359,361,1,"1"
703.88601590876863,40354,366,1,"1"
705.66509279680736,40336,384,1,"1"
706.24355338371629,40318,402,1,"1"
746.79821958421894,40300,420,1,"1"
747.97330688362865,40282,438,1,"1"
803.20453597704818,40264,456,1,"1"
811.43652176503485,40259,461,1,"1"
831.73360070616638,40241,479,1,"1"
848.77563022843276,40223,497,1,"1"
861.03626655521248,40205,515,1,"1"
899.8771920851724,40190,530,3,"2-1"
906.93517133615399,40180,540,2,"2"
913.51487155616019,40171,549,1,"1"
933.88741258868038,40153,567,1,"1"
952.48070231799397,40147,573,2,"1-1"
962.48325082667395,40137,583,1,"1"
971.37061421334568,40119,601,1,"1"
1001.9774741254406,40110,610,1,"1"
1002.7582711363007,40101,619,3,"3"
1009.2006949233577,40086,634,3,"3"
1011.3453241253746,40068,652,1,"1"
1025.8290969560724,40058,662,2,"2"
1029.0471029926507,40040,680,1,"1"
1030.7107899569578,40022,698,1,"1"
1058.741671765205,40012,708,1,"1"
1066.3285067676838,39976,744,2,"2"
1102.5452505192104,39958,762,1,"1"
1116.9459679992065,39940,780,1,"1"
1122.822516303728,39922,798,1,"1"
1123.8611029005904,39904,816,1,"1"
1127.1098724664639,39886,834,1,"1"
1137.6076811436374,39868,852,1,"1"
1142.1594178288271,39828,892,8,"6-1-1"
1177.2393101041621,39811,909,1,"1"
1182.2147109716566,39752,968,7,"2-2-1-1-1"
1186.05465590273,39643,1077,15,"3-3-2-2-2-2-1"
1192.584706058248,39625,1095,1,"1"
1192.7284509006286,39615,1105,1,"1"
1194.4877319509233,39570,1150,5,"4-1"
1199.0821909983497,39560,1160,1,"1"
1242.9243256409786,39548,1172,1,"1"
1246.51763358682,39538,1182,1,"1"
1247.5704115745127,39520,1200,1,"1"
1252.5273993768683,39502,1218,1,"1"
1262.7400659088862,39483,1237,3,"2-1"
1264.2052020033964,39447,1273,2,"2"
1269.7440430393262,39429,1291,1,"1"
1278.4294246609566,39420,1300,1,"1"
1284.1344937826866,39402,1318,1,"1"
1287.0978023041393,39388,1332,1,"1"
1300.9979863130732,39370,1350,1,"1"
1307.6941041071211,39334,1386,2,"2"
1313.1733826016225,39307,1413,3,"3"
1316.1407192618419,39289,1431,1,"1"
1343.1940151425756,39253,1467,2,"2"
1345.6358981618737,39235,1485,1,"1"
1351.496090982919,39222,1498,1,"1"
1396.2851900914366,39204,1516,1,"1"
1402.1937042716452,39184,1536,2,"2"
1432.4623669917084,39170,1550,1,"1"
1432.7515056196985,39165,1555,1,"1"
1434.057530842075,39147,1573,1,"1"
1441.0607411348831,39021,1699,11,"3-2-2-1-1-1-1"
1446.4263824856341,38985,1735,2,"1-1"
1451.8649104725584,38967,1753,1,"1"
1454.5477947889901,38920,1800,5,"4-1"
1472.13165026263,38902,1818,1,"1"
1484.4162857112176,38895,1825,1,"1"
1512.8417464012903,38863,1857,2,"2"
1522.771220352083,38846,1874,1,"1"
1524.5315356799006,38832,1888,2,"2"
1527.4227145648956,38814,1906,1,"1"
1535.5160951356047,38790,1930,2,"1-1"
1535.9199288211712,38772,1948,1,"1"
1549.6439732794045,38754,1966,1,"1"
1553.6889187615504,38724,1996,2,"2"
1554.3281769890555,38685,2035,3,"2-1"
1554.6709559933172,38675,2045,1,"1"
1570.7437380505016,38639,2081,2,"1-1"
1571.9009454979225,38589,2131,4,"2-1-1"
1588.1966140361862,38571,2149,1,"1"
1595.3931192687733,38543,2177,2,"2"
1601.675995495089,38236,2484,25,"6-6-4-4-1-1-1-1-1"
1605.1551469161725,37992,2728,17,"5-5-3-1-1-1-1"
1610.4155033781858,0,40720,2137,"2137"
----------------------------------------------4
0,40720,0,0,"0"
86.48936671405707,40713,7,1,"1"
93.932525977561212,40712,8,1,"1"
122.74289746939341,40711,9,1,"1"
146.57706862013168,40705,15,2,"2"
150.51668516286054,40704,16,1,"1"
150.71100610722198,40703,17,1,"1"
152.50386153974497,40702,18,1,"1"
156.04021933390652,40692,28,1,"1"
163.15208404286386,40691,29,1,"1"
163.32850119521547,40689,31,2,"2"
206.49304726777052,40688,32,1,"1"
233.74149872336631,40687,33,1,"1"
256.11562239008896,40685,35,2,"2"
277.10386770663416,40683,37,2,"2"
281.06980133885264,40682,38,1,"1"
305.4755017535868,40681,39,1,"1"
306.43136343628072,40674,46,3,"3"
307.40786963028575,40668,52,6,"3-2-1"
322.59562605847304,40658,62,1,"1"
323.69263537220587,40656,64,2,"2"
336.25751355537324,40655,65,1,"1"
339.68318783321587,40637,83,1,"1"
351.60651835358112,40635,85,2,"2"
351.82685178378324,40634,86,1,"1"
358.25569409019732,40633,87,1,"1"
367.55660798468716,40615,105,1,"1"
374.10416060057389,40614,106,1,"1"
376.94621217228519,40604,116,1,"1"
377.61471132701416,40603,117,1,"1"
379.76118519445038,40600,120,3,"2-1"
398.65413126501005,40590,130,1,"1"
401.55254622214198,40589,131,1,"1"
404.17236569386432,40588,132,1,"1"
425.48487503554281,40570,150,1,"1"
435.22059941649991,40569,151,1,"1"
467.80546205496438,40568,152,1,"1"
477.29855825977199,40565,155,1,"1"
499.20551482752342,40549,171,1,"1"
508.87023823159706,40548,172,1,"1"
521.72604581140195,40530,190,1,"1"
526.30829592844464,40529,191,1,"1"
529.19392103022687,40523,197,2,"2"
538.09619881333026,40522,198,1,"1"
552.31938261371727,40519,201,1,"1"
578.50988948152508,40501,219,1,"1"
615.72586415213198,40491,229,2,"2"
622.30994055049371,40473,247,1,"1"
629.82675397212415,40455,265,1,"1"
631.55554852745161,40454,266,1,"1"
635.73960164809534,40436,284,1,"1"
643.78731467477837,40418,302,1,"1"
662.45753501719446,40400,320,1,"1"
664.77452209374837,40382,338,1,"1"
694.70847141541344,40372,348,1,"1"
701.23389274581962,40367,353,1,"1"
739.51628947989138,40354,366,1,"1"
748.45008076102999,40344,376,2,"2"
772.78952112169736,40330,390,2,"1-1"
774.43342244119117,40319,401,1,"1"
778.4279138315402,40314,406,1,"1"
796.62162385366298,40296,424,1,"1"
810.43149000301946,40283,437,1,"1"
812.15564904322991,40266,454,1,"1"
815.13034538252839,40252,468,1,"1"
847.87840330234235,40245,475,1,"1"
856.23147119298619,40227,493,1,"1"
862.16660135960467,40210,510,1,"1"
879.19836463855131,40192,528,1,"1"
902.70568750386167,40189,531,1,"1"
908.26292925843188,40171,549,1,"1"
911.81232367680877,40153,567,1,"1"
913.03746589363607,40135,585,1,"1"
914.49671138342978,40117,603,1,"1"
944.64269314030582,40057,663,12,"6-6"
947.20513361150279,40045,675,1,"1"
970.57891821577141,40028,692,1,"1"
976.07490685634741,40010,710,1,"1"
985.66455708026569,39992,728,1,"1"
989.22493541336542,39974,746,1,"1"
1006.1528619553678,39956,764,1,"1"
1016.6181557521323,39938,782,1,"1"
1017.9975050508457,39928,792,2,"2"
1020.9784141923417,39923,797,1,"1"
1028.5301533927495,39908,812,3,"3"
1028.6908928497899,39890,830,1,"1"
1038.8270696487848,39876,844,2,"2"
1041.9267687120466,39861,859,3,"2-1"
1044.3332583215872,39843,877,1,"1"
1048.0139461256842,39825,895,1,"1"
1068.9822686073874,39820,900,1,"1"
1069.6168896545662,39793,927,3,"1-1-1"
1082.5178505881004,39783,937,1,"1"
1084.9975810163278,39765,955,1,"1"
1092.4519057351959,39694,1026,6,"2-2-1-1"
1093.6442825915931,39676,1044,1,"1"
1129.6623774868781,39667,1053,1,"1"
1130.1422650288775,39649,1071,1,"1"
1162.3771714187005,39613,1107,2,"2"
1164.8386963771659,39589,1131,2,"1-1"
1187.9876109325635,39584,1136,1,"1"
1189.8091236196624,39566,1154,1,"1"
1190.1462678351415,39548,1172,1,"1"
1196.1082324002941,39529,1191,3,"2-1"
1200.5737815599236,39511,1209,1,"1"
1207.4072687477876,39493,1227,1,"1"
1211.0787930936394,39463,1257,2,"2"
1224.7475715186565,39449,1271,1,"1"
1228.5234183391444,39439,1281,2,"2"
1235.3319094979861,39423,1297,2,"1-1"
1237.1214297281888,39390,1330,3,"2-1"
1247.8403144121942,39372,1348,1,"1"
1264.8929643435863,39354,1366,1,"1"
1271.601052771852,39336,1384,1,"1"
1278.1182889694628,39290,1430,4,"2-1-1"
1281.6380646988337,39272,1448,1,"1"
1282.4578163562335,39254,1466,1,"1"
1284.2565895011126,39236,1484,1,"1"
1284.4360753525852,39218,1502,1,"1"
1292.07587445844,39213,1507,1,"1"
1312.9286659175068,39195,1525,1,"1"
1315.1714182231046,39173,1547,2,"1-1"
1350.2079399797117,39155,1565,1,"1"
1359.8170856348545,39119,1601,2,"2"
1365.3992497236286,39083,1637,2,"1-1"
1381.2204300477974,39065,1655,1,"1"
1384.0372312642103,39047,1673,1,"1"
1390.0398799301724,39029,1691,1,"1"
1426.7779844819197,39011,1709,1,"1"
1437.4525499407168,38993,1727,1,"1"
1445.1572378895507,38975,1745,1,"1"
1448.7577026101276,38966,1754,1,"1"
1449.0561762819118,38948,1772,1,"1"
1462.1223171904712,38930,1790,1,"1"
1464.4947478804233,38918,1802,2,"2"
1467.9367926270629,38883,1837,2,"1-1"
1477.6416647046221,38807,1913,8,"6-1-1"
1491.1948385110668,38789,1931,1,"1"
1499.0023779252874,38771,1949,1,"1"
1511.475694709613,38753,1967,1,"1"
1515.8587373262828,38735,1985,1,"1"
1526.040424701843,38717,2003,1,"1"
1529.6507105476805,38699,2021,1,"1"
1531.4374107505448,38681,2039,1,"1"
1534.3641826011878,38559,2161,13,"3-3-2-2-1-1-1"
1540.3434356212811,38541,2179,1,"1"
1563.0098444648168,38519,2201,2,"1-1"
1568.8354384109984,38506,2214,1,"1"
1588.192111348608,38497,2223,1,"1"
1588.5100938055944,38429,2291,6,"4-1-1"
1597.593189328067,38399,2321,2,"1-1"
1600.6022373883832,38381,2339,1,"1"
1600.8872911388878,38359,2361,2,"2"
1608.0041953161542,38341,2379,1,"1"
1612.9012824431679,38287,2433,5,"3-1-1"
1615.3646191279654,38252,2468,2,"2"
1615.830692568526,38234,2486,1,"1"
1623.7899799660547,38198,2522,2,"1-1"
1625.2085593008176,38189,2531,1,"1"
1627.3555110514924,38179,2541,1,"1"
1634.9715793910498,0,40720,2155,"2155"
----------------------------------------------5
0,40720,0,0,"0"
39.255801107135866,40713,7,1,"1"
146.98156972573312,40712,8,1,"1"
173.55760065793405,40711,9,1,"1"
174.95538942739324,40710,10,1,"1"
189.59313389728624,40709,11,1,"1"
196.65218203632838,40703,17,2,"2"
198.76446926825463,40701,19,2,"2"
201.60953725619112,40700,20,1,"1"
209.73439176635679,40698,22,2,"1-1"
215.53905238260836,40694,26,4,"3-1"
245.00385223941444,40693,27,1,"1"
253.79562517595204,40688,32,1,"1"
276.04389384613415,40687,33,1,"1"
316.50810270774815,40686,34,1,"1"
316.57502000215641,40684,36,2,"1-1"
318.16710403086677,40666,54,1,"1"
325.05467040171834,40661,59,5,"2-2-1"
327.32146912724187,40643,77,1,"1"
333.87163625572481,40625,95,1,"1"
342.60347562413642,40618,102,3,"3"
343.53454668516633,40613,107,1,"1"
351.77242910700335,40611,109,2,"2"
352.66700996265399,40610,110,1,"1"
367.61251939060486,40600,120,1,"1"
369.16100984424889,40599,121,1,"1"
369.90121488778999,40591,129,8,"5-2-1"
374.36784454007085,40581,139,1,"1"
410.47366554607578,40580,140,1,"1"
457.36083525218891,40579,141,1,"1"
470.32411687119452,40573,147,2,"2"
487.94311764722653,40570,150,1,"1"
494.06089435934763,40569,151,1,"1"
499.99339754209035,40568,152,1,"1"
500.80121823215632,40565,155,1,"1"
506.40993332199793,40548,172,3,"2-1"
554.28848756324066,40547,173,1,"1"
567.15219875958485,40529,191,1,"1"
601.52065701339518,40528,192,1,"1"
614.47437147427058,40519,201,3,"1-1-1"
617.20703424458327,40501,219,1,"1"
620.46952576990759,40471,249,4,"2-1-1"
626.39992127286177,40466,254,1,"1"
650.02072442686813,40448,272,1,"1"
658.13222439047661,40430,290,1,"1"
665.39977972040015,40412,308,1,"1"
684.61416995536047,40409,311,1,"1"
696.55620262224113,40391,329,1,"1"
724.17129517271269,40386,334,1,"1"
740.00640521965875,40368,352,1,"1"
746.32471545985311,40350,370,1,"1"
757.7149133667566,40340,380,2,"2"
784.95727143300883,40334,386,2,"2"
805.27939567364831,40316,404,1,"1"
827.75649564215382,40311,409,1,"1"
838.0787464573574,40293,427,1,"1"
845.34914990502773,40288,432,1,"1"
846.48991768772692,40276,444,1,"1"
869.43969373005916,40271,449,1,"1"
871.21505618734466,40261,459,1,"1"
879.26491972722147,40243,477,1,"1"
882.73859484639024,40232,488,1,"1"
886.53005540403956,40227,493,1,"1"
924.65830233294992,40209,511,1,"1"
936.40077092345814,40191,529,1,"1"
938.07237287783857,40188,532,1,"1"
946.26482956433495,40170,550,1,"1"
963.09858940334379,40152,568,1,"1"
1057.6288045421452,40146,574,2,"2"
1065.2180715886739,40141,579,1,"1"
1067.5702355018777,40123,597,1,"1"
1094.9305383957037,40105,615,1,"1"
1097.8411247304778,40095,625,1,"1"
1101.8153210191701,40077,643,1,"1"
1113.8819234016751,40059,661,1,"1"
1123.8824357261576,40045,675,1,"1"
1181.7568992392539,40035,685,1,"1"
1189.0424446045304,40017,703,1,"1"
1191.7020771444422,40008,712,1,"1"
1192.9489372941575,39971,749,5,"2-2-1"
1193.7445300282141,39953,767,1,"1"
1196.9946799701027,39943,777,1,"1"
1218.9540565677551,39925,795,1,"1"
1228.5605609274503,39915,805,1,"1"
1235.4240414067635,39888,832,3,"3"
1238.8022215843419,39870,850,1,"1"
1250.0420023305323,39835,885,7,"5-1-1"
1255.3124608078115,39817,903,1,"1"
1278.9803007034984,39777,943,4,"2-1-1"
1291.5587920613013,39767,953,1,"1"
1295.4772273680119,39749,971,1,"1"
1296.8637505204999,39731,989,1,"1"
1296.8880677224333,39713,1007,1,"1"
1301.3622534674164,39695,1025,1,"1"
1304.5804239636452,39659,1061,2,"2"
1312.7916456047694,39641,1079,1,"1"
1326.0917758340845,39612,1108,3,"3"
1334.5245627837064,39598,1122,1,"1"
1337.627480631761,39580,1140,1,"1"
1342.3840601417844,39570,1150,1,"1"
1362.3560152433997,39552,1168,1,"1"
1369.962050931133,39534,1186,1,"1"
1374.3955660955673,39516,1204,1,"1"
1390.2541296121942,39492,1228,2,"2"
1397.5897260367719,39348,1372,15,"8-5-1-1"
1402.4428509316647,39321,1399,3,"1-1-1"
1414.0099113200124,39285,1435,2,"1-1"
1431.3265858022146,39267,1453,1,"1"
1432.7497336416882,39249,1471,1,"1"
1435.696485848483,39231,1489,1,"1"
1441.9495798825119,39156,1564,7,"4-2-1"
1446.8647403329535,39138,1582,1,"1"
1462.8124559992164,39102,1618,2,"1-1"
1463.1966208425065,39084,1636,1,"1"
1470.0720436990962,38980,1740,10,"4-3-2-1"
1471.1032967159185,38958,1762,2,"1-1"
1474.4769115146414,38904,1816,3,"1-1-1"
1478.1276331138199,38886,1834,1,"1"
1479.1761317825208,38814,1906,4,"2-1-1"
1481.5198306885011,38796,1924,1,"1"
1487.2987467716857,38765,1955,2,"2"
1495.1610595604918,38747,1973,1,"1"
1509.9642599120891,38729,1991,1,"1"
1515.3211797970555,38716,2004,1,"1"
1547.9771297704222,38680,2040,2,"1-1"
1553.6228346097723,38662,2058,1,"1"
1555.3967034931868,38644,2076,1,"1"
1556.8451246917809,38637,2083,1,"1"
1573.6819567107223,38615,2105,2,"1-1"
1579.5612606046802,38597,2123,1,"1"
1592.9283878536005,38579,2141,1,"1"
1595.7289791000564,38547,2173,2,"1-1"
1597.8926179247046,38529,2191,1,"1"
1608.0662587904319,38493,2227,4,"3-1"
1609.857795603396,38439,2281,3,"2-1"
1613.1836797905951,38403,2317,2,"1-1"
1614.888067754111,38385,2335,1,"1"
1617.6824123862284,38367,2353,1,"1"
1640.5387490652192,38349,2371,1,"1"
1645.3453229576164,38310,2410,3,"3"
1648.7937658008032,38256,2464,3,"3"
1650.8319554378947,38236,2484,2,"2"
1653.9963449717286,38219,2501,1,"1"
1661.377393919315,38201,2519,1,"1"
1661.7475374689686,38183,2537,1,"1"
1664.5815713761062,38163,2557,2,"2"
1669.5153681653239,0,40720,2156,"2156"
----------------------------------------------6
0,40720,0,0,"0"
47.903584679684577,40719,1,1,"1"
86.237854728272509,40718,2,1,"1"
117.14957711505646,40700,20,1,"1"
133.13815187910055,40694,26,2,"2"
147.21895523890166,40676,44,1,"1"
173.55841759007617,40674,46,2,"2"
200.0760732743627,40672,48,2,"2"
212.66925746635567,40671,49,1,"1"
255.11514956085935,40670,50,1,"1"
274.71818695913481,40664,56,2,"2"
279.30730898336708,40663,57,1,"1"
280.89359795204467,40645,75,1,"1"
293.0409891945867,40643,77,2,"2"
301.95861589712075,40642,78,1,"1"
320.34125989097316,40632,88,1,"1"
324.37148398756534,40631,89,1,"1"
327.52278583053504,40629,91,2,"1-1"
335.99608353645186,40628,92,1,"1"
353.74241204809891,40617,103,11,"4-4-2-1"
357.31628218178878,40616,104,1,"1"
370.28713803152436,40612,108,4,"2-1-1"
372.0830073767778,40611,109,1,"1"
373.27632707745664,40593,127,1,"1"
374.14778893172587,40585,135,4,"3-1"
381.69774399324217,40567,153,1,"1"
388.30643974493546,40562,158,1,"1"
416.76376584589946,40561,159,1,"1"
423.93674770536524,40560,160,1,"1"
447.16215674611095,40542,178,1,"1"
468.45520417512267,40541,179,1,"1"
507.28347886195047,40523,197,2,"1-1"
512.29362491714323,40505,215,1,"1"
518.3357449887576,40495,225,1,"1"
548.51853083457695,40492,228,1,"1"
549.12328818965159,40491,229,1,"1"
561.04456609132774,40477,243,1,"1"
608.62884144647307,40459,261,1,"1"
633.49133695848309,40453,267,2,"1-1"
677.1239342692744,40452,268,1,"1"
694.12633039380398,40451,269,1,"1"
696.54526358790292,40433,287,1,"1"
698.35431511987849,40432,288,1,"1"
702.74858735093846,40431,289,1,"1"
733.57218443679255,40421,299,1,"1"
748.23627987887357,40403,317,1,"1"
750.06300522880372,40396,324,1,"1"
756.41236608535553,40378,342,1,"1"
759.04088540132989,40360,360,1,"1"
760.36323253016133,40357,363,1,"1"
763.96058458644848,40347,373,1,"1"
764.27590891567502,40329,391,1,"1"
772.72070356955135,40313,407,4,"4"
800.21930536560922,40295,425,1,"1"
801.53382211838755,40277,443,1,"1"
819.48923596040186,40262,458,3,"2-1"
829.91041691903308,40244,476,1,"1"
839.07402077811764,40230,490,1,"1"
853.04117863822228,40212,508,1,"1"
857.99473023400299,40198,522,1,"1"
871.68665246261196,40188,532,1,"1"
898.9112965257799,40181,539,1,"1"
902.38184253690758,40166,554,3,"3"
905.53788226045856,40163,557,1,"1"
919.05014451606985,40158,562,1,"1"
942.47803754170309,40140,580,1,"1"
947.95392945586093,40122,598,1,"1"
952.03063849678995,40104,616,1,"1"
960.73236776535168,40086,634,1,"1"
965.21276917632986,40068,652,1,"1"
970.76837918454703,40065,655,1,"1"
978.64903166210252,40062,658,1,"1"
979.6256251967344,40050,670,1,"1"
984.14375016230758,40023,697,3,"3"
992.55268913330519,40005,715,1,"1"
1014.0920942318509,39991,729,2,"2"
1023.1608908436615,39973,747,1,"1"
1032.6270700728064,39955,765,1,"1"
1041.5231152399961,39937,783,1,"1"
1043.4395167816431,39927,793,2,"1-1"
1061.0800049271779,39909,811,1,"1"
1071.4436354730872,39900,820,1,"1"
1071.5919828113954,39890,830,2,"2"
1072.9192864061322,39872,848,1,"1"
1076.8736653738615,39862,858,2,"1-1"
1078.5638555001972,39848,872,1,"1"
1089.4793578957353,39834,886,2,"2"
1102.3511514372635,39806,914,4,"2-1-1"
1110.9159406838062,39797,923,1,"1"
1113.7261897714955,39792,928,1,"1"
1117.6386343772308,39774,946,1,"1"
1122.7933179683719,39764,956,1,"1"
1130.6463870857795,39746,974,1,"1"
1157.2295355066321,39728,992,1,"1"
1181.9695417519322,39718,1002,1,"1"
1183.6491953382745,39700,1020,1,"1"
1186.9461734279455,39682,1038,1,"1"
1193.1569529492508,39664,1056,1,"1"
1193.3407459685391,39651,1069,1,"1"
1199.5728701322591,39641,1079,1,"1"
1209.0834741989747,39623,1097,1,"1"
1216.7641761069392,39605,1115,1,"1"
1222.5260139913937,39587,1133,1,"1"
1226.9236546464981,39569,1151,1,"1"
1227.9275702317016,39551,1169,1,"1"
1244.0000344480566,39533,1187,1,"1"
1265.5324696986452,39515,1205,1,"1"
1285.709999136697,39489,1231,2,"1-1"
1288.9313799457009,39377,1343,7,"4-1-1-1"
1298.3063069253626,39359,1361,1,"1"
1310.9708161591423,39339,1381,4,"3-1"
1318.8514359285605,39325,1395,1,"1"
1318.8814504462516,39311,1409,1,"1"
1334.6178111225313,39301,1419,1,"1"
1346.5311323916058,39259,1461,3,"2-1"
1353.8031875130343,39048,1672,25,"8-4-3-3-2-2-2-1"
1361.7406363171719,39043,1677,1,"1"
1364.7695029248596,38959,1761,6,"4-1-1"
1365.6086989975554,38923,1797,3,"2-1"
1366.0322731933147,38913,1807,1,"1"
1366.132961991281,38875,1845,3,"1-1-1"
1368.9090662651881,38851,1869,2,"2"
1379.3572804523442,38823,1897,2,"2"
1380.3241947506256,38809,1911,1,"1"
1416.0284514712012,38791,1929,1,"1"
1419.5291001581083,38773,1947,1,"1"
1423.8947799366579,38755,1965,1,"1"
1445.3305845938478,38722,1998,3,"3"
1447.5601405471825,38704,2016,1,"1"
1449.9331719418001,38694,2026,1,"1"
1451.455450122392,38685,2035,1,"1"
1456.7595331025393,38667,2053,1,"1"
1503.3357555474697,38649,2071,1,"1"
1519.588779034003,38631,2089,1,"1"
1538.094937217174,38597,2123,2,"2"
1539.9548439187643,38538,2182,5,"2-2-1"
1561.8037978429086,38502,2218,2,"1-1"
1568.9228637855344,38484,2236,1,"1"
1580.3586527717857,38466,2254,1,"1"
1590.5768059610627,38428,2292,3,"1-1-1"
1595.8166206859571,38410,2310,1,"1"
1607.1321767285174,38393,2327,1,"1"
1622.7839749077871,38375,2345,1,"1"
1622.9792888091915,38287,2433,7,"2-2-2-1"
1623.8491640400723,38274,2446,1,"1"
1624.8221528694905,0,40720,2159,"2159"
----------------------------------------------7
0,40720,0,0,"0"
95.611961138552289,40702,18,1,"1"
96.882177668312323,40701,19,1,"1"
134.33453990265036,40696,24,1,"1"
139.1984620524905,40695,25,1,"1"
152.79316736272045,40690,30,1,"1"
158.09463098340143,40685,35,1,"1"
160.04693754228251,40684,36,1,"1"
164.23819217045212,40683,37,1,"1"
171.47612623048607,40681,39,2,"2"
197.42115102716181,40680,40,1,"1"
201.51815198683528,40679,41,1,"1"
224.73888796766317,40678,42,1,"1"
232.50661075422994,40676,44,2,"2"
234.99868251066684,40675,45,1,"1"
239.45808711833567,40657,63,1,"1"
251.96665583162405,40648,72,5,"2-2-1"
259.52758630835962,40647,73,1,"1"
260.84983579861188,40629,91,1,"1"
267.29943667009263,40628,92,1,"1"
293.0553430303134,40627,93,1,"1"
295.1687946964467,40626,94,1,"1"
303.77142883996686,40608,112,1,"1"
303.90971346205401,40607,113,1,"1"
318.77848756697784,40606,114,1,"1"
318.96628379660257,40603,117,3,"1-1-1"
330.96292553054514,40597,123,2,"2"
333.07440870335881,40592,128,5,"3-2"
336.53515306997463,40590,130,2,"2"
338.86493272618128,40572,148,1,"1"
340.01825285219076,40571,149,1,"1"
340.27166123269348,40553,167,1,"1"
340.8441577368348,40543,177,1,"1"
353.09970232487063,40542,178,1,"1"
355.88149317331477,40540,180,2,"2"
403.96061847687321,40539,181,1,"1"
406.94460945549292,40537,183,2,"2"
424.51970308112669,40519,201,1,"1"
429.42847334538226,40501,219,1,"1"
442.65717365309445,40483,237,1,"1"
450.28065812458914,40482,238,1,"1"
453.85302676226536,40481,239,1,"1"
456.97252818867838,40463,257,1,"1"
464.4065587045182,40445,275,1,"1"
492.0843945764608,40444,276,1,"1"
503.3980092933071,40426,294,1,"1"
505.26806052162851,40423,297,1,"1"
516.04560406685164,40421,299,2,"1-1"
526.73652080220575,40403,317,1,"1"
547.18947157532534,40385,335,1,"1"
547.99784846017485,40368,352,1,"1"
551.9339671733245,40363,357,1,"1"
552.44807290877304,40362,358,1,"1"
558.76607571383624,40344,376,1,"1"
571.34269210135926,40339,381,1,"1"
573.27776772547986,40330,390,1,"1"
588.29287655899043,40312,408,1,"1"
601.72908618896247,40294,426,1,"1"
621.74305370975969,40289,431,1,"1"
636.49778008110229,40271,449,1,"1"
692.49661558122068,40266,454,1,"1"
709.96174889933218,40257,463,1,"1"
713.85483410563984,40239,481,1,"1"
728.23863629997265,40236,484,1,"1"
732.03179458567365,40218,502,1,"1"
732.28916912357045,40213,507,1,"1"
749.00724381942121,40195,525,1,"1"
793.07129965341039,40190,530,1,"1"
827.76595052492564,40172,548,1,"1"
841.71743140618491,40160,560,2,"2"
848.82917789891496,40157,563,1,"1"
849.24630806166397,40139,581,1,"1"
851.40672508675584,40121,599,1,"1"
851.65954729299358,40103,617,1,"1"
873.78222079087857,40085,635,1,"1"
875.08080868464094,40059,661,4,"2-1-1"
883.95216332147743,40017,703,8,"3-2-1-1-1"
892.62743280260941,39997,723,2,"1-1"
911.07731822764242,39994,726,1,"1"
913.22738727407398,39976,744,1,"1"
928.58645290008178,39958,762,1,"1"
930.483258314762,39955,765,1,"1"
938.44453792372383,39946,774,1,"1"
939.25382999020587,39910,810,2,"2"
952.97732951598346,39892,828,1,"1"
954.63402638170737,39887,833,1,"1"
958.55791786347174,39869,851,1,"1"
962.37524354153538,39842,878,5,"4-1"
978.82931344922122,39829,891,3,"2-1"
979.96319219865927,39811,909,1,"1"
986.66276344317873,39793,927,1,"1"
993.02176969794482,39773,947,2,"2"
997.01076895467543,39764,956,1,"1"
1024.1101013008376,39748,972,1,"1"
1026.9530337446849,39730,990,1,"1"
1035.6906045492058,39716,1004,1,"1"
1054.3573221791944,39698,1022,1,"1"
1083.8998079298804,39689,1031,1,"1"
1116.7879851949351,39679,1041,1,"1"
1143.7384134797146,39661,1059,1,"1"
1153.8888517323173,39643,1077,1,"1"
1157.4233163281626,39625,1095,1,"1"
1158.9462184371621,39611,1109,1,"1"
1160.99530817706,39604,1116,1,"1"
1163.6601071398059,39595,1125,1,"1"
1170.7267094417484,39586,1134,1,"1"
1180.4343711181714,39568,1152,1,"1"
1196.3976969009973,39532,1188,2,"1-1"
1197.1941223399438,39496,1224,2,"2"
1203.478568806441,39478,1242,1,"1"
1207.35491468635,39450,1270,2,"2"
1208.0012056802198,39438,1282,1,"1"
1210.7624859867976,39420,1300,1,"1"
1212.0321071545332,39402,1318,1,"1"
1227.649241779754,39392,1328,1,"1"
1243.4541448047848,39297,1423,13,"4-3-2-2-1-1"
1246.1019262028467,39279,1441,1,"1"
1246.3126621873453,39270,1450,1,"1"
1250.5910076779167,39256,1464,1,"1"
1268.7932235842284,39238,1482,1,"1"
1276.1972737347512,39220,1500,1,"1"
1276.8858205298063,39202,1518,1,"1"
1283.008867168124,39184,1536,1,"1"
1300.361827501237,39179,1541,1,"1"
1311.0079427671685,39161,1559,1,"1"
1317.730929469365,39152,1568,1,"1"
1335.446054970892,39130,1590,2,"2"
1374.3698440465878,39080,1640,6,"4-2"
1374.7580500935637,39062,1658,1,"1"
1375.3904377245133,39026,1694,2,"2"
1382.5634906072326,39008,1712,1,"1"
1406.4941728398055,38955,1765,4,"4"
1428.9583814013517,38934,1786,3,"2-1"
1431.1445278099623,38898,1822,2,"2"
1443.5168224668487,38888,1832,1,"1"
1444.6059997379132,38784,1936,8,"4-2-1-1"
1448.8683289383641,38748,1972,2,"1-1"
1461.391067414439,38730,1990,1,"1"
1470.6346314154296,38712,2008,1,"1"
1475.1547255689522,38694,2026,1,"1"
1491.4087014175502,38676,2044,1,"1"
1508.9690707792415,38640,2080,2,"2"
1519.2240695894452,38630,2090,1,"1"
1520.3153429185656,38612,2108,1,"1"
1539.8032820957792,38595,2125,1,"1"
1544.9650865783769,38559,2161,2,"2"
1552.5332360875248,38541,2179,1,"1"
1557.5742586327549,38531,2189,1,"1"
1568.6229547591824,38526,2194,1,"1"
1568.7187114637161,38508,2212,1,"1"
1569.1342160435904,38490,2230,1,"1"
1569.8019526132489,38472,2248,1,"1"
1578.5829298889182,38440,2280,3,"3"
1584.3011920078434,38431,2289,1,"1"
1585.0203602118231,38413,2307,1,"1"
1590.117077525636,38321,2399,7,"3-1-1-1-1"
1593.5971677363282,38303,2417,1,"1"
1598.9698258139397,38293,2427,1,"1"
1614.8366248668863,38271,2449,2,"2"
1631.4849822233693,38253,2467,1,"1"
1633.6722725715777,38235,2485,1,"1"
1642.957945227377,38217,2503,1,"1"
1654.1581774430535,38203,2517,1,"1"
1656.068820809001,38189,2531,1,"1"
1657.0737179512478,38171,2549,1,"1"
1667.4705777447523,38153,2567,1,"1"
1675.4461031522826,38135,2585,1,"1"
1681.7015108929695,38117,2603,1,"1"
1685.6630563539052,38071,2649,3,"1-1-1"
1686.2716430688502,38054,2666,1,"1"
1690.5063788246016,38036,2684,1,"1"
1700.882736497658,38018,2702,1,"1"
1706.3380476987918,37964,2756,3,"2-1"
1707.3389894075403,37946,2774,1,"1"
1710.8385544575756,37926,2794,2,"2"
1713.6889438113021,37908,2812,1,"1"
1717.3887852335258,37890,2830,1,"1"
1718.4819650982427,37866,2854,2,"1-1"
1738.698110926623,37830,2890,2,"2"
1747.0360015683198,37812,2908,1,"1"
1749.9476904283526,37794,2926,1,"1"
1750.8136138603902,37776,2944,1,"1"
1751.8793152165929,0,40720,2135,"2135"
----------------------------------------------8
0,40720,0,0,"0"
27.430493578340492,40719,1,1,"1"
46.628032152283325,40709,11,1,"1"
117.01294325608663,40708,12,1,"1"
145.56891432485153,40706,14,2,"2"
152.80044711886356,40705,15,1,"1"
154.75611058687332,40687,33,1,"1"
168.66114197163958,40686,34,1,"1"
205.69959539039905,40685,35,1,"1"
205.96704420108881,40678,42,3,"3"
214.78102435085449,40677,43,1,"1"
222.95027084705211,40676,44,1,"1"
248.10045178514147,40666,54,1,"1"
250.26910802917988,40665,55,1,"1"
250.48463617928903,40663,57,2,"2"
252.29641468132343,40662,58,1,"1"
272.72704721584569,40654,66,4,"4"
282.69815429366309,40653,67,1,"1"
282.70154493803017,40651,69,2,"1-1"
289.25553281652805,40637,83,1,"1"
309.84406072974735,40619,101,1,"1"
319.66290867803104,40618,102,1,"1"
321.88374608545007,40614,106,2,"2"
322.33031284318776,40613,107,1,"1"
325.28522720818574,40612,108,1,"1"
338.54097049164164,40611,109,1,"1"
339.54374014080014,40610,110,1,"1"
347.61150936374349,40600,120,1,"1"
347.99639055929168,40598,122,2,"2"
349.96679660577109,40597,123,1,"1"
353.64240002239455,40596,124,1,"1"
359.17577970446979,40595,125,1,"1"
361.73639885978923,40594,126,1,"1"
370.42016402505163,40592,128,2,"2"
377.2909321686123,40591,129,1,"1"
383.85070293165955,40582,138,1,"1"
397.08226422516032,40576,144,2,"2"
409.50216601303111,40558,162,1,"1"
478.98175502891866,40540,180,1,"1"
481.76635716895697,40536,184,4,"2-1-1"
506.62490301832293,40534,186,2,"1-1"
536.78816947448286,40516,204,1,"1"
543.29254662908534,40498,222,1,"1"
567.85114390053366,40497,223,1,"1"
584.94936270020798,40479,241,1,"1"
603.77019081071103,40461,259,1,"1"
607.20888833820186,40460,260,1,"1"
629.19103936638089,40442,278,1,"1"
634.90288550119942,40424,296,1,"1"
635.8050357281744,40423,297,1,"1"
639.86025889818757,40405,315,1,"1"
647.7876090777844,40387,333,1,"1"
652.54303631182427,40369,351,1,"1"
659.30124843900558,40351,369,1,"1"
662.87663589409203,40346,374,1,"1"
666.70496416921151,40341,379,1,"1"
687.66951509577734,40323,397,1,"1"
689.30154864649819,40320,400,1,"1"
689.61153753715382,40310,410,1,"1"
703.04779291664715,40292,428,1,"1"
728.98255622299996,40274,446,1,"1"
743.33376269232645,40249,471,3,"2-1"
747.11627201761246,40231,489,1,"1"
748.79209842363366,40221,499,1,"1"
749.05154742604384,40167,553,3,"3"
751.77293393990476,40149,571,1,"1"
790.32452682070539,40144,576,1,"1"
794.38881042565481,40126,594,1,"1"
820.27198101982685,40123,597,1,"1"
829.63777234257464,40120,600,1,"1"
837.44001487119931,40110,610,1,"1"
843.07653519586404,40074,646,6,"3-2-1"
852.6227308048791,40067,653,1,"1"
859.93846386931887,40049,671,1,"1"
869.0448147274883,40042,678,1,"1"
916.67092065325141,40028,692,1,"1"
925.42153231425539,40010,710,1,"1"
926.07533777228048,39999,721,1,"1"
939.65853256720197,39971,749,4,"3-1"
966.89732111492492,39962,758,1,"1"
979.40605224722844,39957,763,1,"1"
995.20535640534536,39939,781,1,"1"
997.36409351480154,39928,792,1,"1"
1012.8041729174535,39915,805,3,"1-1-1"
1016.6896171285746,39910,810,1,"1"
1030.555957688518,39892,828,1,"1"
1033.67056666915,39874,846,1,"1"
1043.7534955352728,39856,864,1,"1"
1087.8557562045662,39838,882,1,"1"
1088.8786983961681,39828,892,1,"1"
1099.1496872422294,39810,910,1,"1"
1113.695080573252,39772,948,3,"2-1"
1120.2112885845806,39732,988,8,"4-2-2"
1125.694096677227,39714,1006,1,"1"
1144.0372464945174,39696,1024,1,"1"
1150.1006391761928,39678,1042,1,"1"
1150.1399535680289,39668,1052,1,"1"
1163.4687579170889,39650,1070,1,"1"
1168.3111986609113,39632,1088,1,"1"
1171.3680922789861,39614,1106,1,"1"
1182.3135131622294,39596,1124,1,"1"
1197.433811919665,39578,1142,1,"1"
1232.364635844637,39572,1148,2,"2"
1253.3249981694426,39567,1153,1,"1"
1269.6018364238282,39539,1181,2,"1-1"
1272.4682249598625,39536,1184,1,"1"
1282.4794337343305,39522,1198,1,"1"
1285.0068705592173,39517,1203,1,"1"
1291.5197624136522,39499,1221,1,"1"
1294.4516298007704,39481,1239,1,"1"
1306.6846270036447,39463,1257,1,"1"
1315.7036922193713,39458,1262,1,"1"
1322.9316827472239,39430,1290,2,"1-1"
1323.3065659333738,39415,1305,1,"1"
1326.3895935417227,39397,1323,1,"1"
1347.1030365954348,39379,1341,1,"1"
1363.6643587884621,39361,1359,1,"1"
1370.2133530690044,39343,1377,1,"1"
1379.5045758971251,39319,1401,2,"1-1"
1379.5872122829712,39314,1406,1,"1"
1382.4146908098257,39296,1424,1,"1"
1394.0668774225328,39278,1442,1,"1"
1394.7499775419612,39260,1460,1,"1"
1424.126013422888,39242,1478,1,"1"
1424.9146173828219,39230,1490,1,"1"
1436.8116658119566,39212,1508,1,"1"
1454.9303850383549,39194,1526,1,"1"
1465.4244605399033,39184,1536,1,"1"
1469.176943085213,39161,1559,3,"2-1"
1471.5068002473554,39151,1569,1,"1"
1478.4355054094162,39141,1579,1,"1"
1483.0820684709477,39123,1597,1,"1"
1483.1316223612823,39105,1615,1,"1"
1494.4051509626534,39087,1633,1,"1"
1510.9983571320734,39078,1642,1,"1"
1512.8769281568354,39060,1660,1,"1"
1521.0212799067669,39042,1678,1,"1"
1534.9621613984627,39020,1700,2,"2"
1554.7287055364629,39002,1718,1,"1"
1569.3086716970813,38984,1736,1,"1"
1575.8092541674648,38968,1752,1,"1"
1586.7549825608426,38958,1762,1,"1"
1595.2340678454336,38938,1782,2,"1-1"
1595.4263471495794,38920,1800,1,"1"
1597.2628798339942,38855,1865,9,"4-2-1-1-1"
1607.9241452889487,38837,1883,1,"1"
1611.1910688179892,38819,1901,1,"1"
1612.0186718021298,38801,1919,1,"1"
1613.7237812978708,38783,1937,1,"1"
1614.3707947105086,38734,1986,4,"2-2"
1616.7310687876036,38716,2004,1,"1"
1638.5272014871268,38698,2022,1,"1"
1644.8483255634999,38646,2074,4,"4"
1658.007485587653,38628,2092,1,"1"
1660.0064665186851,38542,2178,6,"3-2-1"
1664.3204720859237,38535,2185,1,"1"
1665.3068032880128,38471,2249,4,"4"
1669.842894435443,38288,2432,16,"4-3-3-2-2-1-1"
1670.5723502980281,38270,2450,1,"1"
1676.9845751971538,38252,2468,1,"1"
1686.7476170792143,38234,2486,1,"1"
1690.3966185132879,38216,2504,1,"1"
1692.3295379679437,38198,2522,1,"1"
1694.1113246397197,38176,2544,2,"2"
1697.7752616684215,38140,2580,2,"2"
1698.1644693794635,38123,2597,1,"1"
1718.2449863463041,38105,2615,1,"1"
1750.1977477234279,38096,2624,1,"1"
1789.7380945933612,38000,2720,8,"3-2-2-1"
1791.8374824864836,37982,2738,1,"1"
1792.4601468849373,37934,2786,4,"4"
1793.8510351843229,37898,2822,2,"1-1"
1816.8332377331285,37880,2840,1,"1"
1817.5502900423214,37866,2854,1,"1"
1819.0399672375154,37848,2872,1,"1"
1825.5058522377851,37830,2890,1,"1"
1830.7820662376862,37794,2926,2,"2"
1849.6619334598599,37776,2944,1,"1"
1852.9440931389013,37724,2996,4,"4"
1854.904927790757,37604,3116,8,"3-3-1-1"
1856.2933787742293,0,40720,2120,"2120"
----------------------------------------------9
0,40720,0,0,"0"
41.028863936099746,40715,5,1,"1"
54.597701919837206,40714,6,1,"1"
88.861279625409736,40708,12,2,"2"
100.47706656479964,40707,13,1,"1"
137.08072012709172,40706,14,1,"1"
163.73289584491161,40694,26,4,"4"
168.98161288382568,40693,27,1,"1"
181.34508771777928,40692,28,1,"1"
223.69679532975292,40691,29,1,"1"
237.93562386114232,40690,30,1,"1"
241.51047893533377,40689,31,1,"1"
252.06006733535685,40684,36,5,"3-2"
264.71309935078455,40676,44,2,"1-1"
266.73526747756989,40658,62,1,"1"
281.74327846643814,40656,64,2,"2"
288.40077732855025,40655,65,1,"1"
288.44408589476308,40654,66,1,"1"
304.46738775822053,40651,69,3,"3"
312.36197907762755,40650,70,1,"1"
343.27385849704979,40649,71,1,"1"
352.20260319354696,40648,72,1,"1"
363.3523295367994,40647,73,1,"1"
364.32991295568905,40645,75,2,"2"
366.46066555079136,40644,76,1,"1"
370.07877475896856,40641,79,3,"1-1-1"
370.88491250353405,40640,80,1,"1"
371.53170723709098,40638,82,2,"2"
373.14295771450446,40634,86,4,"2-1-1"
377.16764860686425,40631,89,1,"1"
381.41383380486178,40613,107,1,"1"
414.22631307091228,40608,112,1,"1"
425.84675549260152,40605,115,1,"1"
430.26652152438794,40600,120,1,"1"
460.97330217876089,40598,122,2,"1-1"
490.16922905649949,40597,123,1,"1"
508.10246096613497,40596,124,1,"1"
522.45543878808496,40592,128,2,"2"
563.9841692198778,40579,141,3,"2-1"
568.71774103945984,40569,151,2,"2"
609.05980524885172,40551,169,1,"1"
614.18207624893739,40533,187,1,"1"
630.44211676774819,40523,197,1,"1"
644.66092751336612,40515,205,2,"1-1"
662.51191935928296,40497,223,1,"1"
694.4873860380651,40492,228,1,"1"
713.57744115451521,40474,246,1,"1"
717.37919079937308,40456,264,1,"1"
723.08399139488779,40446,274,1,"1"
724.79348879260056,40430,290,1,"1"
745.54592162474034,40416,304,1,"1"
751.1456713552019,40406,314,1,"1"
752.93586490040263,40397,323,1,"1"
758.20348536651431,40379,341,1,"1"
761.60973657281011,40361,359,1,"1"
814.932176338609,40343,377,1,"1"
826.59413169122251,40295,425,6,"3-2-1"
841.33038970987786,40276,444,3,"2-1"
842.56575548798321,40254,466,2,"1-1"
874.71274449238979,40251,469,1,"1"
880.9153258966054,40219,501,2,"2"
882.56777763233038,40201,519,1,"1"
905.84286480218213,40183,537,1,"1"
905.88900469620125,40165,555,1,"1"
906.49943950710099,40147,573,1,"1"
908.11131651173002,40129,591,1,"1"
924.91906507668466,40111,609,1,"1"
943.20119610452184,40090,630,3,"3"
945.60216474337381,40087,633,1,"1"
965.22215763730105,40069,651,1,"1"
971.51855782183497,40049,671,2,"1-1"
976.73689377859102,40031,689,1,"1"
1014.409875027103,40017,703,2,"2"
1021.5355829765067,39999,721,1,"1"
1037.4975554845446,39971,749,2,"1-1"
1046.7298836477194,39953,767,1,"1"
1047.8225784644267,39935,785,1,"1"
1053.5890992666607,39925,795,1,"1"
1070.3932451662604,39907,813,1,"1"
1081.5799195154648,39893,827,2,"2"
1085.5928208726309,39875,845,1,"1"
1125.6840926226057,39857,863,1,"1"
1140.3327974299409,39839,881,1,"1"
1145.6091207638572,39821,899,1,"1"
1149.8434065702979,39801,919,2,"2"
1153.2299885687191,39783,937,1,"1"
1158.8356028122996,39777,943,2,"2"
1167.5154207919084,39741,979,2,"2"
1167.9551968433218,39721,999,4,"4"
1168.3573278614313,39711,1009,1,"1"
1170.925370600123,39701,1019,1,"1"
1205.1457970431245,39696,1024,1,"1"
1209.4948018743055,39678,1042,1,"1"
1209.6886361958389,39654,1066,2,"2"
1212.1305312927841,39636,1084,1,"1"
1249.9904584898457,39623,1097,3,"2-1"
1257.1589106649142,39618,1102,1,"1"
1263.5974962942505,39600,1120,1,"1"
1270.9701147935627,39582,1138,1,"1"
1282.6189752122923,39546,1174,2,"1-1"
1294.5095743831366,39541,1179,1,"1"
1303.5312960215299,39523,1197,1,"1"
1320.5877439220724,39513,1207,2,"2"
1323.2877400410216,39495,1225,1,"1"
1325.1948993144917,39490,1230,1,"1"
1325.6005792818075,39472,1248,1,"1"
1335.1923962189924,39454,1266,2,"2"
1341.8352626156277,39436,1284,1,"1"
1353.5246209435873,39431,1289,1,"1"
1354.5158308441462,39419,1301,1,"1"
1401.4555959933807,39401,1319,1,"1"
1403.2940639616595,39383,1337,1,"1"
1405.4560192824401,39378,1342,1,"1"
1427.2031517162879,39360,1360,1,"1"
1429.2318369566813,39347,1373,1,"1"
1447.2684517217419,39311,1409,2,"2"
1455.7291082340821,39302,1418,1,"1"
1466.5750107730846,39284,1436,1,"1"
1469.1852338695708,39266,1454,1,"1"
1472.6649926740383,39248,1472,1,"1"
1476.4637530268897,39230,1490,1,"1"
1485.4106116404719,39217,1503,1,"1"
1498.0566745719038,39204,1516,1,"1"
1499.8782811149815,39177,1543,2,"1-1"
1504.471197275577,39141,1579,2,"2"
1512.0030572189551,39123,1597,1,"1"
1513.3490173649097,39105,1615,1,"1"
1513.5634906157352,39087,1633,1,"1"
1518.4010475551027,39077,1643,1,"1"
1521.5149105074436,39059,1661,1,"1"
1528.9099107364311,39041,1679,1,"1"
1534.5316359660201,39023,1697,1,"1"
1535.2916129513533,39005,1715,1,"1"
1538.7302039314579,38987,1733,1,"1"
1538.9054897861129,38967,1753,2,"1-1"
1542.6247137303192,38949,1771,1,"1"
1550.422085486683,38845,1875,10,"3-3-2-1-1"
1558.5733660462563,38825,1895,2,"1-1"
1560.5182481776417,38803,1917,2,"1-1"
1563.971441079568,38785,1935,1,"1"
1593.6308264153665,38767,1953,1,"1"
1596.4418254366008,38693,2027,6,"3-1-1-1"
1596.6546926362939,38621,2099,4,"2-2"
1601.3361371073147,38603,2117,1,"1"
1605.9733005676665,38575,2145,2,"2"
1623.2871975382736,38557,2163,1,"1"
1626.5640210069389,38511,2209,3,"1-1-1"
1627.9294709888975,38497,2223,1,"1"
1642.9802723549462,38479,2241,1,"1"
1650.4504583505072,38465,2255,1,"1"
1658.8958982615618,38447,2273,1,"1"
1669.5700474529042,38429,2291,1,"1"
1674.5524608862129,38400,2320,2,"1-1"
1681.433990647153,38364,2356,2,"2"
1696.505036140212,38123,2597,21,"4-3-3-3-2-2-1-1-1-1"
1705.7558762753197,38095,2625,2,"2"
1715.9891483710981,38077,2643,1,"1"
1717.2416991305397,38049,2671,2,"1-1"
1720.7837406177848,38013,2707,2,"1-1"
1721.4708513357614,37995,2725,1,"1"
1722.1103639729834,37975,2745,2,"1-1"
1724.3998639747422,37957,2763,1,"1"
1727.1511272396617,37921,2799,2,"2"
1727.9746862387913,37885,2835,2,"2"
1731.3738072540557,37805,2915,6,"4-2"
1739.1812305021292,37787,2933,1,"1"
1740.1332358674965,37769,2951,1,"1"
1743.4603805136076,37715,3005,3,"3"
1746.9984188034291,37693,3027,2,"2"
1750.5808927494677,37675,3045,1,"1"
1754.6360522214597,37621,3099,3,"2-1"
1767.6894595064632,37607,3113,1,"1"
1771.5421222478076,0,40720,2120,"2120"
