f,num_active_particles,num_deleted_particles,total_deleted_rods,avalanche_sizes
0,41362,0,0,"0"
97.246848271949418,41361,1,1,"1"
102.6683121062277,41360,2,1,"1"
111.30324671972244,41342,20,1,"1"
130.68334283616971,41339,23,3,"2-1"
231.95830023307806,41329,33,1,"1"
244.37257071141971,41328,34,1,"1"
269.60302029502304,41327,35,1,"1"
276.87380115782526,41326,36,1,"1"
291.36302239109091,41325,37,1,"1"
298.05724381272825,41318,44,3,"2-1"
332.72528379639044,41309,53,1,"1"
355.80820491990539,41291,71,1,"1"
358.47486227952169,41290,72,1,"1"
377.9774617647455,41283,79,1,"1"
382.77743975587185,41281,81,2,"2"
383.42904247457972,41276,86,1,"1"
385.00443647221067,41273,89,1,"1"
386.50511941987315,41267,95,2,"2"
431.21931919125575,41249,113,1,"1"
439.36809709506593,41235,127,4,"1-1-1-1"
470.56990664513842,41230,132,3,"2-1"
478.2612961824866,41229,133,1,"1"
503.4769906072097,41211,151,2,"1-1"
541.20198949640849,41210,152,1,"1"
549.24836390749647,41207,155,1,"1"
571.75167861505304,41202,160,1,"1"
605.9408896792313,41192,170,2,"2"
615.58894035299795,41176,186,1,"1"
644.85809042991571,41173,189,1,"1"
650.89244111519758,41153,209,2,"2"
656.01511280369232,41145,217,2,"1-1"
703.14303584679953,41127,235,1,"1"
710.98584182668901,41109,253,1,"1"
722.85909946716413,41100,262,1,"1"
745.18454878503519,41092,270,2,"1-1"
780.72082381271059,41082,280,1,"1"
790.31746935559545,41077,285,1,"1"
798.37668538378,41072,290,1,"1"
805.66586311833362,41062,300,1,"1"
806.30289321166049,41044,318,1,"1"
808.68106007237589,41008,354,2,"2"
812.59405968333783,40996,366,1,"1"
824.41923640400682,40993,369,1,"1"
824.53076067149595,40988,374,1,"1"
826.94341073179987,40978,384,2,"1-1"
830.43165060864794,40975,387,1,"1"
838.19051632107164,40972,390,1,"1"
862.239226886756,40969,393,1,"1"
863.3421054790947,40964,398,1,"1"
869.95234719083248,40961,401,1,"1"
870.94977007980981,40949,413,1,"1"
878.41784052891046,40937,425,1,"1"
946.93735745778667,40934,428,1,"1"
992.37170249254177,40914,448,2,"2"
1014.0233761648332,40905,457,1,"1"
1026.3373131250162,40894,468,3,"2-1"
1041.1839146002085,40880,482,2,"2"
1070.4675183764373,40862,500,1,"1"
1086.784095780499,40857,505,1,"1"
1098.0273270727118,40841,521,1,"1"
1103.405872658403,40834,528,1,"1"
1104.6140907986132,40827,535,1,"1"
1120.6192163820797,40817,545,1,"1"
1124.9026847366656,40799,563,1,"1"
1133.3722541626582,40781,581,1,"1"
1142.8966666396113,40778,584,1,"1"
1147.9292377330801,40760,602,1,"1"
1190.568753018498,40742,620,1,"1"
1194.5295671806009,40733,629,1,"1"
1204.3412230033052,40711,651,2,"2"
1204.3509723340496,40701,661,1,"1"
1234.1061900177349,40679,683,2,"2"
1243.9764723244298,40643,719,3,"3"
1270.6068473951937,40613,749,2,"1-1"
1280.3586610445334,40527,835,7,"3-1-1-1-1"
1283.8060466712834,40509,853,1,"1"
1293.9110555563977,40497,865,1,"1"
1296.6990830442744,40473,889,2,"2"
1324.7542353729477,40455,907,1,"1"
1339.8414000684015,40437,925,1,"1"
1346.7459100919616,40425,937,1,"1"
1347.9063578486364,40407,955,1,"1"
1350.5916660006728,40389,973,1,"1"
1366.8677677302028,40371,991,1,"1"
1401.7085887185704,40353,1009,1,"1"
1407.331040766378,40335,1027,1,"1"
1413.6277064729072,40299,1063,2,"2"
1433.3821452985649,40281,1081,1,"1"
1437.3785931367606,40263,1099,1,"1"
1463.4155316906272,40245,1117,1,"1"
1463.6628996448969,40163,1199,5,"2-2-1"
1477.0626587974798,40152,1210,1,"1"
1499.3771308693331,40134,1228,1,"1"
1500.741393577262,40116,1246,1,"1"
1507.613402195459,40080,1282,2,"1-1"
1518.5943245364169,40054,1308,2,"1-1"
1519.2938059061751,40049,1313,1,"1"
1533.9337266517718,40031,1331,1,"1"
1534.9902916062547,40013,1349,1,"1"
1542.6680914682852,39995,1367,1,"1"
1544.0041466135201,39977,1385,1,"1"
1558.1228174782848,39967,1395,1,"1"
1566.6196984859016,39949,1413,1,"1"
1568.9911915637419,39913,1449,2,"1-1"
1586.7854919018782,39877,1485,2,"2"
1603.0392702592478,39859,1503,1,"1"
1605.3427463486748,39807,1555,4,"3-1"
1606.4953492182872,39800,1562,1,"1"
1612.2405819455541,39782,1580,1,"1"
1613.2898750241429,39764,1598,1,"1"
1615.3861544768613,39634,1728,18,"6-4-2-2-2-1-1"
1623.8504442348285,39598,1764,2,"1-1"
1625.3712471645874,0,41362,2241,"2241"
----------------------------------------------1
0,41362,0,0,"0"
41.058471726661246,41361,1,1,"1"
99.284604490207514,41360,2,1,"1"
128.93574064914395,41359,3,1,"1"
155.81535755531027,41341,21,1,"1"
179.80712753578058,41331,31,1,"1"
181.02415572072817,41330,32,1,"1"
185.94354154345251,41312,50,1,"1"
223.44093402147129,41310,52,2,"2"
224.804422190796,41309,53,1,"1"
228.26029619882348,41291,71,1,"1"
236.42489353345863,41290,72,1,"1"
261.37654695604778,41289,73,1,"1"
277.66773767019231,41288,74,1,"1"
323.63942205517213,41270,92,1,"1"
334.18795393861944,41252,110,1,"1"
365.17965320234555,41251,111,1,"1"
365.58851652837984,41248,114,1,"1"
365.86066106485913,41245,117,3,"1-1-1"
368.55826250808917,41244,118,1,"1"
379.22415410962907,41226,136,1,"1"
394.78862382098208,41211,151,1,"1"
400.19857769856782,41208,154,1,"1"
454.80031560558979,41198,164,1,"1"
501.78287989984454,41180,182,1,"1"
523.70180471360004,41162,200,1,"1"
525.49190171508837,41161,201,1,"1"
536.40841007521442,41145,217,1,"1"
550.50295320888472,41127,235,1,"1"
577.74235250440233,41109,253,1,"1"
592.84071490842973,41104,258,1,"1"
593.66020929316926,41086,276,1,"1"
606.00741214921857,41081,281,1,"1"
609.48071788828031,41078,284,1,"1"
615.00169210113927,41060,302,1,"1"
626.33175164072918,41054,308,2,"1-1"
634.97560554220433,41036,326,1,"1"
664.43334635066424,41024,338,1,"1"
693.715850586128,41015,347,1,"1"
729.56236092863151,40997,365,1,"1"
733.59884672712224,40977,385,2,"2"
740.5773946990505,40972,390,1,"1"
742.82515763554807,40954,408,1,"1"
754.01803344709208,40949,413,1,"1"
754.83058395718592,40944,418,1,"1"
766.15586565178069,40938,424,2,"2"
766.72292707375698,40920,442,1,"1"
787.70733441900904,40897,465,2,"2"
803.49748653551217,40886,476,1,"1"
811.53988621984934,40883,479,1,"1"
814.83022515524385,40880,482,1,"1"
815.39247499098587,40873,489,1,"1"
820.36752552049768,40858,504,5,"4-1"
856.76263206085912,40824,538,3,"2-1"
858.9752905385244,40819,543,1,"1"
859.80451754122873,40805,557,2,"1-1"
871.45794861587387,40769,593,2,"2"
894.93859403538818,40743,619,2,"2"
897.42674264469031,40740,622,1,"1"
905.45583094423023,40734,628,2,"1-1"
911.0191957323367,40716,646,1,"1"
934.85149623744508,40698,664,1,"1"
959.15042974284199,40680,682,1,"1"
961.70883170309151,40662,700,1,"1"
963.93270057083407,40644,718,1,"1"
968.65803666766021,40616,746,4,"2-2"
989.39214962795018,40598,764,1,"1"
994.2339070381355,40584,778,1,"1"
1009.8336237604261,40566,796,1,"1"
1014.6241981659294,40556,806,1,"1"
1022.1639516010066,40538,824,1,"1"
1027.879999812805,40520,842,1,"1"
1039.0102605907989,40484,878,2,"2"
1041.9720718967094,40466,896,1,"1"
1056.2172375272244,40456,906,2,"1-1"
1064.7965081162613,40438,924,1,"1"
1065.3491393017953,40422,940,1,"1"
1070.6679591159245,40404,958,1,"1"
1093.2185491762034,40394,968,1,"1"
1093.439233195428,40384,978,2,"2"
1109.3297950233564,40366,996,1,"1"
1115.0043088203124,40351,1011,3,"2-1"
1116.8218780015291,40348,1014,1,"1"
1127.9765447645077,40332,1030,1,"1"
1128.4362473805138,40316,1046,4,"3-1"
1135.3760089637574,40295,1067,3,"3"
1143.6173244067822,40277,1085,1,"1"
1151.7467019380331,40259,1103,1,"1"
1170.5611801186233,40241,1121,1,"1"
1172.1694020928362,40226,1136,3,"1-1-1"
1175.3102411077139,40208,1154,1,"1"
1188.9219651445906,40190,1172,1,"1"
1192.79426287398,40183,1179,1,"1"
1196.2335029570195,40165,1197,1,"1"
1205.6886746956827,40145,1217,2,"1-1"
1207.9249254930253,40127,1235,1,"1"
1218.7860473519481,40109,1253,1,"1"
1222.0355258989337,40091,1271,1,"1"
1230.1239446097184,40069,1293,2,"2"
1255.0033455288699,40051,1311,1,"1"
1283.0870565734792,40033,1329,1,"1"
1289.6267185934312,40015,1347,1,"1"
1292.3852979063461,39979,1383,2,"1-1"
1304.0910473026181,39969,1393,1,"1"
1306.2386454469072,39951,1411,1,"1"
1311.8798206219778,39918,1444,3,"1-1-1"
1312.5786993990021,39892,1470,2,"1-1"
1312.9102258166949,39885,1477,1,"1"
1314.8068369230743,39870,1492,1,"1"
1317.3719332165142,39854,1508,2,"1-1"
1326.1040599391672,39836,1526,1,"1"
1332.93073195854,39818,1544,1,"1"
1336.2959023322819,39800,1562,1,"1"
1338.0801427575509,39782,1580,1,"1"
1345.8733809434727,39764,1598,1,"1"
1374.4388284940237,39757,1605,1,"1"
1378.2668206980547,39721,1641,2,"1-1"
1382.6675114014645,39685,1677,2,"2"
1386.6534217627623,39671,1691,2,"1-1"
1397.4831322473055,39649,1713,2,"1-1"
1401.0989824358794,39633,1729,1,"1"
1419.5621104866432,39615,1747,1,"1"
1452.7070753136848,39591,1771,2,"2"
1453.3440424335618,39573,1789,1,"1"
1453.6100434529035,39555,1807,1,"1"
1459.1801353738492,39527,1835,2,"2"
1469.882069789777,39515,1847,1,"1"
1486.5797357999188,39479,1883,2,"2"
1487.47756352738,39464,1898,1,"1"
1501.7211000109537,39427,1935,3,"2-1"
1519.6400088167234,39409,1953,1,"1"
1540.8859836518382,39376,1986,3,"3"
1548.0347750281521,39366,1996,2,"2"
1551.4133768293154,39348,2014,1,"1"
1553.4900994805444,39323,2039,3,"3"
1558.0809826968389,39305,2057,1,"1"
1558.7697141151225,39291,2071,1,"1"
1562.6956225510237,39273,2089,1,"1"
1571.3190934461677,39193,2169,6,"4-2"
1572.0685226736887,39175,2187,1,"1"
1582.1404780420291,38753,2609,30,"18-4-2-2-1-1-1-1"
1582.6805246295212,38727,2635,2,"2"
1596.6188758181086,38705,2657,4,"3-1"
1612.2041103694298,38687,2675,1,"1"
1612.8077972072947,38669,2693,1,"1"
1619.1975043035322,38637,2725,2,"2"
1624.8178067814404,38623,2739,1,"1"
1628.3099634161717,38605,2757,1,"1"
1629.4123883327809,38592,2770,1,"1"
1644.3721647104583,38574,2788,1,"1"
1645.8298040502555,38556,2806,1,"1"
1646.0477536134895,0,41362,2175,"2175"
----------------------------------------------2
0,41362,0,0,"0"
59.283716970243546,41344,18,1,"1"
101.18821350107672,41342,20,2,"2"
116.34870152755842,41341,21,1,"1"
143.85587947981506,41327,35,2,"1-1"
173.06883970165583,41326,36,1,"1"
202.34878673245052,41324,38,2,"2"
231.45916992843527,41314,48,1,"1"
238.30928704655392,41296,66,1,"1"
242.92085060205557,41278,84,1,"1"
243.74239271807906,41277,85,1,"1"
244.23117348993952,41276,86,1,"1"
253.17693989411322,41258,104,1,"1"
258.88974618941165,41242,120,1,"1"
274.3801062310007,41241,121,1,"1"
280.72099640759421,41240,122,1,"1"
308.83036257570672,41230,132,1,"1"
327.54242513799574,41229,133,1,"1"
338.8727924506577,41228,134,1,"1"
343.0089421367872,41226,136,2,"2"
359.10470326890402,41208,154,1,"1"
367.6778662405502,41190,172,1,"1"
369.9200448803366,41189,173,1,"1"
394.37649422446293,41186,176,1,"1"
418.04758070335697,41183,179,1,"1"
433.07326926901703,41178,184,1,"1"
438.38908135867422,41160,202,1,"1"
448.28882687157,41159,203,1,"1"
452.25368686644151,41150,212,1,"1"
457.55332211543265,41132,230,1,"1"
497.97678741489165,41118,244,1,"1"
514.00984801388563,41108,254,1,"1"
554.79998696483244,41090,272,1,"1"
555.17216063746491,41085,277,1,"1"
622.12269834027052,41082,280,1,"1"
624.90507870515421,41064,298,1,"1"
643.55775578186444,41061,301,1,"1"
644.17452220831501,41043,319,1,"1"
666.06270435946544,41025,337,1,"1"
669.64670977678838,41007,355,1,"1"
680.1889560378911,40992,370,3,"1-1-1"
702.34484732158808,40974,388,1,"1"
716.73864914095952,40956,406,1,"1"
719.48982428205545,40938,424,1,"1"
744.07009227974902,40928,434,1,"1"
759.50749241309222,40910,452,1,"1"
769.22557109419529,40899,463,1,"1"
771.36401005651339,40881,481,1,"1"
778.44854044366423,40863,499,1,"1"
781.43075985143662,40848,514,5,"3-1-1"
785.69824357305913,40833,529,1,"1"
804.58727591621641,40815,547,1,"1"
806.05062726373126,40805,557,1,"1"
810.28979225398905,40800,562,1,"1"
812.67821915492584,40766,596,3,"2-1"
812.80632329257003,40748,614,1,"1"
822.48461620858836,40738,624,1,"1"
826.80876954354812,40732,630,2,"2"
845.23074370135873,40711,651,5,"1-1-1-1-1"
848.05260328502152,40693,669,1,"1"
853.70204497314444,40681,681,2,"2"
871.04582788050743,40675,687,2,"2"
877.57904992720398,40668,694,1,"1"
899.61112028848765,40650,712,1,"1"
903.29517348891659,40643,719,1,"1"
908.05007143379612,40633,729,1,"1"
917.02772431870028,40615,747,1,"1"
917.94920956013823,40597,765,4,"3-1"
928.48636212660267,40591,771,2,"2"
979.14714326580372,40573,789,1,"1"
982.40076586775035,40555,807,1,"1"
987.69151466573248,40519,843,3,"2-1"
996.33479922305673,40514,848,1,"1"
1012.7988410967833,40496,866,1,"1"
1038.9686324561089,40487,875,1,"1"
1064.6638946533633,40469,893,1,"1"
1065.1862132068691,40462,900,1,"1"
1074.5170515893235,40448,914,1,"1"
1076.2941118583108,40422,940,2,"2"
1087.6702504272407,40404,958,1,"1"
1115.7282434599649,40399,963,1,"1"
1129.4890555917777,40389,973,2,"2"
1135.3365839319167,40371,991,1,"1"
1146.4447279297819,40353,1009,1,"1"
1160.5420025213864,40335,1027,1,"1"
1173.6051805899151,40299,1063,2,"2"
1180.9351533223398,40281,1081,1,"1"
1201.325201134134,40263,1099,1,"1"
1206.7045011315186,40245,1117,1,"1"
1222.9441422284478,40230,1132,1,"1"
1223.308837542271,40227,1135,1,"1"
1226.0614152824719,40179,1183,3,"2-1"
1229.1223012652165,40169,1193,2,"1-1"
1230.7489352697967,40143,1219,2,"2"
1264.6433479869379,40035,1327,9,"8-1"
1277.4271791874744,40025,1337,2,"2"
1286.7079024608263,39933,1429,7,"4-1-1-1"
1288.2580947873064,39915,1447,1,"1"
1293.8501764838993,39890,1472,3,"1-1-1"
1298.5569068923016,39872,1490,1,"1"
1303.7541059341704,39854,1508,1,"1"
1347.2453929796307,39836,1526,1,"1"
1383.0751740740707,39818,1544,1,"1"
1389.8791452221703,39786,1576,3,"2-1"
1395.1296139549986,39781,1581,1,"1"
1412.5557427881481,39745,1617,4,"2-1-1"
1422.955994373438,39740,1622,1,"1"
1426.675430700225,39722,1640,1,"1"
1430.6997095996169,39704,1658,1,"1"
1436.0300402204023,39694,1668,1,"1"
1443.0958416687436,39676,1686,1,"1"
1452.6546010363259,39671,1691,1,"1"
1460.3330605824933,39653,1709,1,"1"
1466.731466028026,39635,1727,1,"1"
1468.7096903036802,39628,1734,1,"1"
1476.9008852187424,39610,1752,1,"1"
1477.5213124693089,39592,1770,1,"1"
1484.0788033525375,39585,1777,1,"1"
1489.5262941794504,39567,1795,1,"1"
1496.2595586848631,39558,1804,1,"1"
1500.789783820102,39540,1822,1,"1"
1504.7237844623573,39522,1840,1,"1"
1531.543194665883,39476,1886,4,"3-1"
1535.3062751523046,39458,1904,1,"1"
1535.8022945451739,39399,1963,7,"4-1-1-1"
1567.139670891285,39381,1981,1,"1"
1570.6309132707329,39356,2006,2,"1-1"
1570.9716157491953,39338,2024,1,"1"
1571.8985372629527,39156,2206,12,"6-3-1-1-1"
1577.0777281553369,39149,2213,1,"1"
1584.3012551447666,39135,2227,1,"1"
1585.2789873123354,39037,2325,7,"2-2-1-1-1"
1589.2308608370834,38993,2369,3,"1-1-1"
1590.9861568550382,38986,2376,1,"1"
1593.168036226828,38970,2392,2,"1-1"
1596.1647114830946,38952,2410,1,"1"
1598.2770448801502,38937,2425,1,"1"
1598.2801247097882,38883,2479,3,"3"
1599.7537623068185,38865,2497,1,"1"
1603.337260677521,38773,2589,6,"2-2-1-1"
1611.2270871423805,38755,2607,1,"1"
1615.1742911481824,0,41362,2186,"2186"
----------------------------------------------3
0,41362,0,0,"0"
188.71891167737854,41361,1,1,"1"
195.06573421835577,41343,19,1,"1"
196.56176780691231,41342,20,1,"1"
205.38289680820543,41324,38,1,"1"
212.0025935703957,41323,39,1,"1"
226.37540413896821,41305,57,1,"1"
248.54624736298672,41295,67,1,"1"
293.81039345585128,41277,85,1,"1"
321.49969272566483,41273,89,4,"4"
348.2423932981855,41267,95,2,"2"
356.32855673035755,41256,106,3,"3"
357.4359417417981,41255,107,1,"1"
358.08436449325177,41254,108,1,"1"
363.65538080685121,41236,126,1,"1"
364.79608283385232,41235,127,1,"1"
392.05153009777058,41217,145,1,"1"
396.66080925701203,41216,146,1,"1"
410.4429663640974,41214,148,2,"2"
424.22316379710742,41213,149,1,"1"
429.31987816715161,41195,167,1,"1"
440.84747146421745,41185,177,1,"1"
485.27545128711535,41167,195,1,"1"
491.05356366657981,41166,196,1,"1"
510.69241241529119,41165,197,1,"1"
547.46757149746202,41147,215,1,"1"
550.35900924402165,41144,218,1,"1"
592.33906051200893,41139,223,1,"1"
603.4118423625697,41121,241,1,"1"
605.64531214195711,41103,259,1,"1"
611.80421978033507,41067,295,2,"2"
613.86278989020309,41061,301,2,"1-1"
629.92951753485386,41043,319,1,"1"
650.75257634094453,41031,331,1,"1"
664.63468105897186,41028,334,1,"1"
685.79655395407758,40980,382,3,"2-1"
687.57583453940561,40962,400,1,"1"
690.04081432585599,40950,412,1,"1"
696.89619960385664,40944,418,2,"1-1"
723.93950857148502,40941,421,1,"1"
729.78424536932346,40931,431,1,"1"
737.97948229483598,40928,434,1,"1"
755.68340012561839,40892,470,2,"2"
778.59976148223325,40876,486,1,"1"
793.46992161371543,40858,504,1,"1"
822.59491051895191,40853,509,1,"1"
831.16899388729291,40836,526,3,"2-1"
833.39257650980346,40833,529,1,"1"
835.81339298634111,40830,532,1,"1"
860.39248023062078,40812,550,1,"1"
868.15183614412604,40806,556,2,"2"
869.26187293683006,40795,567,1,"1"
911.51995814523548,40777,585,1,"1"
918.90872034949621,40771,591,2,"2"
931.22448405408954,40753,609,1,"1"
935.05632013631339,40750,612,1,"1"
946.57983651424456,40747,615,1,"1"
962.0381684222491,40737,625,1,"1"
963.65890995557027,40719,643,1,"1"
965.32174511404685,40716,646,1,"1"
977.3027860462746,40698,664,1,"1"
987.63574239365289,40680,682,1,"1"
994.61467871708612,40641,721,7,"6-1"
1064.9038402413855,40623,739,1,"1"
1070.1285409983072,40605,757,1,"1"
1073.5752490088639,40587,775,1,"1"
1075.4005000968043,40569,793,1,"1"
1106.5522768878727,40566,796,1,"1"
1120.8992003218034,40522,840,4,"2-2"
1135.0832499489723,40504,858,1,"1"
1141.3250802714695,40486,876,1,"1"
1161.5127797813916,40468,894,1,"1"
1166.941185532186,40450,912,1,"1"
1199.6919565288442,40432,930,1,"1"
1225.3089636401094,40414,948,1,"1"
1234.8910701627603,40396,966,1,"1"
1249.0894774013975,40391,971,1,"1"
1267.5424225290917,40377,985,2,"2"
1270.4840586349485,40359,1003,1,"1"
1288.7495051950802,40325,1037,4,"2-2"
1291.3916809808431,40322,1040,1,"1"
1311.3810260085424,40304,1058,1,"1"
1311.4431758611602,40301,1061,1,"1"
1324.1607787288183,40283,1079,2,"1-1"
1334.3714119294889,40265,1097,1,"1"
1344.3812105947816,40258,1104,1,"1"
1354.8674323407733,40240,1122,1,"1"
1358.0273204163695,40226,1136,1,"1"
1360.5405083801445,40208,1154,1,"1"
1360.7458405021002,40190,1172,1,"1"
1364.6353207699954,40136,1226,3,"2-1"
1370.2988381665589,40125,1237,1,"1"
1387.3602710861705,40107,1255,1,"1"
1397.3222310119961,40085,1277,2,"2"
1398.0709089798684,40067,1295,1,"1"
1400.1359846921928,40055,1307,2,"2"
1409.2830434278608,40019,1343,2,"2"
1410.1382695936245,40001,1361,1,"1"
1417.0280026444675,39983,1379,1,"1"
1433.8315982750014,39978,1384,1,"1"
1436.0267092713575,39960,1402,1,"1"
1443.819648494577,39924,1438,2,"1-1"
1448.4291357755278,39888,1474,2,"2"
1454.3748024963581,39872,1490,1,"1"
1479.3473065159735,39861,1501,1,"1"
1485.9902125478936,39783,1579,8,"4-2-2"
1534.8780608069519,39773,1589,1,"1"
1551.3302806607032,39755,1607,1,"1"
1556.6772685447115,39737,1625,1,"1"
1596.403503772179,39719,1643,1,"1"
1604.4198293423469,39701,1661,1,"1"
1638.6000180520557,39690,1672,1,"1"
1645.6092608014071,39672,1690,1,"1"
1653.6694825178586,39640,1722,2,"2"
1657.331808855605,39635,1727,1,"1"
1660.4120840281312,39617,1745,1,"1"
1665.5651124957615,39604,1758,1,"1"
1669.5319970087498,39586,1776,1,"1"
1669.543665022295,39566,1796,2,"2"
1672.9311342553647,39554,1808,1,"1"
1693.6508153931311,39540,1822,1,"1"
1694.2327773706024,39392,1970,12,"4-2-2-1-1-1-1"
1698.030529571721,39338,2024,3,"2-1"
1703.6559479134037,0,41362,2235,"2235"
----------------------------------------------4
0,41362,0,0,"0"
137.06780241669995,41361,1,1,"1"
147.6375120034788,41360,2,1,"1"
167.74401108660186,41357,5,1,"1"
176.63614442396536,41356,6,1,"1"
211.84774739940437,41338,24,1,"1"
246.36520514143291,41320,42,1,"1"
255.30878364813353,41319,43,1,"1"
259.73623023176026,41309,53,1,"1"
292.6293845040621,41308,54,1,"1"
293.73308669223974,41297,65,1,"1"
333.98096711480326,41296,66,1,"1"
343.5909066753012,41295,67,1,"1"
350.8673603285078,41277,85,1,"1"
352.15260905815086,41276,86,1,"1"
355.94498027810471,41273,89,3,"3"
379.74730755957228,41272,90,1,"1"
386.16620578312126,41254,108,1,"1"
424.2013998790826,41244,118,1,"1"
457.91677831828599,41242,120,2,"2"
463.05294257660097,41241,121,1,"1"
466.85412837747134,41225,137,1,"1"
493.90249421224627,41220,142,1,"1"
495.86191562297495,41202,160,1,"1"
512.05753772512844,41184,178,1,"1"
516.44249988470779,41174,188,1,"1"
517.76270067757093,41173,189,1,"1"
523.91245122245766,41163,199,4,"3-1"
526.41662585281824,41160,202,1,"1"
540.75243262816173,41142,220,1,"1"
545.70304919031798,41139,223,1,"1"
600.31115708250888,41129,233,1,"1"
602.05948688630008,41111,251,1,"1"
615.74559396844552,41099,263,2,"1-1"
633.86583052276058,41081,281,1,"1"
634.07509869209264,41065,297,1,"1"
644.07979094403481,41055,307,1,"1"
667.6931339271581,41037,325,1,"1"
682.62322516621953,41019,343,1,"1"
715.3118451678572,40983,379,2,"2"
720.23425499560778,40965,397,1,"1"
728.84336479757303,40960,402,1,"1"
733.62856705905392,40948,414,1,"1"
776.22005914231966,40930,432,1,"1"
784.99055875891645,40927,435,1,"1"
813.49004051192401,40891,471,2,"2"
823.99071521444159,40883,479,2,"1-1"
829.3470574002157,40880,482,1,"1"
837.84090177722669,40865,497,3,"2-1"
841.90727483587875,40860,502,1,"1"
844.87231295772995,40857,505,1,"1"
873.62059958776922,40851,511,2,"2"
874.86795498480376,40833,529,1,"1"
877.92554476584735,40830,532,1,"1"
887.03939026906198,40823,539,1,"1"
893.23370533078321,40814,548,3,"2-1"
896.17741830247826,40796,566,1,"1"
915.2261529589083,40784,578,1,"1"
925.9725352328602,40772,590,1,"1"
926.75087473832036,40769,593,1,"1"
948.14728234548454,40751,611,1,"1"
950.51608537687832,40733,629,1,"1"
966.93902740191083,40715,647,1,"1"
974.07554552068552,40697,665,1,"1"
997.77673118282439,40679,683,1,"1"
1000.1882137324889,40661,701,1,"1"
1004.9941613567401,40658,704,1,"1"
1006.1301248774598,40640,722,1,"1"
1021.8942130365898,40622,740,1,"1"
1025.2773839045724,40598,764,2,"2"
1040.5223801206289,40591,771,1,"1"
1047.1359328668293,40581,781,2,"2"
1050.8753881774016,40563,799,1,"1"
1054.2522051177757,40550,812,1,"1"
1063.9787715290179,40544,818,2,"1-1"
1093.1591550609901,40534,828,1,"1"
1100.044847100877,40516,846,1,"1"
1100.5779844447691,40507,855,1,"1"
1105.2545299630463,40496,866,1,"1"
1121.769926034531,40478,884,1,"1"
1127.3076935416198,40460,902,1,"1"
1130.5698175748378,40442,920,1,"1"
1136.097122013427,40424,938,1,"1"
1161.266981731525,40406,956,1,"1"
1168.4108906995305,40388,974,1,"1"
1169.7459804267255,40352,1010,2,"2"
1176.7601213768496,40334,1028,1,"1"
1203.7359735312873,40316,1046,1,"1"
1208.2662381712928,40298,1064,1,"1"
1210.8922327269113,40280,1082,1,"1"
1214.8038425142261,40252,1110,6,"5-1"
1246.6845670670693,40240,1122,2,"2"
1249.1764296942281,40222,1140,1,"1"
1258.0387570112755,40212,1150,1,"1"
1275.408061014045,40124,1238,7,"3-2-2"
1276.8159863794015,40088,1274,2,"1-1"
1281.2027981382562,40070,1292,1,"1"
1288.091968949627,40052,1310,1,"1"
1294.9025893707394,40034,1328,1,"1"
1300.6683559254063,40016,1346,1,"1"
1302.9569567863971,40004,1358,2,"1-1"
1321.0712794028796,39986,1376,1,"1"
1354.6751502550767,39946,1416,4,"3-1"
1361.0454175777973,39928,1434,1,"1"
1368.5532658049228,39892,1470,2,"2"
1378.3043032583307,39874,1488,1,"1"
1389.6310919075338,39838,1524,2,"2"
1398.1672397017037,39825,1537,1,"1"
1400.5629312187018,39789,1573,2,"2"
1401.2114382437587,39771,1591,1,"1"
1408.4385376662224,39766,1596,1,"1"
1418.7096128892488,39748,1614,1,"1"
1430.5054961332316,39710,1652,3,"2-1"
1453.5344582234072,39692,1670,1,"1"
1458.86964031042,39628,1734,8,"4-2-1-1"
1460.110423838765,39623,1739,1,"1"
1468.3501970133166,39531,1831,10,"5-3-1-1"
1473.3409726608963,39513,1849,1,"1"
1486.222925310152,39501,1861,1,"1"
1486.7302050930518,39483,1879,1,"1"
1489.1277398534214,39447,1915,2,"2"
1492.0689039269123,39437,1925,1,"1"
1495.3573563444586,39419,1943,1,"1"
1502.2187812713928,39401,1961,1,"1"
1506.4825259022064,39383,1979,1,"1"
1522.6142709148894,39365,1997,1,"1"
1523.4107565380164,39339,2023,2,"1-1"
1555.9873631225544,39321,2041,1,"1"
1567.9256374682436,39303,2059,1,"1"
1572.2512628629745,39249,2113,3,"2-1"
1572.2738879786948,39141,2221,9,"5-2-2"
1573.8084451478171,39113,2249,2,"2"
1587.514050349585,39104,2258,1,"1"
1588.32376570215,39091,2271,1,"1"
1594.9655078434591,39073,2289,1,"1"
1595.1101069377728,39059,2303,1,"1"
1597.823907861924,39041,2321,1,"1"
1599.0474166610843,39025,2337,1,"1"
1599.365837875926,38976,2386,5,"3-1-1"
1604.4302365769249,38794,2568,14,"6-4-2-1-1"
1607.5886752098029,38776,2586,1,"1"
1616.1078111499696,38740,2622,2,"1-1"
1620.9296564744066,38722,2640,1,"1"
1626.5354741038454,38704,2658,1,"1"
1628.9297681135909,38686,2676,1,"1"
1640.134546184179,38668,2694,1,"1"
1651.2695026871581,38650,2712,1,"1"
1656.4008404739816,38632,2730,1,"1"
1666.9747741285216,38614,2748,1,"1"
1672.0934163054608,38560,2802,3,"2-1"
1685.3981684931109,38500,2862,4,"4"
1688.1448478257469,0,41362,2174,"2174"
----------------------------------------------5
0,41362,0,0,"0"
122.21256422028468,41361,1,1,"1"
190.60370882190989,41359,3,2,"2"
191.02735205487991,41349,13,1,"1"
199.21126900435149,41348,14,1,"1"
211.47217410117227,41338,24,1,"1"
215.05256863832429,41320,42,1,"1"
250.33825079498925,41317,45,1,"1"
271.17777456542535,41299,63,1,"1"
301.23890523006799,41281,81,1,"1"
345.15315653041324,41278,84,3,"2-1"
347.97634930631074,41260,102,1,"1"
364.88140655145781,41258,104,2,"1-1"
365.12728942427327,41257,105,1,"1"
405.80075080375332,41254,108,1,"1"
416.4727164322569,41234,128,2,"2"
416.5718602386508,41231,131,1,"1"
424.93895830285135,41230,132,1,"1"
452.45767464046133,41226,136,4,"4"
467.46772446229011,41208,154,1,"1"
469.41722158982617,41207,155,1,"1"
494.16329383819709,41197,165,1,"1"
506.16686912140705,41192,170,1,"1"
529.30810444487486,41174,188,1,"1"
530.88634199119235,41173,189,1,"1"
544.25794368673712,41167,195,2,"2"
545.36433994779316,41164,198,1,"1"
590.08003795357513,41146,216,1,"1"
594.70076607120006,41128,234,1,"1"
596.72217059703507,41116,246,1,"1"
623.89446925538869,41098,264,1,"1"
641.88269784836132,41095,267,1,"1"
665.65332146552328,41092,270,1,"1"
670.08641640917938,41074,288,1,"1"
674.59911766056518,41056,306,1,"1"
684.1097826779162,41053,309,1,"1"
701.54001745265191,41042,320,1,"1"
706.77909342008604,41024,338,1,"1"
716.55372021485778,41015,347,3,"2-1"
719.36025386333381,41009,353,2,"2"
742.68663696551948,40991,371,1,"1"
747.08274088503299,40973,389,1,"1"
757.4785738224399,40968,394,1,"1"
798.32953172947225,40950,412,1,"1"
812.6543027483026,40947,415,1,"1"
849.96777640237917,40921,441,2,"1-1"
856.28664540218062,40918,444,1,"1"
869.6489428547319,40913,449,1,"1"
882.14084142936269,40910,452,1,"1"
886.08410624211842,40892,470,1,"1"
894.26771904744976,40874,488,1,"1"
894.73901870245504,40856,506,1,"1"
906.15669931159346,40851,511,1,"1"
914.8632988682225,40833,529,1,"1"
940.0297542684217,40822,540,3,"2-1"
965.2828699943127,40802,560,2,"2"
969.35532689524132,40799,563,1,"1"
990.73017752546946,40796,566,1,"1"
1000.549337813722,40778,584,1,"1"
1001.2819210077665,40773,589,1,"1"
1002.839684971677,40747,615,2,"1-1"
1009.899127592079,40731,631,1,"1"
1011.2370594014822,40724,638,1,"1"
1025.6274807492114,40714,648,1,"1"
1026.4934191754792,40711,651,1,"1"
1040.9310776794591,40697,665,2,"2"
1052.2644200798227,40679,683,2,"2"
1053.1279262462858,40665,697,2,"2"
1054.8329860837916,40653,709,1,"1"
1063.2992625919212,40648,714,1,"1"
1066.9879093524521,40630,732,1,"1"
1082.0247037264435,40612,750,1,"1"
1084.4658897269146,40600,762,1,"1"
1103.3309946833929,40589,773,1,"1"
1104.6879253915656,40575,787,1,"1"
1110.0317803845153,40539,823,2,"2"
1120.7583841116495,40521,841,1,"1"
1123.938266620584,40503,859,1,"1"
1125.9830098774769,40493,869,1,"1"
1131.7493504665288,40457,905,2,"2"
1140.6000379276084,40446,916,1,"1"
1159.4067420933529,40435,927,1,"1"
1159.9324415537931,40417,945,1,"1"
1168.0608297195586,40381,981,2,"1-1"
1168.1914722468809,40361,1001,2,"2"
1169.6179946615996,40343,1019,1,"1"
1190.6445066493282,40333,1029,1,"1"
1202.9713703777606,40315,1047,1,"1"
1210.0462736893537,40297,1065,1,"1"
1213.3723660877829,40275,1087,4,"1-1-1-1"
1219.1882404878627,40263,1099,1,"1"
1231.425434770365,40245,1117,1,"1"
1250.4524050933937,40233,1129,1,"1"
1264.2990090107337,40177,1185,4,"2-1-1"
1285.3036265810381,40172,1190,1,"1"
1294.720508420502,40163,1199,1,"1"
1298.0878575649538,40148,1214,1,"1"
1301.4213126347736,40139,1223,1,"1"
1308.5347713539411,40121,1241,1,"1"
1309.0997811936447,40103,1259,1,"1"
1312.1837653952146,40085,1277,1,"1"
1313.979467002956,40067,1295,1,"1"
1317.5539906307554,40049,1313,1,"1"
1341.3182921099863,40037,1325,2,"2"
1347.052016247384,40019,1343,1,"1"
1355.7453181108062,40001,1361,1,"1"
1373.4113316624789,39983,1379,1,"1"
1380.7095245241287,39965,1397,1,"1"
1395.1802208527101,39947,1415,1,"1"
1407.100242932336,39925,1437,2,"1-1"
1407.1454364870906,39916,1446,1,"1"
1407.4254346177354,39898,1464,1,"1"
1418.5827205798716,39836,1526,5,"2-2-1"
1432.6714335920374,39818,1544,1,"1"
1442.8560142928934,39800,1562,1,"1"
1447.3018935402797,39795,1567,1,"1"
1448.8306505124062,39777,1585,1,"1"
1454.8956508034905,39759,1603,1,"1"
1458.7702981227692,39741,1621,1,"1"
1463.5463557831104,39723,1639,1,"1"
1467.8342282663875,39682,1680,5,"3-2"
1472.6950389781991,39672,1690,1,"1"
1473.3016036330123,39660,1702,1,"1"
1478.5885968728164,39642,1720,1,"1"
1486.4660487999017,39628,1734,1,"1"
1487.6182065163709,39574,1788,6,"2-2-2"
1506.2051918495251,39556,1806,1,"1"
1512.5231229481587,39538,1824,1,"1"
1528.1547658036745,39529,1833,1,"1"
1532.0424658098839,39507,1855,2,"1-1"
1538.3944551080317,39389,1973,8,"5-1-1-1"
1553.9469761671003,39371,1991,1,"1"
1565.0544031823742,39366,1996,1,"1"
1571.770104365909,39321,2041,7,"6-1"
1574.2223593932104,39284,2078,3,"3"
1582.2328648998093,39254,2108,2,"1-1"
1588.3538300337229,39236,2126,1,"1"
1602.4464036107202,39218,2144,1,"1"
1618.0585048875421,39200,2162,1,"1"
1618.4138330062717,39182,2180,1,"1"
1619.7600798056542,39175,2187,1,"1"
1631.2741703791728,39139,2223,2,"2"
1632.2745947454573,0,41362,2213,"2213"
----------------------------------------------6
0,41362,0,0,"0"
104.01264681768301,41361,1,1,"1"
142.39025605845242,41343,19,1,"1"
201.46964003073836,41341,21,2,"2"
223.78179913748039,41331,31,1,"1"
242.37307014646518,41319,43,1,"1"
245.27144487581543,41301,61,1,"1"
271.59569526000291,41300,62,1,"1"
294.58166418008847,41297,65,3,"3"
308.22639539358062,41287,75,1,"1"
308.22902467241505,41286,76,1,"1"
310.15886460423081,41276,86,1,"1"
314.40891427919962,41270,92,2,"2"
372.64382222349207,41252,110,1,"1"
376.86736936141932,41246,116,2,"2"
379.33177541255924,41245,117,1,"1"
384.54629132579612,41242,120,1,"1"
389.0442228885658,41239,123,1,"1"
407.04157717775604,41234,128,1,"1"
408.78035641287096,41216,146,1,"1"
413.66443177364238,41214,148,2,"2"
426.21249986897925,41213,149,1,"1"
443.55843120314432,41210,152,1,"1"
449.12489521317866,41192,170,1,"1"
454.2463854486021,41174,188,1,"1"
455.34307552137216,41171,191,1,"1"
456.24693201579998,41170,192,1,"1"
457.58028853907928,41152,210,1,"1"
480.1640257960762,41151,211,1,"1"
480.37125421228825,41150,212,1,"1"
501.46359472461745,41132,230,1,"1"
570.39653929987924,41114,248,1,"1"
614.50277619588815,41098,264,1,"1"
653.94223499578902,41080,282,1,"1"
662.81011659530361,41066,296,1,"1"
678.50542006938247,41057,305,3,"3"
700.16461604417145,41037,325,2,"2"
704.32752115101289,41019,343,1,"1"
718.85882076042981,41009,353,1,"1"
730.80558042992391,40994,368,5,"2-2-1"
758.02203302226974,40985,377,1,"1"
777.98027522248185,40967,395,1,"1"
784.01079994221686,40964,398,1,"1"
796.00446457626947,40955,407,1,"1"
805.46262685141812,40937,425,1,"1"
814.41364309942753,40919,443,1,"1"
818.1444741137127,40905,457,4,"3-1"
819.23350245266897,40895,467,1,"1"
849.24966586286791,40877,485,1,"1"
857.85281531229316,40859,503,1,"1"
860.04248725151547,40854,508,1,"1"
874.89344264130705,40848,514,2,"1-1"
882.51428008551375,40845,517,1,"1"
927.06099282059415,40827,535,1,"1"
931.93653572088681,40808,554,3,"2-1"
943.82571782666082,40805,557,1,"1"
944.19248213964522,40787,575,1,"1"
956.12172305270144,40777,585,1,"1"
961.16315277771184,40759,603,1,"1"
975.19367881770324,40739,623,2,"2"
978.09660447909152,40721,641,1,"1"
988.95506088773277,40703,659,1,"1"
989.35401546147409,40685,677,1,"1"
1010.706056534283,40670,692,1,"1"
1011.2226559639721,40652,710,1,"1"
1012.1090654603825,40634,728,1,"1"
1026.7294199370724,40616,746,1,"1"
1035.8196026635039,40604,758,1,"1"
1036.4853882223017,40599,763,1,"1"
1048.140475640346,40596,766,1,"1"
1059.1358204541127,40587,775,1,"1"
1065.5234724875106,40565,797,2,"2"
1102.707307537401,40529,833,2,"1-1"
1110.6950150104751,40514,848,1,"1"
1139.66705496797,40496,866,1,"1"
1153.1585374191811,40462,900,3,"2-1"
1173.7519668839711,40414,948,5,"3-1-1"
1181.4128292743399,40396,966,1,"1"
1183.3928135727247,40381,981,3,"2-1"
1183.5154758879064,40363,999,1,"1"
1209.7142119039279,40350,1012,1,"1"
1213.8545249173767,40343,1019,1,"1"
1215.3261263838426,40325,1037,1,"1"
1220.9654312579069,40307,1055,1,"1"
1222.074815990946,40289,1073,1,"1"
1225.0035505662584,40271,1091,1,"1"
1254.8179524656591,40235,1127,2,"1-1"
1256.8257683646505,40217,1145,1,"1"
1264.9485254453018,40199,1163,1,"1"
1310.3828093289435,40181,1181,1,"1"
1323.0056015814114,40115,1247,5,"3-2"
1325.4975328097123,40097,1265,1,"1"
1326.9604985352532,40087,1275,2,"2"
1350.360906054917,40021,1341,5,"3-1-1"
1353.1857004595679,40004,1358,3,"1-1-1"
1355.0224785530872,39994,1368,1,"1"
1359.4730556196118,39976,1386,1,"1"
1363.0988760904181,39958,1404,1,"1"
1363.7658108574324,39940,1422,1,"1"
1364.043228053597,39922,1440,1,"1"
1367.3722132298624,39913,1449,1,"1"
1370.1316181594561,39895,1467,1,"1"
1381.1264640697846,39877,1485,1,"1"
1392.6382096722136,39859,1503,1,"1"
1399.9248581612574,39841,1521,1,"1"
1400.2996505912276,39823,1539,1,"1"
1411.4114245671403,39811,1551,1,"1"
1418.51628248457,39793,1569,1,"1"
1433.7017174475513,39775,1587,1,"1"
1466.6979631783547,39732,1630,5,"3-1-1"
1477.7352340873067,39714,1648,1,"1"
1480.562235016451,39626,1736,7,"3-2-2"
1485.0159595224604,39608,1754,1,"1"
1487.8773363507717,39554,1808,6,"5-1"
1488.6966794117154,39536,1826,1,"1"
1497.2768201825636,39518,1844,1,"1"
1499.9048181345913,39500,1862,1,"1"
1512.0070924608592,39476,1886,2,"2"
1514.8785798967285,39458,1904,1,"1"
1535.4737844294837,39440,1922,1,"1"
1542.3576624489358,39422,1940,1,"1"
1549.1457261183316,39388,1974,3,"3"
1565.3441774839425,39370,1992,1,"1"
1566.7194068162282,39336,2026,4,"3-1"
1567.7497911315434,39331,2031,1,"1"
1570.6770337678799,39313,2049,1,"1"
1575.6749763034952,39304,2058,1,"1"
1583.6214932771366,39288,2074,1,"1"
1585.3000254610772,39281,2081,1,"1"
1589.9449061561186,39245,2117,2,"1-1"
1612.1093650821426,39227,2135,1,"1"
1614.2461313790852,39209,2153,1,"1"
1622.5394959377368,39155,2207,4,"2-1-1"
1632.8181220991976,39137,2225,1,"1"
1639.0723735588881,39101,2261,2,"1-1"
1639.1771523311097,39058,2304,5,"4-1"
1651.1968386688591,39032,2330,2,"2"
1654.8722595788333,39014,2348,1,"1"
1673.9447733802845,39003,2359,1,"1"
1678.2889408923984,38985,2377,1,"1"
1684.0838655677424,38978,2384,1,"1"
1684.4112878775443,38960,2402,1,"1"
1695.2843926452365,38934,2428,4,"4"
1703.9703173420896,38916,2446,1,"1"
1707.4461649325558,38898,2464,1,"1"
1713.1853588273896,38790,2572,7,"4-2-1"
1727.8881515543351,0,41362,2190,"2190"
----------------------------------------------7
0,41362,0,0,"0"
46.087255394145082,41349,13,1,"1"
77.794006860249709,41348,14,1,"1"
106.16073221703809,41347,15,1,"1"
137.27719845103749,41329,33,1,"1"
158.22090719319766,41319,43,1,"1"
176.03533444659803,41301,61,1,"1"
205.01580451560199,41300,62,1,"1"
220.4185382723478,41299,63,1,"1"
220.74877519335885,41298,64,1,"1"
259.01242986179449,41297,65,1,"1"
274.57820428683397,41287,75,1,"1"
315.45345816683528,41286,76,1,"1"
325.2808354125321,41285,77,1,"1"
325.70900279029416,41284,78,1,"1"
370.68997036395956,41266,96,1,"1"
371.4079209843984,41248,114,1,"1"
376.63304623339366,41230,132,1,"1"
410.35117368909084,41229,133,1,"1"
416.92308011528297,41228,134,1,"1"
442.02875038995631,41211,151,5,"5"
443.21404004395941,41206,156,1,"1"
454.06954146281606,41191,171,1,"1"
469.60072071190291,41188,174,3,"3"
470.6291284133514,41183,179,1,"1"
477.79322886558498,41165,197,1,"1"
499.8526743903858,41147,215,1,"1"
501.275323021303,41129,233,1,"1"
503.9422789040251,41126,236,1,"1"
508.51436202316859,41108,254,1,"1"
522.32322893301034,41090,272,1,"1"
534.65315431413853,41072,290,1,"1"
543.65281508202611,41056,306,1,"1"
559.32452031539538,41045,317,1,"1"
575.28368466620702,41033,329,1,"1"
587.10904125683874,41015,347,1,"1"
590.22817615756617,40997,365,1,"1"
603.6682539028784,40975,387,2,"1-1"
626.12238623128133,40965,397,1,"1"
626.35012858210143,40955,407,2,"2"
630.10383384755346,40937,425,1,"1"
644.01619992168276,40936,426,1,"1"
656.37377604946664,40918,444,1,"1"
660.82773019749209,40900,462,1,"1"
671.14793245450994,40893,469,1,"1"
683.26575240069326,40883,479,2,"1-1"
697.08420871150634,40877,485,2,"1-1"
701.37884468880952,40859,503,1,"1"
708.7235920747994,40856,506,1,"1"
713.19287020628769,40853,509,1,"1"
723.22843202464128,40844,518,3,"3"
726.07864169225729,40826,536,1,"1"
734.82438010349858,40808,554,1,"1"
737.91277379795372,40790,572,1,"1"
738.87122436665049,40781,581,3,"2-1"
741.4556158455681,40775,587,2,"2"
753.05682612262808,40770,592,1,"1"
771.60898209542006,40752,610,1,"1"
793.81718759820103,40734,628,1,"1"
823.68112005194075,40727,635,1,"1"
833.08262660808123,40716,646,1,"1"
841.03507750122287,40698,664,1,"1"
851.07461708558083,40692,670,2,"2"
853.15219333323626,40674,688,1,"1"
859.20766564210612,40664,698,1,"1"
869.49143725425631,40646,716,1,"1"
902.88432266259997,40643,719,1,"1"
903.33641829614305,40631,731,1,"1"
926.14554088991281,40624,738,1,"1"
927.06444318493061,40606,756,1,"1"
934.61483202357726,40603,759,1,"1"
1001.4113430993436,40579,783,2,"2"
1019.3300622043039,40561,801,1,"1"
1043.2231892935715,40553,809,2,"1-1"
1048.9558001802236,40550,812,1,"1"
1059.5913734439089,40532,830,1,"1"
1068.7809223587969,40526,836,2,"2"
1079.5972292440506,40508,854,1,"1"
1083.9425319260895,40490,872,1,"1"
1092.3773735612979,40479,883,1,"1"
1097.4287153348489,40453,909,2,"1-1"
1112.8572662229435,40441,921,1,"1"
1113.636227259972,40429,933,1,"1"
1130.7828938675498,40419,943,1,"1"
1143.8475783460917,40412,950,1,"1"
1147.0918040232345,40394,968,1,"1"
1167.0396600420595,40389,973,1,"1"
1168.8430323307618,40377,985,1,"1"
1174.5098210574861,40309,1053,4,"1-1-1-1"
1180.6510085803945,40306,1056,1,"1"
1182.8594372855946,40270,1092,2,"1-1"
1191.2471560014831,40252,1110,1,"1"
1200.9257520696726,40234,1128,1,"1"
1203.5976634252108,40220,1142,2,"2"
1204.737701865696,40212,1150,2,"1-1"
1205.1911547334362,40192,1170,2,"2"
1207.1216459157117,40174,1188,1,"1"
1237.8865567639157,40169,1193,1,"1"
1245.2250351213281,40108,1254,7,"3-2-1-1"
1257.9474558566294,40090,1272,1,"1"
1271.1964238019177,40072,1290,1,"1"
1284.6248582306775,40054,1308,1,"1"
1289.1981909814938,40025,1337,3,"2-1"
1290.8998252005797,40007,1355,1,"1"
1302.1880452111927,39995,1367,1,"1"
1303.4774954127338,39990,1372,1,"1"
1317.151485319697,39972,1390,1,"1"
1334.2122945487001,39954,1408,1,"1"
1334.8660208738884,39918,1444,2,"2"
1344.7057827023768,39900,1462,1,"1"
1351.3314617257088,39882,1480,1,"1"
1351.9775386685644,39864,1498,1,"1"
1353.9937789160617,39846,1516,1,"1"
1358.6867378393883,39828,1534,1,"1"
1372.4687292231063,39821,1541,1,"1"
1381.1206778271412,39811,1551,2,"2"
1393.7359215211454,39797,1565,2,"1-1"
1396.0254305230626,39743,1619,3,"3"
1409.4623069294964,39725,1637,1,"1"
1411.9566371647086,39689,1673,2,"2"
1414.7800542840209,39671,1691,1,"1"
1422.8464989619613,39653,1709,1,"1"
1427.1154201649249,39617,1745,2,"2"
1437.5166514798896,39599,1763,1,"1"
1446.0581926933883,39581,1781,1,"1"
1451.7436353727639,39563,1799,1,"1"
1462.5780408755841,39527,1835,2,"1-1"
1469.2319346593692,39505,1857,2,"1-1"
1476.3262672719713,39469,1893,2,"1-1"
1479.123808576177,39451,1911,1,"1"
1501.6730339213034,39415,1947,2,"1-1"
1515.5214632515692,39397,1965,1,"1"
1516.302859560029,39392,1970,1,"1"
1519.6565097782563,39372,1990,2,"1-1"
1521.8256737009067,39320,2042,4,"2-2"
1528.6963773450755,39302,2060,1,"1"
1546.282476411463,39284,2078,1,"1"
1548.4042179730559,39275,2087,1,"1"
1559.7266777218576,39241,2121,4,"3-1"
1605.3713716481309,39205,2157,2,"2"
1618.077514665348,39189,2173,1,"1"
1619.5277533543674,39171,2191,1,"1"
1626.6133726707258,39153,2209,1,"1"
1632.5090308827575,39116,2246,3,"2-1"
1642.895974446584,39098,2264,1,"1"
1653.6145422029465,39080,2282,1,"1"
1655.1680175689121,38938,2424,11,"5-2-2-1-1"
1662.0457404109386,38931,2431,1,"1"
1669.8393353992533,38920,2442,1,"1"
1700.4512577196338,38902,2460,1,"1"
1705.6606955979084,38848,2514,3,"3"
1718.4795907897874,38817,2545,3,"2-1"
1718.6923735028195,38781,2581,2,"2"
1721.350285737828,38763,2599,1,"1"
1721.6964072381552,38745,2617,1,"1"
1728.7639625634904,38727,2635,1,"1"
1739.5325479873884,38722,2640,1,"1"
1745.6389265083824,38612,2750,12,"6-3-1-1-1"
1748.9976040122426,38595,2767,1,"1"
1753.6564958887072,38577,2785,1,"1"
1759.5353574086389,38566,2796,1,"1"
1780.8475648613191,38528,2834,3,"2-1"
1781.9274554416959,38510,2852,1,"1"
1818.8786561893048,38394,2968,7,"2-2-2-1"
1824.8652319636569,38376,2986,1,"1"
1835.8199847564451,38363,2999,1,"1"
1856.7830986622337,0,41362,2162,"2162"
----------------------------------------------8
0,41362,0,0,"0"
96.089393028132861,41344,18,1,"1"
129.35736686114024,41326,36,1,"1"
143.0052743134809,41321,41,1,"1"
143.66839687907972,41320,42,1,"1"
158.18476499700807,41319,43,1,"1"
173.55027628498542,41317,45,2,"2"
181.96027536484462,41316,46,1,"1"
187.84558261548366,41306,56,1,"1"
203.16656965081845,41296,66,1,"1"
216.82919010816894,41295,67,1,"1"
226.26760961909525,41277,85,1,"1"
241.57622083413585,41276,86,1,"1"
254.24476974224419,41275,87,1,"1"
280.42272963619115,41274,88,1,"1"
314.05610933862067,41273,89,1,"1"
329.32799307058565,41270,92,1,"1"
334.17293457078824,41269,93,1,"1"
335.82605121361667,41268,94,1,"1"
340.43674266685002,41267,95,1,"1"
347.92794338502824,41266,96,1,"1"
363.5186094345305,41263,99,1,"1"
374.23730418105316,41257,105,2,"2"
417.40824164353393,41256,106,1,"1"
420.24584022535845,41254,108,2,"1-1"
425.13858066303197,41228,134,2,"2"
440.58938822766396,41210,152,1,"1"
446.36588175048416,41201,161,3,"3"
452.55751855151357,41195,167,2,"2"
497.28112168844564,41177,185,1,"1"
536.29795705869185,41167,195,1,"1"
550.86062077591293,41149,213,1,"1"
552.22307523931943,41131,231,1,"1"
578.39171146480635,41113,249,1,"1"
579.02619944183652,41095,267,1,"1"
586.34974863943933,41077,285,1,"1"
617.54617784103993,41059,303,1,"1"
632.02761957435212,41045,317,1,"1"
651.83870128958006,41027,335,1,"1"
654.01049598310465,41009,353,1,"1"
671.59262367332133,41001,361,2,"1-1"
693.73285184888164,40983,379,1,"1"
706.00647713048454,40975,387,2,"1-1"
706.90920330410268,40955,407,2,"1-1"
720.09836080211824,40937,425,1,"1"
723.75950325749852,40919,443,1,"1"
734.79778526171026,40901,461,1,"1"
741.64327473557648,40883,479,1,"1"
774.03134441657107,40880,482,1,"1"
774.73393706021443,40875,487,1,"1"
775.77571123137091,40872,490,1,"1"
778.12346451011342,40854,508,1,"1"
790.56446843470019,40844,518,1,"1"
793.07683538028346,40841,521,1,"1"
794.41649354807635,40823,539,1,"1"
821.93891124865445,40805,557,1,"1"
822.01055475796829,40795,567,2,"2"
827.12309147305928,40777,585,1,"1"
857.87194721228718,40759,603,1,"1"
861.88331351645638,40741,621,1,"1"
868.72580518769462,40723,639,1,"1"
885.36879465120285,40718,644,1,"1"
886.58969133771598,40715,647,1,"1"
900.2850750177937,40710,652,1,"1"
903.24228396562148,40695,667,1,"1"
930.72787601244545,40692,670,1,"1"
931.16281145652954,40674,688,1,"1"
937.57908320838078,40671,691,1,"1"
942.60554190642301,40653,709,1,"1"
944.41503314993167,40635,727,1,"1"
957.81485273984742,40617,745,1,"1"
978.64404919956826,40595,767,2,"1-1"
990.25081327227315,40588,774,1,"1"
994.66304090318511,40570,792,1,"1"
997.61582110523693,40552,810,1,"1"
1016.088724029581,40542,820,1,"1"
1039.9146810236159,40530,832,2,"2"
1041.8096080323767,40490,872,6,"6"
1080.3612655454708,40472,890,1,"1"
1101.1562966653344,40454,908,1,"1"
1105.2624957450246,40447,915,1,"1"
1110.5894903557555,40440,922,1,"1"
1123.155824032269,40422,940,1,"1"
1142.2499410690823,40344,1018,5,"2-1-1-1"
1174.697296955359,40326,1036,1,"1"
1182.8879069198806,40308,1054,1,"1"
1196.4964891177267,40296,1066,2,"2"
1199.0214154590915,40278,1084,1,"1"
1201.5147616493018,40260,1102,1,"1"
1210.8714435202869,40212,1150,4,"2-2"
1215.5518369862443,40209,1153,1,"1"
1240.0406215203377,40206,1156,1,"1"
1245.6345356715226,40201,1161,1,"1"
1248.6174083956437,40183,1179,1,"1"
1292.5577597933109,40178,1184,1,"1"
1310.7281868954144,40161,1201,3,"3"
1318.3205359258457,40143,1219,1,"1"
1321.3960057602576,40119,1243,2,"2"
1322.7491424095463,40083,1279,2,"1-1"
1338.8951903763104,40065,1297,1,"1"
1347.854225772707,40027,1335,3,"2-1"
1366.7773807410429,40009,1353,1,"1"
1388.1038281225829,39973,1389,2,"1-1"
1395.5310746269597,39955,1407,1,"1"
1417.7990917007853,39945,1417,1,"1"
1418.3095374599336,39927,1435,1,"1"
1426.4008269406825,39869,1493,6,"3-3"
1434.1884733193315,39819,1543,4,"1-1-1-1"
1434.8651320862664,39801,1561,1,"1"
1444.1167996708061,39783,1579,1,"1"
1456.087399300156,39765,1597,1,"1"
1462.1631597993103,39747,1615,1,"1"
1470.9116603243012,39729,1633,1,"1"
1479.737415251393,39693,1669,3,"2-1"
1492.9558738395649,39675,1687,1,"1"
1498.839630908863,39657,1705,2,"2"
1501.6239133736092,39650,1712,1,"1"
1524.551229140839,39632,1730,1,"1"
1529.7102152359507,39614,1748,1,"1"
1568.2311956814383,39587,1775,3,"2-1"
1588.0399958052628,39569,1793,1,"1"
1596.0414356839485,39551,1811,1,"1"
1613.8911508261115,39533,1829,1,"1"
1620.8528188264024,39478,1884,7,"6-1"
1624.195296684363,39460,1902,1,"1"
1638.9761456825302,39448,1914,1,"1"
1643.7864171151105,39412,1950,2,"2"
1646.2825998451979,39394,1968,1,"1"
1649.0917952034913,39376,1986,1,"1"
1652.2763877230341,39358,2004,1,"1"
1655.6428913368113,39340,2022,1,"1"
1663.1246929599761,39322,2040,1,"1"
1670.5577641157188,39112,2250,14,"5-4-3-1-1"
1675.0094873784685,39094,2268,1,"1"
1677.347028160937,0,41362,2218,"2218"
----------------------------------------------9
0,41362,0,0,"0"
47.327256170706413,41361,1,1,"1"
147.09114359609941,41359,3,2,"2"
148.48535732274368,41356,6,1,"1"
167.28594539341557,41338,24,1,"1"
215.5100279558653,41337,25,1,"1"
252.40636803481092,41336,26,1,"1"
259.24690432625454,41335,27,1,"1"
273.50912595493884,41325,37,1,"1"
273.90044978778428,41324,38,1,"1"
279.70198344989984,41323,39,1,"1"
287.0095443756079,41322,40,1,"1"
294.28971747458553,41320,42,2,"2"
296.89600369160792,41319,43,1,"1"
328.94729546882076,41301,61,1,"1"
350.16134598386805,41300,62,1,"1"
359.84042157038749,41299,63,1,"1"
374.03410877430161,41298,64,1,"1"
385.87403649784727,41293,69,1,"1"
425.9719054954482,41290,72,1,"1"
427.68631788844829,41280,82,1,"1"
436.74805060892476,41270,92,1,"1"
439.29778663425287,41261,101,3,"3"
469.06176375151733,41243,119,1,"1"
474.45162080012284,41240,122,1,"1"
489.82228651331485,41235,127,1,"1"
497.85784660551087,41217,145,1,"1"
516.44691211153474,41216,146,1,"1"
542.81675169953394,41198,164,1,"1"
561.24264440305137,41180,182,6,"5-1"
569.20270380949012,41177,185,1,"1"
570.53604938734929,41159,203,1,"1"
585.75353931237589,41156,206,1,"1"
603.26200615314417,41153,209,1,"1"
617.06231377650977,41135,227,1,"1"
624.40713483855518,41134,228,1,"1"
629.71451952708685,41116,246,1,"1"
635.14540491917205,41098,264,1,"1"
666.09026637212014,41093,269,1,"1"
705.31749608306507,41090,272,1,"1"
706.45063100952711,41080,282,2,"2"
728.84091475347179,41062,300,1,"1"
739.80502773562034,41044,318,1,"1"
742.52733509852544,41028,334,1,"1"
750.53252635980459,41018,344,1,"1"
768.52920684316177,40998,364,2,"2"
773.18794424841292,40980,382,1,"1"
811.41325701930475,40962,400,1,"1"
816.25442290104263,40957,405,1,"1"
827.94503767445417,40939,423,1,"1"
828.92315153698689,40936,426,1,"1"
862.05121800352697,40918,444,1,"1"
871.59192890737165,40911,451,1,"1"
878.82287178082822,40875,487,2,"2"
882.36594343845331,40857,505,1,"1"
890.11413777934831,40839,523,1,"1"
890.58807472198646,40829,533,1,"1"
891.92603475416479,40826,536,1,"1"
892.02794943984554,40805,557,5,"5"
916.79525836537539,40787,575,1,"1"
923.63771019641501,40777,585,2,"1-1"
925.06277245389128,40774,588,1,"1"
934.11027159701689,40767,595,1,"1"
955.85097256539166,40738,624,2,"2"
958.5467833224194,40720,642,1,"1"
972.41545174433247,40702,660,1,"1"
978.05582356659545,40697,665,1,"1"
978.54860232082126,40684,678,1,"1"
1008.7555289919399,40674,688,1,"1"
1014.3753169782226,40656,706,1,"1"
1038.8172928344445,40638,724,1,"1"
1039.847472785955,40616,746,2,"1-1"
1045.5327192359755,40609,753,1,"1"
1080.4342060446024,40591,771,1,"1"
1093.1458852388837,40581,781,2,"1-1"
1105.7402576734241,40563,799,2,"2"
1113.2189153074937,40545,817,1,"1"
1131.1286785462294,40540,822,1,"1"
1133.3033850254883,40504,858,2,"1-1"
1143.7594137965693,40486,876,1,"1"
1147.9664528474837,40468,894,1,"1"
1156.1597083515319,40450,912,1,"1"
1157.3466042702191,40432,930,1,"1"
1161.7542879115522,40414,948,1,"1"
1168.5375636181925,40396,966,1,"1"
1184.7439848049557,40384,978,1,"1"
1185.2939259442808,40367,995,3,"3"
1185.608608249245,40354,1008,3,"2-1"
1205.8964306967928,40336,1026,1,"1"
1208.3456406019143,40318,1044,1,"1"
1216.6492486909685,40300,1062,1,"1"
1223.0523512784389,40282,1080,1,"1"
1228.6754242706193,40264,1098,1,"1"
1239.7407253395284,40248,1114,2,"2"
1241.8261972655348,40184,1178,6,"5-1"
1248.7277945502292,40166,1196,1,"1"
1250.0183885914196,40148,1214,1,"1"
1273.6398704997746,40130,1232,1,"1"
1297.2090888182731,40116,1246,2,"2"
1304.5629237290811,40080,1282,2,"1-1"
1334.4268949756715,40062,1300,1,"1"
1336.968081522393,39955,1407,11,"6-1-1-1-1-1"
1351.1890499112349,39937,1425,1,"1"
1353.8670118837242,39928,1434,1,"1"
1355.9933686072866,39910,1452,1,"1"
1360.7074102557285,39892,1470,1,"1"
1382.5927054820402,39802,1560,7,"3-2-1-1"
1405.0967876018315,39766,1596,2,"1-1"
1411.7870746730068,39748,1614,1,"1"
1424.2034593626813,39712,1650,2,"1-1"
1428.696550018625,39705,1657,1,"1"
1429.1862382251679,39687,1675,1,"1"
1437.8625427104605,39669,1693,1,"1"
1439.0252207020633,39651,1711,1,"1"
1445.8920068482387,39609,1753,3,"1-1-1"
1447.5150957406913,39599,1763,1,"1"
1449.6915611832383,39587,1775,1,"1"
1454.9204381798529,39551,1811,2,"1-1"
1468.0062436801356,39467,1895,7,"3-2-1-1"
1476.0142945469211,39449,1913,1,"1"
1504.3789159858516,39431,1931,1,"1"
1509.3980884664913,39413,1949,1,"1"
1515.6318656769358,39395,1967,1,"1"
1524.8281911448205,39390,1972,1,"1"
1531.2060826335589,39372,1990,1,"1"
1549.8705256378689,39339,2023,2,"2"
1551.4867738526134,39321,2041,1,"1"
1552.0963614209718,39303,2059,1,"1"
1570.9330314509662,39285,2077,1,"1"
1573.9165913872473,39213,2149,4,"4"
1579.9339430574835,39189,2173,2,"2"
1585.1684627205764,39071,2291,8,"2-2-2-1-1"
1586.3106078687551,39047,2315,2,"2"
1609.1577588709272,39029,2333,1,"1"
1631.2718821055087,39011,2351,1,"1"
1631.5349292244111,39006,2356,1,"1"
1632.8311105504781,38948,2414,6,"3-1-1-1"
1637.6517556195276,38937,2425,1,"1"
1658.1051538562235,38901,2461,2,"2"
1658.9954225817762,38883,2479,1,"1"
1664.5795476303397,38865,2497,1,"1"
1664.7416852948563,38858,2504,1,"1"
1667.3488752167766,38840,2522,1,"1"
1679.0200548681912,38826,2536,1,"1"
1679.2787307859594,38806,2556,2,"1-1"
1679.5102225557334,38788,2574,1,"1"
1679.7306055191602,38770,2592,1,"1"
1682.7909005168276,38752,2610,1,"1"
1685.4166050322235,38734,2628,1,"1"
1689.1055473034287,38670,2692,4,"2-1-1"
1712.615449022717,38652,2710,1,"1"
1713.2500694149051,38501,2861,15,"4-3-2-2-2-1-1"
1714.7885843683171,38465,2897,2,"2"
1725.7709657186022,38447,2915,1,"1"
1736.9040867120921,38429,2933,1,"1"
1741.541168498492,38411,2951,2,"2"
1743.312041503181,38317,3045,6,"3-2-1"
1745.6155868440292,38299,3063,1,"1"
1761.0801807773469,0,41362,2155,"2155"
