f,num_active_particles,num_deleted_particles,total_deleted_rods,avalanche_sizes
0,41102,0,0,"0"
93.019977553530268,41101,1,1,"1"
97.025348835963868,41083,19,1,"1"
114.39491464611605,41082,20,1,"1"
154.34291670191431,41081,21,1,"1"
188.29708465453069,41080,22,1,"1"
200.26655221543766,41079,23,1,"1"
225.66242132415468,41077,25,2,"2"
226.21192443090064,41075,27,2,"2"
267.27908667122222,41073,29,2,"2"
268.35788061054745,41072,30,1,"1"
296.47582045017919,41071,31,1,"1"
304.65644474112963,41066,36,1,"1"
331.93711034512052,41048,54,1,"1"
348.5224023545112,41030,72,1,"1"
407.16315773742326,41028,74,2,"2"
451.6780161719239,41027,75,1,"1"
461.10547200118822,41009,93,1,"1"
484.32630642004273,41000,102,1,"1"
496.6826255144943,40999,103,1,"1"
512.25334387057774,40994,108,1,"1"
523.6406126664574,40991,111,1,"1"
557.54305950767377,40986,116,1,"1"
573.64280537409832,40981,121,1,"1"
589.20908302028147,40945,157,2,"2"
596.70768901658107,40933,169,1,"1"
624.78950055558528,40915,187,1,"1"
666.65932638421441,40912,190,1,"1"
699.45244975487185,40911,191,1,"1"
710.06672506964344,40906,196,1,"1"
752.6149476783678,40901,201,1,"1"
769.85839347857836,40896,206,1,"1"
780.2176277302716,40891,211,1,"1"
799.17268202344451,40888,214,1,"1"
850.49253060313254,40870,232,1,"1"
897.01768581026306,40865,237,1,"1"
917.79633943694898,40862,240,1,"1"
935.67273411620965,40844,258,1,"1"
938.97651677113095,40826,276,1,"1"
941.18062410292976,40816,286,1,"1"
950.66670240503629,40806,296,1,"1"
956.65046016045994,40796,306,1,"1"
958.43618020989277,40787,315,1,"1"
970.6688183821243,40780,322,1,"1"
1026.7072979889845,40772,330,2,"1-1"
1046.0755758248272,40754,348,1,"1"
1049.4325345796021,40749,353,1,"1"
1083.0399429427869,40731,371,1,"1"
1084.165331815889,40713,389,1,"1"
1096.7462602170901,40695,407,1,"1"
1103.7066786515329,40690,412,1,"1"
1104.0343486279255,40680,422,1,"1"
1119.4105221497662,40655,447,5,"4-1"
1124.5576459386718,40635,467,2,"2"
1143.077328846915,40625,477,1,"1"
1146.1732171097728,40613,489,2,"2"
1160.5386058815459,40577,525,2,"1-1"
1173.5074293117518,40567,535,1,"1"
1174.3090028145461,40553,549,2,"2"
1184.3636038819764,40543,559,2,"2"
1196.7322994918065,40492,610,5,"4-1"
1198.6578091633896,40456,646,2,"1-1"
1217.0018809358426,40451,651,1,"1"
1225.5158834307663,40427,675,2,"2"
1229.7956205168423,40413,689,2,"2"
1239.1286708706405,40400,702,1,"1"
1264.4445068561974,40395,707,1,"1"
1282.8937127992222,40377,725,1,"1"
1305.6146925428109,40359,743,1,"1"
1315.2124799454784,40341,761,1,"1"
1317.5300451222965,40330,772,1,"1"
1330.5785370576066,40317,785,1,"1"
1334.9595739969336,40301,801,1,"1"
1336.0547532452592,40287,815,2,"2"
1336.9797247348235,40282,820,1,"1"
1355.3593692240097,40272,830,1,"1"
1355.4878614366146,40252,850,2,"2"
1376.5419232632742,40216,886,2,"1-1"
1386.5241430165088,40198,904,1,"1"
1402.8867099158513,40162,940,2,"1-1"
1405.941731750388,40131,971,5,"2-1-1-1"
1441.5580185757287,40128,974,1,"1"
1447.0704544814055,40110,992,1,"1"
1447.4853601547427,40096,1006,1,"1"
1476.1959835299867,40078,1024,1,"1"
1480.4909874712994,40071,1031,1,"1"
1486.4268569398796,40053,1049,1,"1"
1496.5876245421459,40035,1067,1,"1"
1544.5803932672773,40028,1074,1,"1"
1553.0770090778451,39809,1293,26,"8-4-2-2-2-1-1-1-1-1-1-1-1"
1556.9494754996838,39751,1351,5,"3-2"
1557.8466897260105,39733,1369,1,"1"
1558.3292107051072,39723,1379,1,"1"
1563.6361914567829,39705,1397,1,"1"
1567.2950915882466,39678,1424,3,"3"
1568.9454114869527,39660,1442,1,"1"
1575.6688438315757,39642,1460,1,"1"
1577.358902313749,39637,1465,1,"1"
1577.8406306706966,39619,1483,1,"1"
1584.1260817483783,39574,1528,5,"3-1-1"
1599.1790497121751,39564,1538,1,"1"
1604.5527189323432,39555,1547,1,"1"
1610.4883997063691,39537,1565,1,"1"
1611.074282146471,39481,1621,5,"2-1-1-1"
1615.3561667613083,39463,1639,1,"1"
1630.5300789210189,39425,1677,3,"2-1"
1647.7778653554863,39407,1695,1,"1"
1661.6959407594613,39393,1709,1,"1"
1668.9532268841679,39380,1722,1,"1"
1682.8466240920677,39370,1732,1,"1"
1684.9837789936348,39352,1750,1,"1"
1693.4000793837633,39316,1786,2,"2"
1706.9668082993783,39262,1840,3,"3"
1710.929151023088,39234,1868,2,"1-1"
1711.6748251291742,39216,1886,2,"2"
1714.1495265739331,39198,1904,1,"1"
1714.2127115182122,39180,1922,1,"1"
1724.5631777829433,39142,1960,4,"2-1-1"
1747.6783520052904,39016,2086,12,"4-3-3-1-1"
1748.3344320016274,39000,2102,1,"1"
1758.3135015974476,38982,2120,1,"1"
1766.9984045689141,38958,2144,2,"2"
1775.5000763658682,38940,2162,1,"1"
1780.6878052270511,38922,2180,1,"1"
1781.0131836334979,38886,2216,2,"2"
1803.1159651026837,38653,2449,21,"4-4-3-3-2-2-2-1"
1803.1961940298734,38569,2533,6,"2-1-1-1-1"
1815.1453165096666,38551,2551,1,"1"
1819.301387630549,38533,2569,1,"1"
1821.4002924038014,38515,2587,1,"1"
1825.1959591412522,38479,2623,2,"2"
1835.944096421983,0,41102,2163,"2163"
----------------------------------------------1
0,41102,0,0,"0"
90.912687890458173,41084,18,1,"1"
94.552741282775102,41083,19,1,"1"
112.15398913691524,41065,37,1,"1"
132.61527046179151,41064,38,1,"1"
151.75153562586434,41063,39,1,"1"
153.71685961511719,41062,40,1,"1"
239.82572284147912,41059,43,1,"1"
281.10842809212681,41058,44,1,"1"
284.79784420237684,41057,45,1,"1"
285.5674702786888,41054,48,1,"1"
295.09763846740128,41052,50,2,"2"
316.83325789542266,41051,51,1,"1"
334.45164450472225,41033,69,1,"1"
336.61629293584502,41015,87,1,"1"
378.1290057813236,41009,93,2,"2"
382.83623535184597,41004,98,5,"2-2-1"
384.18159495386431,40986,116,1,"1"
430.11099989893796,40968,134,1,"1"
432.35535599113609,40959,143,1,"1"
456.78015620108272,40941,161,1,"1"
458.96427532352936,40940,162,1,"1"
492.68101987264777,40922,180,1,"1"
497.48846389660895,40921,181,1,"1"
504.84343086180337,40903,199,1,"1"
543.54812203573147,40885,217,1,"1"
563.38556311797845,40871,231,1,"1"
578.35058334588939,40853,249,1,"1"
616.35551073748752,40844,258,1,"1"
619.15235884740753,40826,276,1,"1"
649.47960078502138,40808,294,1,"1"
693.32151522022366,40799,303,1,"1"
700.29153753157584,40787,315,1,"1"
706.1971456740838,40786,316,1,"1"
731.2066486624708,40768,334,1,"1"
738.75703376686067,40750,352,1,"1"
763.73246244833138,40732,370,1,"1"
770.95095584729006,40714,388,1,"1"
779.14302899875588,40696,406,1,"1"
788.58882118674126,40689,413,1,"1"
796.48834643224598,40671,431,1,"1"
812.27536068577365,40637,465,2,"2"
817.44931177536114,40627,475,1,"1"
863.01431551028281,40609,493,1,"1"
877.49844161630597,40604,498,1,"1"
903.95853479736195,40601,501,1,"1"
937.95025503255556,40591,511,1,"1"
963.23716402201921,40573,529,1,"1"
974.39514695669993,40555,547,1,"1"
979.89738981144967,40539,563,2,"1-1"
981.10679666196779,40528,574,1,"1"
1013.71236496677,40510,592,1,"1"
1014.1202382353565,40492,610,1,"1"
1015.5730879895167,40474,628,1,"1"
1018.4992734360968,40471,631,1,"1"
1023.4432926350395,40457,645,2,"2"
1026.3362045128451,40452,650,1,"1"
1028.2329987297148,40447,655,1,"1"
1036.5088082161656,40429,673,1,"1"
1044.0126960939833,40424,678,1,"1"
1048.3757487184562,40398,704,2,"2"
1079.8900473889598,40391,711,1,"1"
1089.0141331451175,40373,729,1,"1"
1096.471138210537,40368,734,1,"1"
1104.2855130165215,40332,770,2,"2"
1113.0220946521797,40308,794,2,"2"
1123.0805012668645,40290,812,1,"1"
1136.7882524460904,40276,826,1,"1"
1145.8202274041234,40258,844,1,"1"
1162.5281314854365,40204,898,3,"1-1-1"
1175.8593032216656,40186,916,1,"1"
1182.0232772671152,40168,934,1,"1"
1182.8768395895054,40163,939,1,"1"
1195.8593683814811,40122,980,7,"7"
1198.6114419897992,40117,985,1,"1"
1206.1531100052309,40105,997,1,"1"
1211.0287576801063,40090,1012,3,"3"
1213.1218751021097,40080,1022,1,"1"
1227.4793177549814,40062,1040,1,"1"
1227.6684601417019,40044,1058,1,"1"
1255.6887328500081,40026,1076,1,"1"
1258.2573480469946,39990,1112,2,"2"
1263.4007730756732,39972,1130,1,"1"
1272.3778603762053,39940,1162,6,"5-1"
1285.898482800364,39904,1198,6,"3-1-1-1"
1299.6202468157985,39886,1216,1,"1"
1304.0931044151389,39876,1226,1,"1"
1311.6970253102616,39858,1244,1,"1"
1316.3380459740383,39822,1280,2,"2"
1336.9159316778573,39804,1298,1,"1"
1381.442713754722,39786,1316,1,"1"
1386.4983958959397,39768,1334,1,"1"
1387.7426070642591,39750,1352,1,"1"
1396.6799721900468,39740,1362,1,"1"
1399.8517887970063,39730,1372,1,"1"
1409.3198325798919,39723,1379,1,"1"
1425.5082871994393,39687,1415,2,"2"
1436.4428613077671,39669,1433,1,"1"
1444.2878728122539,39662,1440,1,"1"
1445.5502217053606,39641,1461,3,"2-1"
1460.8559134513821,39634,1468,1,"1"
1476.56244444856,39600,1502,3,"2-1"
1480.4159566138323,39590,1512,1,"1"
1487.4545814437413,39583,1519,1,"1"
1491.8619146256292,39576,1526,1,"1"
1492.0754149700508,39556,1546,2,"2"
1496.367010652632,39538,1564,1,"1"
1498.9652050141103,39520,1582,1,"1"
1499.9008877013753,39502,1600,1,"1"
1504.2180419524525,39484,1618,1,"1"
1506.5824652672454,39466,1636,1,"1"
1510.0301152133777,39448,1654,1,"1"
1513.7472849994042,39424,1678,4,"4"
1521.6296489449849,39406,1696,1,"1"
1526.3224294743252,39370,1732,2,"2"
1529.5984940150404,39352,1750,1,"1"
1529.7055361920495,39334,1768,1,"1"
1534.7111511272606,39316,1786,1,"1"
1569.0540243530163,39280,1822,2,"1-1"
1573.1360987361445,39275,1827,1,"1"
1573.6474699543371,39251,1851,4,"1-1-1-1"
1578.5087362770921,39231,1871,2,"2"
1607.6796033430028,39213,1889,1,"1"
1612.1887526931039,39161,1941,6,"2-1-1-1-1"
1614.2720370876468,39156,1946,1,"1"
1615.5743717491362,39138,1964,1,"1"
1616.806765785288,39120,1982,1,"1"
1617.6457951927066,39083,2019,3,"3"
1624.4975358186377,39065,2037,1,"1"
1628.5012968673802,39047,2055,1,"1"
1638.5966046965571,39011,2091,2,"2"
1642.7536663731516,38999,2103,1,"1"
1649.9506219542002,38994,2108,1,"1"
1658.1516059356618,38868,2234,14,"4-3-2-2-2-1"
1660.2275220054808,38850,2252,1,"1"
1665.0263176536334,38835,2267,1,"1"
1667.7541686773961,38817,2285,1,"1"
1674.6321013291677,38797,2305,2,"1-1"
1674.6896810008056,38779,2323,1,"1"
1675.9916725167407,38743,2359,2,"2"
1681.864243030898,38725,2377,1,"1"
1687.4344657372105,38707,2395,1,"1"
1692.0473393435448,38689,2413,1,"1"
1701.2310780691187,38675,2427,1,"1"
1702.3496405117139,38657,2445,1,"1"
1703.0907402110604,38641,2461,1,"1"
1706.7311231452636,38623,2479,1,"1"
1717.2997279853055,38605,2497,1,"1"
1732.0132641552736,38587,2515,1,"1"
1742.2130404567908,38551,2551,2,"2"
1743.8401878124293,38533,2569,1,"1"
1749.1270049455838,38515,2587,1,"1"
1766.6511968174561,38497,2605,1,"1"
1768.2744702180705,38479,2623,1,"1"
1773.8867044806866,38461,2641,1,"1"
1774.2271464254197,38407,2695,3,"1-1-1"
1781.4021108192601,38362,2740,5,"3-2"
1783.1148406426876,38344,2758,1,"1"
1785.4289797674719,38332,2770,1,"1"
1786.8485749574293,38278,2824,3,"3"
1793.5692204452002,38260,2842,1,"1"
1804.8979422055377,38253,2849,1,"1"
1805.4984763983409,38243,2859,1,"1"
1812.7082356911324,38225,2877,1,"1"
1812.7223904432406,38189,2913,2,"2"
1815.636041360827,38171,2931,1,"1"
1816.1065305795598,38153,2949,1,"1"
1817.924712637642,38135,2967,1,"1"
1823.3424628874666,38123,2979,1,"1"
1842.3400310992454,38087,3015,2,"2"
1849.5185897131598,38069,3033,1,"1"
1850.5679755405599,38055,3047,1,"1"
1857.5556667649255,38037,3065,2,"2"
1868.465260802149,37992,3110,5,"4-1"
1873.3829003433946,37931,3171,4,"4"
1876.129194990657,37913,3189,1,"1"
1884.6879564076849,37903,3199,1,"1"
1888.8122407211804,37894,3208,1,"1"
1890.1098555946305,37858,3244,2,"1-1"
1904.8679012313785,37840,3262,1,"1"
1906.6618337088278,37712,3390,10,"5-4-1"
1912.1710928209479,37694,3408,1,"1"
1913.4785222760579,37676,3426,1,"1"
1917.668877712684,37658,3444,1,"1"
1926.9578003530144,37645,3457,1,"1"
1932.8718959606342,37599,3503,4,"3-1"
1949.9259893865849,0,41102,2122,"2122"
----------------------------------------------2
0,41102,0,0,"0"
29.95970044141891,41097,5,1,"1"
70.003953677560247,41079,23,1,"1"
136.60306505590245,41078,24,1,"1"
162.19778291886428,41077,25,1,"1"
197.32622724767816,41076,26,1,"1"
197.61602096868634,41073,29,1,"1"
236.04999055534518,41072,30,1,"1"
239.08831003989548,41054,48,1,"1"
265.3362698489799,41036,66,1,"1"
275.29780243577898,41018,84,1,"1"
284.92580906143343,41017,85,1,"1"
286.56978190042105,41015,87,2,"2"
322.30976295311842,40997,105,1,"1"
330.77428012878858,40992,110,1,"1"
348.98313308412583,40991,111,1,"1"
355.68191556286331,40990,112,1,"1"
359.04409530918582,40989,113,1,"1"
368.7475355303377,40988,114,1,"1"
378.10752420214641,40987,115,1,"1"
378.82308789542839,40986,116,1,"1"
379.52926102226729,40984,118,2,"2"
410.76902534808983,40977,125,1,"1"
427.2178775334458,40941,161,2,"2"
427.70714073212497,40938,164,1,"1"
474.2453515791837,40928,174,1,"1"
490.94700976040724,40910,192,1,"1"
503.33003125510231,40905,197,1,"1"
509.88354120968773,40896,206,1,"1"
517.21303528944554,40878,224,1,"1"
554.08756747669747,40877,225,1,"1"
559.21287719545649,40859,243,1,"1"
589.25683884256125,40847,255,1,"1"
594.42362521752443,40829,273,1,"1"
601.68329801000868,40828,274,1,"1"
620.24715308438795,40827,275,1,"1"
631.16087892377209,40818,284,1,"1"
639.08218306636547,40815,287,1,"1"
663.24741629567916,40797,305,1,"1"
677.60435487919494,40792,310,1,"1"
696.36317509423361,40774,328,1,"1"
712.52537292951922,40756,346,1,"1"
747.90475552430223,40738,364,1,"1"
750.68768161638206,40720,382,1,"1"
766.73921008301966,40702,400,1,"1"
783.30495202264353,40684,418,1,"1"
806.08051122104939,40666,436,1,"1"
816.16864382979054,40652,450,2,"2"
833.16163815889604,40634,468,1,"1"
836.36615202620419,40616,486,1,"1"
847.51722278080808,40598,504,1,"1"
849.24727604982718,40580,522,1,"1"
898.38087308511206,40573,529,1,"1"
908.66859661485569,40555,547,1,"1"
951.16931571675048,40537,565,1,"1"
979.02524855894501,40519,583,1,"1"
984.65040487530575,40463,639,4,"2-1-1"
992.51098637645771,40445,657,1,"1"
995.67138135815969,40435,667,1,"1"
1008.5169332393679,40423,679,1,"1"
1053.5523466682096,40405,697,1,"1"
1064.2459464258814,40387,715,1,"1"
1094.1540280047777,40369,733,1,"1"
1138.6683887976606,40351,751,1,"1"
1140.4751948206472,40346,756,1,"1"
1144.7048686855767,40333,769,3,"3"
1156.9794411264922,40323,779,2,"2"
1163.2860555238772,40305,797,1,"1"
1169.4847661647034,40295,807,2,"2"
1181.1029711349138,40279,823,1,"1"
1190.4554653647706,40261,841,1,"1"
1205.9434091381938,40251,851,1,"1"
1221.1651413860359,40233,869,1,"1"
1236.422890137392,40213,889,2,"2"
1248.8413915050255,40203,899,1,"1"
1258.4472683460558,40183,919,2,"2"
1270.2635205819472,40143,959,4,"4"
1273.5853114594515,40125,977,1,"1"
1276.6162929513241,40107,995,1,"1"
1301.0581716398731,40089,1013,1,"1"
1305.6547608206417,40071,1031,1,"1"
1315.111729255701,40053,1049,1,"1"
1317.6028686763641,40017,1085,2,"2"
1321.0751636986249,40005,1097,1,"1"
1335.1040176900297,39998,1104,1,"1"
1335.7240224584909,39980,1122,1,"1"
1349.2446843293185,39968,1134,1,"1"
1351.2673359416626,39950,1152,1,"1"
1352.3326586549799,39932,1170,1,"1"
1353.2785011884973,39914,1188,1,"1"
1365.7056577687279,39894,1208,4,"4"
1382.3304779009959,39884,1218,1,"1"
1392.7680453520022,39762,1340,13,"5-3-2-1-1-1"
1410.3388639249774,39752,1350,2,"2"
1410.8008289499637,39737,1365,3,"3"
1411.4463160363873,39720,1382,3,"1-1-1"
1413.9874610443335,39684,1418,2,"2"
1418.2683169338297,39670,1432,1,"1"
1429.9517633177159,39656,1446,2,"2"
1448.1557548959101,39651,1451,1,"1"
1485.4994726164821,39633,1469,1,"1"
1490.3574817600963,39615,1487,1,"1"
1494.5750173170165,39597,1505,1,"1"
1513.5616977788191,39579,1523,1,"1"
1516.4204093277262,39561,1541,1,"1"
1517.3488231770252,39543,1559,1,"1"
1518.096646195004,39533,1569,2,"2"
1518.776856429052,39504,1598,3,"3"
1525.665402274265,39486,1616,1,"1"
1526.1502046505357,39468,1634,1,"1"
1526.5527048992485,39450,1652,1,"1"
1526.6587277272588,39432,1670,1,"1"
1528.3402607545643,39427,1675,1,"1"
1530.3738708287744,39355,1747,4,"2-1-1"
1535.3103893510311,39337,1765,1,"1"
1545.1742331982618,39319,1783,1,"1"
1548.6956067737656,39307,1795,1,"1"
1549.6851650469471,39289,1813,1,"1"
1552.0384971787196,39271,1831,1,"1"
1552.5414683867816,39253,1849,1,"1"
1567.6906477710204,39235,1867,1,"1"
1570.781852052967,39220,1882,3,"3"
1585.3962198148381,39208,1894,1,"1"
1595.9631011217771,39190,1912,1,"1"
1595.970914965236,39180,1922,1,"1"
1598.6641505150615,39108,1994,10,"3-3-2-1-1"
1601.8499251217577,39068,2034,4,"2-1-1"
1609.9305269678787,39049,2053,3,"3"
1610.4625759207267,39031,2071,1,"1"
1618.8745807197431,38995,2107,2,"1-1"
1625.103732546409,38977,2125,1,"1"
1628.0129804096948,38941,2161,2,"2"
1641.6898502828337,38920,2182,3,"1-1-1"
1649.5038700546957,38884,2218,2,"2"
1656.2929228576518,38866,2236,1,"1"
1665.3471639010957,38848,2254,1,"1"
1672.9445125526236,38830,2272,1,"1"
1677.7962931594848,38795,2307,3,"2-1"
1683.3505401163204,38777,2325,1,"1"
1686.2300813452239,38723,2379,3,"2-1"
1695.3139608492791,38705,2397,1,"1"
1710.1007222048372,38695,2407,1,"1"
1744.1588020112392,38685,2417,1,"1"
1745.7910166800459,38667,2435,1,"1"
1747.5564925033686,38569,2533,8,"6-1-1"
1757.3838997571734,38551,2551,1,"1"
1759.0111666942332,38546,2556,1,"1"
1759.6653966269762,38518,2584,2,"1-1"
1772.5135522989647,38501,2601,1,"1"
1774.3476761050483,38491,2611,1,"1"
1779.4357466390468,38455,2647,2,"1-1"
1785.8367170752192,38437,2665,1,"1"
1787.1403952733433,38233,2869,14,"4-4-2-1-1-1-1"
1799.2517236550459,38215,2887,1,"1"
1801.8209181178674,38131,2971,5,"3-1-1"
1808.2789384754165,38079,3023,3,"3"
1824.0936750806195,37827,3275,26,"7-4-3-3-2-2-2-1-1-1"
1827.2977695421305,37791,3311,2,"2"
1855.0160180210723,37773,3329,1,"1"
1855.6462984669924,0,41102,2129,"2129"
----------------------------------------------3
0,41102,0,0,"0"
82.137660446718343,41084,18,1,"1"
148.44729518165391,41083,19,1,"1"
150.13306344760775,41065,37,1,"1"
165.84700068475126,41063,39,2,"2"
193.54139304893002,41061,41,2,"1-1"
215.59697743843171,41056,46,1,"1"
236.76867344300845,41051,51,1,"1"
286.91166539440945,41050,52,1,"1"
301.97499453796883,41049,53,1,"1"
308.54487968633322,41045,57,4,"4"
320.06079595401764,41044,58,1,"1"
325.07601803591865,41043,59,1,"1"
331.30492735069134,41042,60,1,"1"
337.15574810116067,41041,61,1,"1"
337.39028447796079,41029,73,1,"1"
344.32152225573441,41028,74,1,"1"
381.84266740031507,41023,79,1,"1"
384.89531410847684,41005,97,1,"1"
422.72984378955721,40987,115,1,"1"
479.88335189120511,40986,116,1,"1"
509.73008670500167,40968,134,1,"1"
542.61843651463766,40948,154,2,"2"
543.73234444485365,40947,155,1,"1"
547.50792456036561,40934,168,1,"1"
593.81762800126273,40916,186,1,"1"
593.96669536210379,40898,204,1,"1"
598.51148609137726,40880,222,1,"1"
617.98190560345768,40862,240,1,"1"
628.00612956846851,40844,258,1,"1"
636.37802022924609,40826,276,1,"1"
662.47966856024311,40808,294,1,"1"
667.95890887071891,40798,304,1,"1"
703.79889560562412,40780,322,1,"1"
791.60199040786563,40775,327,1,"1"
794.83416565535015,40757,345,1,"1"
821.62086026141355,40739,363,1,"1"
828.79906314322011,40725,377,2,"2"
858.77608598432846,40706,396,3,"3"
859.53761771285167,40688,414,1,"1"
863.34557133380758,40670,432,1,"1"
876.7169185045517,40652,450,1,"1"
887.76773228991351,40644,458,2,"1-1"
906.38216725041491,40626,476,1,"1"
914.91495448573266,40608,494,1,"1"
922.27276432268661,40605,497,1,"1"
929.51220328783745,40595,507,1,"1"
982.89108499851966,40592,510,1,"1"
988.62653968000484,40574,528,1,"1"
1000.8480794929645,40556,546,1,"1"
1002.4214931490628,40532,570,2,"2"
1039.8406131062752,40527,575,1,"1"
1045.1096431575506,40509,593,1,"1"
1048.3188983273178,40496,606,1,"1"
1065.0819317835972,40486,616,1,"1"
1079.8195264875037,40481,621,1,"1"
1096.148972828234,40474,628,1,"1"
1112.5742331442909,40456,646,1,"1"
1121.8381750202439,40442,660,1,"1"
1130.2409750081531,40439,663,1,"1"
1134.2872289815484,40421,681,1,"1"
1135.2630841155537,40405,697,1,"1"
1144.997892003285,40393,709,1,"1"
1145.3722376164953,40375,727,1,"1"
1150.443185450943,40357,745,1,"1"
1183.6387139558617,40339,763,1,"1"
1192.415659577417,40321,781,1,"1"
1196.4000686593513,40311,791,1,"1"
1204.4368284841185,40301,801,1,"1"
1235.406254629228,40285,817,1,"1"
1241.0576834823428,40277,825,2,"2"
1242.6006756721231,40262,840,3,"3"
1252.7711808941151,40244,858,1,"1"
1264.7287365101379,40188,914,10,"7-2-1"
1269.8055567242877,40176,926,1,"1"
1271.9498752781228,40158,944,1,"1"
1285.5296970672721,40140,962,1,"1"
1288.3755917005717,40122,980,1,"1"
1290.010720748814,40104,998,1,"1"
1292.3824342620121,40086,1016,1,"1"
1295.026454299426,40068,1034,1,"1"
1295.3550597794422,40059,1043,1,"1"
1313.0731048607829,40041,1061,1,"1"
1314.8866602453404,40036,1066,1,"1"
1316.1019292950059,40026,1076,1,"1"
1320.7772331861886,40008,1094,1,"1"
1324.3134645520829,39990,1112,1,"1"
1324.8002575857549,39954,1148,2,"2"
1339.1166296642343,39942,1160,1,"1"
1348.9068926543043,39932,1170,1,"1"
1354.1880222001296,39914,1188,1,"1"
1358.2060815200473,39878,1224,2,"2"
1367.6829634266978,39844,1258,2,"2"
1369.8312265415129,39826,1276,1,"1"
1374.4117257632722,39816,1286,1,"1"
1395.7773930582043,39795,1307,3,"2-1"
1421.2180766053496,39785,1317,1,"1"
1432.1686015497219,39782,1320,1,"1"
1439.4847383863571,39764,1338,1,"1"
1448.3987376124833,39754,1348,1,"1"
1451.0303431749048,39730,1372,4,"2-2"
1460.6368736416771,39720,1382,1,"1"
1462.5007931509379,39684,1418,2,"2"
1465.1408846677589,39671,1431,1,"1"
1472.9787888553656,39635,1467,2,"2"
1475.2077480824366,39630,1472,1,"1"
1485.3304068042146,39612,1490,1,"1"
1492.7260474772866,39540,1562,10,"5-3-1-1"
1515.6415565365401,39522,1580,1,"1"
1560.9109869274921,39504,1598,1,"1"
1564.9122399239729,39486,1616,1,"1"
1570.1727009487154,39468,1634,1,"1"
1588.2560407358562,39455,1647,1,"1"
1591.109220805067,39437,1665,1,"1"
1598.6692153902404,39432,1670,1,"1"
1599.0600939632175,39414,1688,1,"1"
1608.3436338527852,39396,1706,2,"2"
1609.4599745822102,39298,1804,8,"3-2-2-1"
1612.8640174583973,39280,1822,1,"1"
1649.4361280759542,39218,1884,6,"5-1"
1662.0685120923804,39200,1902,1,"1"
1662.2751557000781,39164,1938,2,"1-1"
1663.4593090936878,39150,1952,1,"1"
1673.7110410707739,39132,1970,1,"1"
1680.2884439513257,39114,1988,1,"1"
1680.5362257686591,39096,2006,1,"1"
1692.2799313170124,39080,2022,1,"1"
1698.4739271933272,39062,2040,1,"1"
1724.6227290253028,39044,2058,1,"1"
1730.7329574181285,39026,2076,1,"1"
1739.1480221434199,39021,2081,1,"1"
1739.8243762170264,39003,2099,1,"1"
1744.0401789406023,38985,2117,1,"1"
1751.7525701345578,38967,2135,1,"1"
1754.1354508803593,38957,2145,1,"1"
1760.7241357877106,38939,2163,1,"1"
1765.5161536082169,38908,2194,2,"1-1"
1767.4345730692617,38732,2370,14,"5-4-2-1-1-1"
1772.9614040383876,38702,2400,3,"3"
1779.271863409266,38684,2418,1,"1"
1798.6414612790013,38650,2452,4,"3-1"
1800.2078568909301,38632,2470,1,"1"
1817.4750509980365,0,41102,2195,"2195"
----------------------------------------------4
0,41102,0,0,"0"
71.970297968647699,41101,1,1,"1"
192.2612196001177,41100,2,1,"1"
285.34305624123431,41082,20,1,"1"
287.99273813544607,41079,23,1,"1"
298.07383900858343,41077,25,2,"2"
312.98003782627251,41059,43,1,"1"
318.93244955790874,41058,44,1,"1"
338.77811404213588,41038,64,8,"7-1"
340.57181440528353,41037,65,1,"1"
369.92763039111628,41029,73,2,"1-1"
374.46953267937488,41022,80,3,"3"
413.41409308365212,41009,93,1,"1"
431.20894524527932,40991,111,1,"1"
452.99188060004309,40973,129,1,"1"
460.28253362307589,40955,147,1,"1"
476.54399024235573,40937,165,1,"1"
489.43337005829784,40919,183,1,"1"
493.59172789776363,40915,187,2,"1-1"
508.79853740944361,40897,205,1,"1"
511.89380012238064,40892,210,1,"1"
527.907758218156,40887,215,1,"1"
536.27918849292121,40882,220,1,"1"
538.22919576734319,40846,256,2,"2"
580.74457011890547,40845,257,1,"1"
593.9186907501412,40827,275,1,"1"
602.87203791866079,40809,293,1,"1"
606.72414802247272,40800,302,3,"3"
620.88798517306282,40795,307,1,"1"
682.76128968679734,40783,319,1,"1"
702.4123536894391,40778,324,1,"1"
702.59590359824415,40760,342,1,"1"
705.91222823211524,40742,360,1,"1"
707.16518287079703,40732,370,1,"1"
710.85105213941927,40723,379,1,"1"
719.84980006961052,40705,397,1,"1"
725.46376590483203,40687,415,1,"1"
841.50249442821575,40677,425,1,"1"
843.33351870239687,40672,430,1,"1"
858.80869376604835,40654,448,1,"1"
865.60544347820246,40618,484,2,"2"
871.1740152538348,40604,498,1,"1"
872.06561370358941,40586,516,1,"1"
889.20755618759108,40562,540,4,"2-2"
891.40510803708094,40544,558,1,"1"
892.17989068011832,40537,565,1,"1"
920.53498687004753,40525,577,1,"1"
929.87496256285829,40487,615,3,"3"
947.61250497809112,40469,633,1,"1"
949.17996047849681,40451,651,1,"1"
962.66479486215508,40432,670,3,"3"
967.63880958473032,40427,675,1,"1"
972.73885410743367,40409,693,1,"1"
986.76543154935746,40391,711,1,"1"
993.39697987133252,40373,729,1,"1"
1017.7521048940009,40357,745,1,"1"
1023.9540037419032,40345,757,1,"1"
1025.8768060673683,40327,775,1,"1"
1038.1479708086138,40322,780,1,"1"
1048.8595090357192,40304,798,1,"1"
1073.2957550245912,40286,816,1,"1"
1102.6879618618045,40281,821,1,"1"
1105.8993788158161,40276,826,1,"1"
1106.5282662377087,40258,844,1,"1"
1122.4322441742995,40248,854,2,"2"
1128.1079280743206,40226,876,4,"2-1-1"
1133.5297160200087,40190,912,2,"2"
1135.1012582827743,40185,917,1,"1"
1145.7947907193332,40180,922,1,"1"
1148.1444909083079,40162,940,1,"1"
1150.7539296188213,40159,943,1,"1"
1152.6682835518852,40154,948,1,"1"
1177.1916844014399,40136,966,1,"1"
1188.2282234102602,40118,984,1,"1"
1202.6286223778657,40100,1002,1,"1"
1202.8459645405387,40090,1012,2,"1-1"
1207.6276961758763,40072,1030,1,"1"
1211.9111146282676,40054,1048,1,"1"
1215.9544041584059,40018,1084,2,"2"
1216.0535812084074,40000,1102,2,"2"
1216.2935555162344,39995,1107,1,"1"
1221.8643376094601,39977,1125,1,"1"
1223.6172457462837,39959,1143,1,"1"
1235.5263155449909,39941,1161,1,"1"
1248.0624933655986,39923,1179,1,"1"
1253.7586781065527,39918,1184,1,"1"
1273.6739724468362,39900,1202,1,"1"
1276.7083636705654,39889,1213,1,"1"
1301.9160506750861,39853,1249,2,"2"
1337.1660029020438,39848,1254,1,"1"
1347.6133033344354,39830,1272,1,"1"
1349.5088076835054,39817,1285,1,"1"
1353.1265587151859,39807,1295,1,"1"
1360.8827835610177,39795,1307,2,"1-1"
1387.9892491568762,39777,1325,1,"1"
1388.9175634042404,39772,1330,1,"1"
1389.9916281344963,39739,1363,3,"2-1"
1396.0984808388016,39732,1370,1,"1"
1433.1727388436123,39725,1377,1,"1"
1455.4220154998934,39707,1395,1,"1"
1463.9433689093044,39674,1428,5,"4-1"
1466.6858032654468,39656,1446,1,"1"
1476.4718185716581,39636,1466,2,"2"
1476.7772127859489,39612,1490,2,"2"
1477.4375082847146,39571,1531,5,"4-1"
1484.1699707631874,39553,1549,1,"1"
1487.6258959429708,39535,1567,1,"1"
1489.5660822384182,39517,1585,1,"1"
1489.6065921887341,39503,1599,1,"1"
1491.2649299180312,39493,1609,1,"1"
1497.1541180286958,39479,1623,1,"1"
1501.4025378668889,39461,1641,1,"1"
1502.0833520000544,39445,1657,1,"1"
1504.7384202961737,39419,1683,2,"1-1"
1508.5690567128379,39383,1719,2,"1-1"
1509.2462520452577,39378,1724,1,"1"
1510.6568381019417,39360,1742,1,"1"
1529.0349073874438,39342,1760,1,"1"
1529.6771488743614,39311,1791,5,"2-2-1"
1530.1049229134667,39293,1809,1,"1"
1533.3628383723749,39275,1827,1,"1"
1536.4088654490922,39257,1845,1,"1"
1554.5486660279075,39233,1869,2,"2"
1554.5959279963201,39215,1887,1,"1"
1556.3561995903401,39197,1905,1,"1"
1566.1011061342947,39160,1942,3,"1-1-1"
1569.3574873084483,39142,1960,1,"1"
1579.6078246291481,39126,1976,2,"1-1"
1580.608210301998,39041,2061,8,"7-1"
1581.4040685827551,39023,2079,1,"1"
1594.89748092586,39005,2097,1,"1"
1601.8107485692258,38987,2115,1,"1"
1610.6858515259282,38969,2133,1,"1"
1625.9665394734322,38951,2151,1,"1"
1635.3474554191002,38881,2221,6,"4-2"
1638.3446185159535,38867,2235,1,"1"
1640.9337483825734,38849,2253,1,"1"
1649.6055368833149,38831,2271,1,"1"
1653.6425732236175,38822,2280,1,"1"
1664.607895139412,38804,2298,1,"1"
1667.0096960371679,38786,2316,1,"1"
1670.199718166416,38768,2334,1,"1"
1682.4553075875535,38750,2352,1,"1"
1684.1113019574759,38734,2368,1,"1"
1686.5056275292811,38722,2380,1,"1"
1694.4365698069453,38642,2460,7,"4-1-1-1"
1701.3435983297366,38624,2478,1,"1"
1704.0218010958286,38572,2530,6,"3-1-1-1"
1727.7365655557865,38518,2584,3,"3"
1738.469486051534,38395,2707,13,"7-6"
1738.8860310139148,38388,2714,1,"1"
1739.0328888145143,38270,2832,8,"2-2-2-1-1"
1742.0324112973217,38244,2858,2,"1-1"
1749.8910863781218,38226,2876,1,"1"
1755.6685276077051,38208,2894,1,"1"
1763.2678919050757,38190,2912,1,"1"
1773.9531009010341,38112,2990,6,"3-2-1"
1782.3150590865891,38094,3008,1,"1"
1785.3837540741417,38044,3058,5,"4-1"
1787.4005011082027,38026,3076,1,"1"
1791.6459103530335,38013,3089,1,"1"
1802.5295784213392,37995,3107,1,"1"
1803.0616919143815,37977,3125,1,"1"
1819.6158594874439,37959,3143,1,"1"
1852.3396735220754,37790,3312,12,"5-2-2-1-1-1"
1855.5364908556032,0,41102,2127,"2127"
----------------------------------------------5
0,41102,0,0,"0"
63.606921767150652,41101,1,1,"1"
106.83547108842738,41099,3,2,"2"
120.78500786149854,41098,4,1,"1"
161.80275242649574,41097,5,1,"1"
163.30586443734046,41096,6,1,"1"
195.94459307509851,41095,7,1,"1"
218.65584095464544,41094,8,1,"1"
219.80627522465014,41092,10,2,"2"
238.19394144226698,41074,28,1,"1"
251.50061982772982,41062,40,1,"1"
259.62854312150677,41044,58,1,"1"
279.74283956309984,41026,76,1,"1"
285.78958576016635,41025,77,1,"1"
289.61098149839438,41022,80,3,"3"
360.28697644494605,41004,98,1,"1"
379.3768926547329,41003,99,1,"1"
396.95126956588371,40989,113,1,"1"
399.67891166517899,40988,114,1,"1"
422.9241734407546,40970,132,1,"1"
426.67818781277742,40969,133,1,"1"
437.87267701237846,40957,145,1,"1"
461.76263023553093,40952,150,1,"1"
488.01894411312799,40934,168,1,"1"
490.37449791793568,40933,169,1,"1"
496.58436900062651,40921,181,1,"1"
499.55080301125503,40903,199,1,"1"
528.6657019570896,40893,209,1,"1"
666.3150043443967,40875,227,1,"1"
687.29625974140299,40857,245,1,"1"
704.02785166096942,40839,263,1,"1"
706.1099024826766,40821,281,1,"1"
716.59017543208802,40803,299,1,"1"
718.7551962593368,40794,308,1,"1"
819.84523976888227,40772,330,4,"4"
824.72059173938487,40736,366,3,"2-1"
831.29760778379307,40718,384,1,"1"
834.47400003094606,40710,392,2,"1-1"
840.40233500915542,40692,410,1,"1"
843.06794484653415,40687,415,1,"1"
848.7770301116949,40680,422,1,"1"
850.65094918144644,40665,437,1,"1"
886.9403986681657,40656,446,1,"1"
915.48236385571613,40646,456,2,"2"
924.24205161948953,40628,474,1,"1"
926.90729856413645,40623,479,1,"1"
935.85210235584407,40613,489,2,"2"
937.77111398788168,40606,496,1,"1"
939.13850031856828,40588,514,1,"1"
943.79025281847646,40569,533,3,"3"
951.00373148802396,40551,551,1,"1"
957.67373998153334,40532,570,3,"2-1"
960.09758526040389,40514,588,1,"1"
968.49967086935646,40505,597,1,"1"
973.828332063723,40500,602,1,"1"
983.0969862977762,40482,620,1,"1"
986.96113671879584,40464,638,1,"1"
1005.5336850520576,40446,656,1,"1"
1018.9319004111184,40428,674,1,"1"
1025.2571064063213,40410,692,1,"1"
1029.1419443554778,40400,702,2,"2"
1034.4935928489861,40382,720,1,"1"
1088.6765075352964,40372,730,1,"1"
1099.3976616272273,40354,748,1,"1"
1103.5244746044584,40336,766,1,"1"
1106.0509428385219,40272,830,6,"3-3"
1132.0869196708809,40252,850,4,"4"
1138.5763031521292,40233,869,3,"2-1"
1144.4176808945301,40206,896,3,"3"
1146.15546089246,40188,914,1,"1"
1161.86743390323,40170,932,1,"1"
1172.4934111094742,40152,950,1,"1"
1190.174318596461,40138,964,2,"2"
1199.203200377377,40120,982,1,"1"
1204.4051280421811,40102,1000,1,"1"
1216.3725934392469,40084,1018,1,"1"
1222.1024181045941,40007,1095,6,"4-2"
1233.1624006657125,39989,1113,1,"1"
1237.5494747631446,39977,1125,2,"1-1"
1276.0235072535331,39959,1143,1,"1"
1286.2895416063416,39943,1159,1,"1"
1302.7886494372005,39925,1177,1,"1"
1310.4046354797276,39911,1191,1,"1"
1322.2107528681634,39895,1207,1,"1"
1324.3651325060612,39785,1317,9,"6-2-1"
1333.7927255922796,39778,1324,1,"1"
1352.134410306873,39758,1344,2,"2"
1359.6401938997367,39740,1362,1,"1"
1375.6927773474326,39656,1446,12,"9-2-1"
1396.1556113044458,39638,1464,1,"1"
1412.1551861623354,39620,1482,1,"1"
1414.2051817451688,39602,1500,1,"1"
1415.30605991839,39596,1506,2,"2"
1429.7005134764618,39586,1516,1,"1"
1434.6447106955015,39566,1536,2,"1-1"
1449.9932921533782,39530,1572,2,"2"
1450.0440396254744,39508,1594,2,"1-1"
1452.3270646584119,39460,1642,6,"3-1-1-1"
1463.2028750573429,39436,1666,2,"1-1"
1473.5910613554158,39418,1684,1,"1"
1480.1908569085542,39400,1702,1,"1"
1481.9634953119414,39195,1907,22,"6-4-4-3-2-1-1-1"
1487.5186610361279,39159,1943,2,"2"
1491.1177587523466,39141,1961,1,"1"
1499.9343328354432,39127,1975,1,"1"
1515.183694636615,39109,1993,1,"1"
1520.8928721618486,39055,2047,3,"1-1-1"
1521.8820692680592,39037,2065,1,"1"
1524.6104079783372,39019,2083,1,"1"
1524.841988427153,39001,2101,1,"1"
1532.8948565595854,38992,2110,1,"1"
1539.823494751206,38974,2128,1,"1"
1552.0665798506727,38956,2146,1,"1"
1553.8750635895949,38768,2334,18,"5-4-4-2-2-1"
1563.7180181121605,38750,2352,1,"1"
1576.0055510222483,38732,2370,1,"1"
1582.6100372384167,38714,2388,1,"1"
1588.6421787339414,38692,2410,2,"2"
1594.5408876831696,38674,2428,1,"1"
1610.6553984213822,38654,2448,2,"2"
1610.7804317146649,38636,2466,1,"1"
1622.3633548692387,38618,2484,1,"1"
1633.9982283150382,38582,2520,2,"1-1"
1643.9705531875652,38564,2538,1,"1"
1653.2806569631455,38551,2551,1,"1"
1658.7576742897938,38533,2569,1,"1"
1659.5552861449266,38497,2605,2,"2"
1661.1672287475274,38479,2623,1,"1"
1681.7678643667755,38443,2659,2,"2"
1688.9912392697074,38407,2695,2,"2"
1690.2009249761604,38389,2713,1,"1"
1708.5727849746827,38223,2879,10,"4-2-2-1-1"
1711.8916071635822,38192,2910,2,"2"
1716.4063225462069,38174,2928,1,"1"
1720.091102168928,38156,2946,1,"1"
1722.7914132176279,38104,2998,4,"4"
1724.8607182256478,38086,3016,1,"1"
1725.5653718572578,38066,3036,2,"2"
1732.9550070603595,37987,3115,5,"2-2-1"
1735.3636074515878,37969,3133,1,"1"
1747.3147192241488,37957,3145,1,"1"
1750.3132924365257,37868,3234,5,"3-2"
1759.098890503361,37850,3252,1,"1"
1766.196285216286,37832,3270,1,"1"
1775.3726001931921,0,41102,2133,"2133"
----------------------------------------------6
0,41102,0,0,"0"
80.532888752235024,41101,1,1,"1"
101.74342544245843,41100,2,1,"1"
146.26120714545482,41099,3,1,"1"
149.97684903736516,41081,21,1,"1"
163.42510980310266,41080,22,1,"1"
178.10253360176802,41070,32,1,"1"
183.28425455379727,41069,33,1,"1"
228.20019074583328,41068,34,1,"1"
245.81343303805639,41067,35,1,"1"
258.64480817653799,41049,53,1,"1"
266.27925502156506,41048,54,1,"1"
276.67616294238388,41030,72,1,"1"
277.38426882536851,41029,73,1,"1"
298.17193348802795,41017,85,1,"1"
320.11534859645263,40999,103,1,"1"
321.94915761302781,40997,105,2,"1-1"
335.3966683777781,40994,108,1,"1"
342.74130583021116,40993,109,1,"1"
351.6064620016154,40991,111,2,"2"
352.58446422946315,40990,112,1,"1"
364.29708666145251,40980,122,1,"1"
424.94007292654788,40962,140,1,"1"
441.73654957551827,40960,142,2,"2"
461.07240026233893,40957,145,1,"1"
501.41300087091884,40952,150,1,"1"
511.28224274331319,40951,151,1,"1"
515.79467052072937,40933,169,1,"1"
521.62366077671243,40921,181,1,"1"
530.27504532647993,40916,186,1,"1"
552.68022621420823,40902,200,1,"1"
556.65238814492739,40897,205,1,"1"
562.61226696058509,40879,223,1,"1"
607.15839341294543,40870,232,1,"1"
621.0284741054121,40865,237,1,"1"
628.6111161729732,40847,255,1,"1"
669.06478811958277,40829,273,1,"1"
671.91763963804897,40815,287,1,"1"
672.37056863522582,40797,305,1,"1"
684.15348594345608,40779,323,1,"1"
708.93848628461649,40761,341,1,"1"
716.85928501359979,40747,355,2,"2"
730.19285455648992,40729,373,1,"1"
742.41304966426208,40711,391,1,"1"
742.57359230957616,40704,398,1,"1"
758.65468781559184,40696,406,2,"2"
759.72460063235599,40676,426,2,"2"
773.37692284634329,40658,444,1,"1"
780.16849277029371,40640,462,1,"1"
793.46795913500364,40630,472,2,"2"
863.7952764832246,40619,483,1,"1"
866.66760236303935,40607,495,1,"1"
928.23117041904652,40589,513,1,"1"
938.57602554596144,40579,523,2,"1-1"
956.37935448697124,40570,532,1,"1"
961.61289362767923,40552,550,1,"1"
962.42483211161266,40539,563,3,"2-1"
969.28074162314317,40521,581,1,"1"
969.98585360431719,40494,608,3,"2-1"
997.37438490041222,40489,613,1,"1"
1001.2396761349215,40465,637,4,"3-1"
1009.6373032556216,40429,673,2,"1-1"
1013.2979073656144,40424,678,1,"1"
1016.6853805941652,40414,688,1,"1"
1016.9196538581779,40391,711,3,"3"
1018.8674220046985,40373,729,1,"1"
1019.2307488310047,40368,734,1,"1"
1020.7653694554854,40350,752,1,"1"
1021.9248768560752,40332,770,1,"1"
1027.2867808597771,40320,782,1,"1"
1028.6300068704154,40313,789,1,"1"
1038.3465835897334,40308,794,1,"1"
1039.7677400919292,40303,799,1,"1"
1044.0338808352276,40293,809,1,"1"
1050.288930213396,40275,827,1,"1"
1058.6885068313973,40257,845,1,"1"
1060.2384583150256,40239,863,1,"1"
1062.4068070999826,40221,881,1,"1"
1062.7597044807403,40203,899,4,"1-1-1-1"
1078.652552686523,40185,917,1,"1"
1082.512098227789,40136,966,4,"3-1"
1107.2267269642559,40118,984,1,"1"
1128.2411103566178,40100,1002,1,"1"
1142.3903297158311,40093,1009,1,"1"
1145.3165490583831,40088,1014,1,"1"
1183.3710520581112,40052,1050,2,"2"
1185.6810210396272,40039,1063,1,"1"
1216.0437219068972,40021,1081,1,"1"
1222.1507249983861,40012,1090,1,"1"
1229.881548639944,40007,1095,1,"1"
1244.6823452840808,39989,1113,1,"1"
1246.2535038672406,39984,1118,1,"1"
1253.3901122810457,39975,1127,1,"1"
1270.5077662968702,39959,1143,1,"1"
1278.0101922742235,39950,1152,1,"1"
1291.9195302253274,39932,1170,1,"1"
1293.6976316608307,39927,1175,1,"1"
1296.3152506885926,39903,1199,2,"2"
1312.2549849490395,39885,1217,1,"1"
1321.0091720680703,39856,1246,3,"3"
1321.0831419088659,39766,1336,12,"2-2-2-2-1-1-1-1"
1327.6655690368937,39748,1354,1,"1"
1330.4404864652008,39720,1382,4,"4"
1331.5163190031537,39710,1392,2,"2"
1345.1764666210979,39688,1414,2,"1-1"
1358.3356832854379,39670,1432,1,"1"
1388.7920741428229,39528,1574,10,"9-1"
1410.9192531154122,39510,1592,1,"1"
1416.1699125399271,39492,1610,1,"1"
1416.7155592063546,39337,1765,17,"8-3-2-2-1-1"
1422.3346310792529,39301,1801,2,"2"
1423.7541015218719,39283,1819,1,"1"
1435.7896929338333,39265,1837,1,"1"
1447.1884908277648,39247,1855,1,"1"
1461.0029244312279,39235,1867,1,"1"
1464.7229578398878,39230,1872,1,"1"
1465.0274481133833,39194,1908,2,"2"
1465.833562983312,39158,1944,2,"1-1"
1484.2763320162026,39140,1962,1,"1"
1486.5627144098808,39111,1991,2,"2"
1487.9169872850441,39023,2079,8,"5-1-1-1"
1507.211039780439,38799,2303,18,"5-3-3-2-1-1-1-1-1"
1508.3339807617567,38764,2338,3,"3"
1520.9148705907141,38746,2356,1,"1"
1523.3717433932086,38733,2369,1,"1"
1525.9193498814539,38715,2387,1,"1"
1573.3776815368758,38615,2487,8,"5-2-1"
1573.8100681963274,38597,2505,1,"1"
1589.5394965825019,38579,2523,1,"1"
1590.3842177067422,38543,2559,2,"2"
1596.4934232376788,38525,2577,1,"1"
1607.4601372536031,38507,2595,1,"1"
1609.6386308456606,38471,2631,2,"1-1"
1618.3563777651493,38453,2649,1,"1"
1624.2063877465291,38435,2667,1,"1"
1631.481201593904,38363,2739,4,"2-1-1"
1632.2330199381654,38327,2775,2,"2"
1639.3638172270835,38237,2865,5,"5"
1642.5917070415376,38219,2883,1,"1"
1648.1178542865919,38183,2919,2,"2"
1655.0232038846541,38165,2937,1,"1"
1656.4620226447107,38141,2961,2,"2"
1658.1957354877457,38123,2979,1,"1"
1668.3807456862969,38105,2997,1,"1"
1679.9401359193503,38053,3049,4,"2-1-1"
1680.5474804348235,38043,3059,1,"1"
1680.6471629568512,38025,3077,1,"1"
1685.2659319108927,37989,3113,2,"2"
1690.7415000760136,37958,3144,2,"2"
1691.0163307143291,37940,3162,1,"1"
1704.522451868897,37922,3180,1,"1"
1718.2664076051626,37904,3198,1,"1"
1719.0481205471617,37868,3234,2,"1-1"
1723.6937105260076,37850,3252,1,"1"
1731.5520430017568,37814,3288,2,"2"
1740.9036220018083,37796,3306,1,"1"
1743.0398957661018,37778,3324,1,"1"
1749.1759140693312,37748,3354,3,"2-1"
1767.1103248116108,37730,3372,1,"1"
1780.8433500209342,37694,3408,2,"1-1"
1783.4934055444803,37676,3426,1,"1"
1806.8817470110073,37658,3444,1,"1"
1810.9436106173678,37640,3462,1,"1"
1820.1151278553702,37592,3510,4,"2-2"
1823.6192341535732,37556,3546,2,"2"
1829.3441225794388,37538,3564,1,"1"
1836.9083974307291,37520,3582,1,"1"
1839.9400504230982,37430,3672,5,"2-2-1"
1843.5989845348383,37412,3690,1,"1"
1864.3391356011468,37286,3816,11,"7-2-1-1"
1867.4986548654481,0,41102,2096,"2096"
----------------------------------------------7
0,41102,0,0,"0"
76.501927599821755,41084,18,1,"1"
132.97455099053849,41083,19,1,"1"
137.17516831706473,41082,20,1,"1"
150.2706998923239,41077,25,1,"1"
170.87054012137054,41076,26,1,"1"
191.34253444154166,41058,44,1,"1"
198.8512414577165,41057,45,1,"1"
204.331864149328,41051,51,2,"2"
209.46882421118053,41050,52,1,"1"
214.6472948997326,41049,53,1,"1"
236.58776487947458,41031,71,1,"1"
271.00847343414659,41030,72,1,"1"
273.51832016162587,41029,73,1,"1"
305.76126360285798,41013,89,4,"3-1"
313.97951716178454,40995,107,1,"1"
339.06399248055646,40977,125,1,"1"
340.912473992419,40976,126,1,"1"
341.28983696357824,40958,144,1,"1"
342.63405083788984,40956,146,2,"2"
343.2502971860099,40955,147,1,"1"
418.0178151908633,40937,165,1,"1"
462.53707189053449,40919,183,1,"1"
475.01055101933741,40905,197,1,"1"
483.35794061189262,40904,198,1,"1"
485.358213620821,40898,204,2,"2"
511.31337330031414,40884,218,1,"1"
520.38213454129152,40866,236,1,"1"
529.03424409913521,40848,254,1,"1"
529.06086664057818,40838,264,2,"2"
532.91798116037762,40823,279,1,"1"
550.68127292754696,40806,296,1,"1"
568.86189386727381,40803,299,1,"1"
597.28947410531975,40791,311,2,"2"
598.58919978987853,40773,329,1,"1"
619.44201970956544,40755,347,1,"1"
636.02787512154794,40737,365,1,"1"
642.70602520574732,40732,370,1,"1"
650.3656645386684,40714,388,1,"1"
678.40200052423143,40702,400,1,"1"
678.55299154629847,40684,418,1,"1"
685.01110867282637,40683,419,1,"1"
705.93110832510308,40665,437,1,"1"
730.41221077917271,40647,455,1,"1"
736.76607850626112,40611,491,2,"2"
762.35389484988514,40593,509,1,"1"
767.56420415190041,40575,527,1,"1"
773.23802398513271,40557,545,1,"1"
787.08742738032038,40545,557,2,"1-1"
792.47190763784317,40542,560,1,"1"
834.24071704611242,40524,578,1,"1"
859.97359548103668,40506,596,1,"1"
863.35647821368696,40501,601,1,"1"
869.25362753870672,40483,619,1,"1"
876.54739656797847,40478,624,1,"1"
885.30926941822941,40451,651,5,"2-2-1"
898.11685329396323,40433,669,1,"1"
904.41567496124935,40415,687,1,"1"
948.65311595834464,40397,705,4,"2-2"
957.57205640401514,40379,723,1,"1"
982.00071890366019,40374,728,1,"1"
986.82882044032101,40356,746,1,"1"
991.45339891300671,40338,764,1,"1"
993.48025658503343,40320,782,1,"1"
1001.7175783781395,40310,792,1,"1"
1010.8017031083017,40290,812,2,"2"
1069.8864613152502,40272,830,1,"1"
1104.6693842702393,40254,848,1,"1"
1111.0118149025852,40236,866,1,"1"
1113.3653293266991,40218,884,1,"1"
1114.7223492359658,40182,920,2,"2"
1124.5941224592232,40146,956,2,"2"
1166.5204773486169,40128,974,1,"1"
1174.476453659357,40110,992,1,"1"
1176.6178301587629,40096,1006,2,"2"
1188.1803616165901,40074,1028,2,"2"
1188.8534173218786,40062,1040,1,"1"
1189.6916758119696,40044,1058,1,"1"
1199.1389715659002,40026,1076,1,"1"
1199.6052251762669,39989,1113,5,"4-1"
1214.2339341854545,39980,1122,1,"1"
1215.0350096363268,39962,1140,1,"1"
1224.1730008318241,39944,1158,1,"1"
1232.528000467787,39908,1194,2,"1-1"
1246.5441416034032,39903,1199,1,"1"
1249.2471544613502,39885,1217,1,"1"
1271.6781107959273,39875,1227,1,"1"
1275.621960382025,39865,1237,1,"1"
1329.0873834107858,39847,1255,1,"1"
1332.3680216417683,39829,1273,1,"1"
1337.5262008582188,39811,1291,1,"1"
1341.1744571891477,39775,1327,2,"2"
1356.9563688769545,39757,1345,1,"1"
1364.9192305964532,39731,1371,6,"3-2-1"
1375.4671714079154,39726,1376,1,"1"
1379.638387793472,39712,1390,2,"2"
1390.1825863321392,39694,1408,1,"1"
1392.2324826101606,39680,1422,2,"2"
1396.5697808302766,39662,1440,1,"1"
1399.5025922516572,39657,1445,1,"1"
1417.0399876623553,39639,1463,1,"1"
1421.2718804249118,39603,1499,2,"1-1"
1423.7283802553227,39594,1508,1,"1"
1444.8130668584156,39576,1526,1,"1"
1459.1658326250115,39558,1544,1,"1"
1487.0799560085004,39540,1562,1,"1"
1493.070105605613,39525,1577,1,"1"
1496.4640910264075,39507,1595,1,"1"
1503.303632109039,39489,1613,1,"1"
1504.334129170652,39482,1620,1,"1"
1512.102212569557,39464,1638,1,"1"
1515.3669934814936,39446,1656,1,"1"
1545.2641335120582,39434,1668,1,"1"
1616.0757449360467,39425,1677,1,"1"
1616.3084943861743,39407,1695,1,"1"
1626.4377127248638,39387,1715,2,"2"
1630.1096944376359,39367,1735,2,"2"
1640.2279555845817,39349,1753,2,"1-1"
1663.3794969754649,39331,1771,1,"1"
1667.8347318075757,39313,1789,1,"1"
1672.0986029255416,39308,1794,1,"1"
1673.8931131004897,39290,1812,1,"1"
1678.5845227206087,39272,1830,1,"1"
1697.7485119676442,39254,1848,1,"1"
1700.5175406844717,39244,1858,1,"1"
1700.725218437994,39226,1876,1,"1"
1702.7538030255146,39208,1894,1,"1"
1708.4057226021141,39203,1899,1,"1"
1716.0427039061924,39185,1917,1,"1"
1718.697846282578,39167,1935,1,"1"
1719.2111366466884,39131,1971,2,"2"
1722.4986769247755,39113,1989,1,"1"
1729.5271213650824,39023,2079,5,"2-2-1"
1736.8274598832345,39018,2084,1,"1"
1736.9247547810348,38628,2474,41,"11-7-5-2-2-2-2-2-2-1-1-1-1-1-1"
1743.360730247218,38610,2492,1,"1"
1748.0017251962465,38592,2510,1,"1"
1763.1964856255665,38580,2522,1,"1"
1772.6588919426645,38562,2540,1,"1"
1778.0014810849143,38544,2558,1,"1"
1780.5951885639599,38526,2576,1,"1"
1780.6356417207137,38490,2612,2,"2"
1781.6014212191317,38385,2717,9,"4-2-1-1-1"
1785.619501305616,38321,2781,4,"2-1-1"
1793.6210442947759,38259,2843,5,"3-1-1"
1801.7216595713846,38241,2861,1,"1"
1801.9559925777496,38223,2879,1,"1"
1816.7030688545904,38213,2889,1,"1"
1819.4915968409882,38195,2907,1,"1"
1824.5586736560106,38002,3100,16,"6-5-2-2-1"
1840.0372497771805,37984,3118,1,"1"
1846.4919875185069,0,41102,2146,"2146"
----------------------------------------------8
0,41102,0,0,"0"
52.628104556114444,41101,1,1,"1"
94.797160902928994,41100,2,1,"1"
114.61806133187278,41099,3,1,"1"
117.30500654371598,41098,4,1,"1"
143.39831462232362,41080,22,1,"1"
148.90003910264775,41062,40,1,"1"
152.46031659988776,41061,41,1,"1"
195.46261742879514,41043,59,1,"1"
233.69391405965905,41042,60,1,"1"
286.68361076153809,41038,64,4,"3-1"
329.06527810040325,41037,65,1,"1"
350.85269241344491,41031,71,2,"2"
363.87279033027369,41013,89,1,"1"
365.45677100227823,41011,91,2,"2"
371.90469944126977,41010,92,1,"1"
402.83150245234924,40992,110,1,"1"
412.25889292450199,40991,111,1,"1"
440.00789260795113,40986,116,1,"1"
453.08182089797731,40977,125,1,"1"
453.63414210878409,40959,143,1,"1"
482.06021701296748,40946,156,1,"1"
532.97545943232171,40928,174,1,"1"
544.85748473696833,40922,180,2,"1-1"
580.0765139118547,40904,198,1,"1"
602.78640124399624,40886,216,1,"1"
609.07565370847271,40874,228,1,"1"
617.5478787033984,40856,246,1,"1"
619.67406150495503,40853,249,1,"1"
625.01523634506759,40848,254,1,"1"
630.76463346810112,40847,255,1,"1"
631.26028797544927,40793,309,3,"2-1"
666.13715773540571,40775,327,1,"1"
672.69832564703756,40757,345,1,"1"
684.99754064930232,40752,350,1,"1"
695.00049421347012,40747,355,1,"1"
741.78123574863446,40729,373,1,"1"
771.97939260162173,40711,391,1,"1"
792.41757191597446,40693,409,1,"1"
800.77401297458016,40675,427,1,"1"
809.85828988026287,40657,445,1,"1"
812.80875745735023,40643,459,1,"1"
829.93095422184876,40625,477,1,"1"
841.7074451728779,40615,487,2,"2"
847.89856763887303,40597,505,1,"1"
858.4123689169719,40579,523,1,"1"
862.34033599321822,40559,543,2,"2"
864.75657122935422,40541,561,1,"1"
886.86305891367272,40531,571,1,"1"
890.16419222438924,40526,576,1,"1"
906.27157142575163,40511,591,3,"2-1"
912.26024160148802,40493,609,2,"1-1"
918.56429093812073,40475,627,1,"1"
956.47575137138244,40461,641,2,"2"
975.3040748157722,40425,677,2,"1-1"
986.5327575670342,40416,686,1,"1"
994.63690757972518,40398,704,1,"1"
1000.7242536138696,40380,722,1,"1"
1006.6568736140501,40362,740,1,"1"
1027.3019719603737,40344,758,1,"1"
1036.7227645973219,40341,761,1,"1"
1043.802717204796,40323,779,1,"1"
1045.1716401629085,40307,795,1,"1"
1051.4996990926172,40293,809,2,"2"
1056.0752105511449,40275,827,1,"1"
1057.1067587649272,40258,844,1,"1"
1080.687009051846,40240,862,1,"1"
1091.9070629426865,40222,880,1,"1"
1094.9255316719257,40204,898,1,"1"
1112.049625340786,40186,916,1,"1"
1113.5857226735068,40176,926,2,"2"
1121.1496861937756,40158,944,1,"1"
1142.8231228251877,40141,961,3,"2-1"
1156.7071552641601,40123,979,1,"1"
1188.9784116063859,40105,997,1,"1"
1190.3875078244648,40088,1014,1,"1"
1192.5329226795934,40070,1032,1,"1"
1197.8771898749799,40052,1050,1,"1"
1213.0810152875154,40034,1068,1,"1"
1216.1245915606783,40031,1071,1,"1"
1222.2797174697057,40021,1081,1,"1"
1226.3263406825715,40003,1099,1,"1"
1227.4142240316557,39993,1109,2,"2"
1230.4769497951652,39967,1135,2,"1-1"
1233.5085617925095,39955,1147,2,"1-1"
1246.5835665504173,39950,1152,1,"1"
1269.7806845456519,39932,1170,1,"1"
1286.9254687082234,39914,1188,1,"1"
1306.6646926088613,39898,1204,1,"1"
1308.0222318826479,39874,1228,2,"2"
1349.2123509942553,39856,1246,1,"1"
1366.9722633299968,39838,1264,1,"1"
1377.85566041897,39803,1299,5,"2-1-1-1"
1389.6214679401071,39765,1337,3,"2-1"
1395.4289792028312,39729,1373,2,"2"
1403.9262958861211,39719,1383,1,"1"
1413.5406608527376,39701,1401,1,"1"
1425.78899657067,39683,1419,1,"1"
1440.1557683697151,39665,1437,1,"1"
1446.6286171016332,39636,1466,5,"3-2"
1452.2927021401588,39600,1502,4,"4"
1484.2931500643106,39582,1520,1,"1"
1485.2345623418507,39564,1538,1,"1"
1485.9914371269329,39546,1556,1,"1"
1492.3488483388937,39526,1576,2,"2"
1493.7339879253204,39519,1583,1,"1"
1493.8550735825056,39385,1717,12,"4-2-2-1-1-1-1"
1510.7570887359093,39309,1793,5,"3-1-1"
1513.5031914922647,39291,1811,1,"1"
1513.7560490338303,39271,1831,2,"2"
1519.8831824183901,39257,1845,1,"1"
1537.1450135445202,39234,1868,3,"2-1"
1548.0373329223287,39178,1924,8,"5-3"
1557.178042628791,39160,1942,1,"1"
1577.9828394461513,39142,1960,1,"1"
1579.7148596723009,39124,1978,1,"1"
1580.4638767631545,39112,1990,2,"2"
1583.7140418591573,39094,2008,1,"1"
1595.0928422789273,39076,2026,1,"1"
1601.1750437420014,39046,2056,3,"2-1"
1605.8032739233656,39028,2074,1,"1"
1615.8881534987061,38992,2110,2,"2"
1621.1004642475527,38980,2122,2,"1-1"
1622.4440711903862,38962,2140,1,"1"
1626.9505252002377,38926,2176,2,"2"
1627.112713671746,38919,2183,1,"1"
1629.4933227276947,38901,2201,2,"2"
1647.3956296648619,38891,2211,1,"1"
1648.9320535068143,38874,2228,1,"1"
1663.0870750466574,38856,2246,1,"1"
1664.9494458323989,38838,2264,1,"1"
1666.5314957601584,38788,2314,3,"3"
1674.2387640591546,38776,2326,1,"1"
1681.6356983592875,38710,2392,6,"4-2"
1682.151799450306,38674,2428,2,"1-1"
1688.0148779715289,38606,2496,8,"3-2-1-1-1"
1690.5573641717165,38588,2514,1,"1"
1695.6257169181235,38552,2550,2,"2"
1697.9070363641122,38537,2565,3,"3"
1699.3517194060378,38329,2773,16,"4-4-2-2-2-1-1"
1705.0145214925565,38311,2791,1,"1"
1718.8173476797899,38293,2809,1,"1"
1726.2966423266371,38275,2827,1,"1"
1730.5787580902297,38257,2845,1,"1"
1747.9412291036492,38086,3016,16,"5-3-2-1-1-1-1-1-1"
1751.4388760993186,38068,3034,1,"1"
1760.8253287869727,38055,3047,1,"1"
1761.9833711808196,37911,3191,8,"3-2-1-1-1"
1764.6503084030487,37893,3209,1,"1"
1765.5883217591504,37875,3227,1,"1"
1772.7867968400794,37808,3294,7,"6-1"
1789.6514400265999,37790,3312,1,"1"
1812.7744388328456,37754,3348,2,"2"
1834.7562530426421,37646,3456,9,"5-2-1-1"
1863.9116808776039,37628,3474,1,"1"
1864.2061075787719,37610,3492,1,"1"
1877.3081513036946,37592,3510,1,"1"
1884.0031261139841,37574,3528,1,"1"
1887.0066644257297,37556,3546,1,"1"
1888.1073791663416,37538,3564,1,"1"
1912.809117618536,37520,3582,1,"1"
1923.5942337735817,37426,3676,7,"3-2-2"
1925.4391923619412,37408,3694,1,"1"
1929.4886091432274,37354,3748,3,"3"
1935.7295352403471,0,41102,2100,"2100"
----------------------------------------------9
0,41102,0,0,"0"
58.471178841625054,41101,1,1,"1"
65.293470798919387,41100,2,1,"1"
140.8480068802117,41099,3,1,"1"
143.21105406263558,41098,4,1,"1"
154.90730285828684,41080,22,1,"1"
189.90187265777885,41079,23,1,"1"
232.63643875875294,41078,24,1,"1"
244.27688449418628,41068,34,1,"1"
246.5399413428016,41067,35,1,"1"
291.73564395837468,41049,53,1,"1"
293.19358119642118,41048,54,1,"1"
353.11855658994722,41047,55,1,"1"
371.54985505855603,41042,60,1,"1"
383.36482864861966,41036,66,6,"4-1-1"
415.51026710659403,41033,69,1,"1"
449.55767553494252,41028,74,1,"1"
501.64827511105796,41016,86,1,"1"
505.64288130116176,41015,87,1,"1"
513.86992580564197,41012,90,1,"1"
518.84439040483301,41011,91,1,"1"
546.25466227926449,41006,96,1,"1"
557.08590055890511,40988,114,1,"1"
569.39777864651364,40970,132,1,"1"
578.47631413573788,40955,147,3,"2-1"
587.5434257739347,40937,165,1,"1"
604.45982336025952,40932,170,1,"1"
612.53707785539291,40931,171,1,"1"
634.38935848315623,40913,189,1,"1"
679.48047958253619,40895,207,1,"1"
680.08048652544335,40877,225,1,"1"
682.03905462407022,40841,261,2,"1-1"
698.14871425767024,40823,279,1,"1"
720.43161856505048,40811,291,1,"1"
854.31530626251038,40793,309,1,"1"
869.72716646035508,40788,314,1,"1"
887.30834805163136,40770,332,1,"1"
900.78629904046932,40762,340,2,"1-1"
905.06455464628391,40753,349,1,"1"
910.9833632965549,40735,367,1,"1"
924.13633361800248,40717,385,1,"1"
929.6463085380999,40714,388,1,"1"
945.86337930876016,40704,398,2,"1-1"
946.46386069624316,40647,455,7,"3-2-2"
951.01729685252735,40611,491,2,"2"
951.8785069809868,40593,509,1,"1"
976.86074031635485,40573,529,2,"2"
980.12841149396775,40568,534,1,"1"
1000.5476018251367,40550,552,1,"1"
1005.0924372801873,40530,572,2,"2"
1008.6162635402925,40494,608,2,"2"
1022.9375944312426,40476,626,1,"1"
1032.6602526814772,40458,644,1,"1"
1032.7894927690259,40440,662,1,"1"
1073.1481457622594,40422,680,1,"1"
1078.2325157726198,40417,685,1,"1"
1084.915228316831,40412,690,1,"1"
1087.2867148119683,40376,726,2,"2"
1093.6119485864558,40358,744,1,"1"
1116.8187057672603,40340,762,1,"1"
1117.7385312089061,40322,780,1,"1"
1127.2325875352494,40286,816,2,"2"
1159.5600314148667,40268,834,1,"1"
1180.1980296383244,40217,885,9,"6-2-1"
1232.3502625465346,40199,903,1,"1"
1234.4564631435564,40186,916,1,"1"
1242.4954423518477,40183,919,1,"1"
1246.3146830817311,40173,929,1,"1"
1277.0458375270575,40155,947,1,"1"
1278.999173004888,40119,983,2,"1-1"
1283.0315456866631,40104,998,3,"2-1"
1288.655817576152,40034,1068,5,"2-2-1"
1292.7169870964242,40016,1086,1,"1"
1295.2345230391552,39998,1104,1,"1"
1304.9049673339027,39968,1134,3,"3"
1312.6696004023579,39948,1154,4,"4"
1323.4538608601724,39930,1172,1,"1"
1350.4861297821008,39912,1190,1,"1"
1355.305702473172,39892,1210,2,"2"
1358.8282904732214,39874,1228,1,"1"
1360.510980495121,39856,1246,1,"1"
1373.0481423315091,39838,1264,1,"1"
1375.8194878808313,39820,1282,1,"1"
1388.0238085367791,39786,1316,2,"2"
1395.9659906287509,39777,1325,1,"1"
1397.1885111926294,39759,1343,1,"1"
1402.3805971664001,39741,1361,1,"1"
1403.4778323410499,39723,1379,1,"1"
1420.9330685034486,39705,1397,1,"1"
1430.4290473622148,39681,1421,2,"2"
1437.3587620829039,39661,1441,2,"2"
1437.7191483295428,39593,1509,8,"6-1-1"
1450.2592712893186,39575,1527,1,"1"
1455.7899615170534,39565,1537,2,"2"
1459.0353238952518,39515,1587,6,"3-1-1-1"
1460.9406959851078,39497,1605,1,"1"
1471.6342787123435,39479,1623,1,"1"
1482.3525396842763,39443,1659,2,"2"
1483.6164149510726,39436,1666,1,"1"
1491.8351770588524,39431,1671,1,"1"
1505.2606193956331,39394,1708,3,"2-1"
1506.3046588330221,39376,1726,1,"1"
1507.1126111368894,39358,1744,1,"1"
1514.5912685266069,39329,1773,3,"1-1-1"
1519.82876996031,39294,1808,5,"2-1-1-1"
1538.5364785027484,39284,1818,2,"2"
1544.0052857729629,39266,1836,1,"1"
1544.0795254025993,39256,1846,1,"1"
1544.7340596576457,39238,1864,1,"1"
1547.0023665936021,39220,1882,1,"1"
1559.3285989981939,39202,1900,1,"1"
1561.3285179343604,39184,1918,1,"1"
1564.0374463953458,39148,1954,2,"2"
1569.5670024535991,39125,1977,3,"2-1"
1573.5217979366696,39052,2050,7,"4-2-1"
1581.366031860264,39034,2068,1,"1"
1582.1324273634239,39016,2086,1,"1"
1583.8369262695037,38821,2281,18,"7-3-2-2-2-1-1"
1585.9764668612115,38785,2317,2,"2"
1604.4532899321148,38767,2335,1,"1"
1607.9522981564521,38690,2412,6,"5-1"
1610.7094348109376,38648,2454,4,"2-1-1"
1614.3957299035408,38630,2472,1,"1"
1615.9310165570741,38590,2512,3,"1-1-1"
1619.9406277811713,38572,2530,1,"1"
1631.8163186970874,38536,2566,2,"2"
1638.0454207025346,38500,2602,2,"2"
1667.2329212058567,38487,2615,1,"1"
1668.8902638456937,38469,2633,1,"1"
1670.9198414849538,38456,2646,1,"1"
1691.3515561660909,38438,2664,1,"1"
1699.5948260303337,38428,2674,1,"1"
1707.9460554763721,38180,2922,18,"12-2-2-1-1"
1708.2331840793247,38128,2974,5,"3-1-1"
1714.6202162276902,38110,2992,1,"1"
1718.4175774847608,38092,3010,1,"1"
1720.5604116979748,38074,3028,1,"1"
1724.5459026427015,37574,3528,38,"6-4-3-3-3-2-2-2-2-2-1-1-1-1-1-1-1-1-1"
1728.204187481243,37556,3546,1,"1"
1737.7885686543709,37538,3564,1,"1"
1748.6567046087048,0,41102,2106,"2106"
