# Right inset: F_sat versus m, F_sat = F_rup at T_s = 8192
# Set 0: the five measured values. Set 1: fit a*(1-exp(-m/b)) sampled
# a = 2502.7 +- 30.9, b = 2.182 +- 0.072
# Columns: m  F_sat
# Source: Reviews/N9_damage_curves/damage_summary.csv (job 590854, SDumont2)
# Each point averages 10^4 realizations (200 fibrils x 50 draws).
@type xy
# measured
1 902.5580
2 1532.4409
3 1875.1941
5 2212.0199
10 2495.4870
&
@type xy
# fit
0.500 512.5751
0.600 601.7327
0.700 686.8961
0.800 768.2442
0.900 845.9480
1.000 920.1705
1.100 991.0680
1.200 1058.7892
1.300 1123.4765
1.400 1185.2659
1.500 1244.2871
1.600 1300.6641
1.700 1354.5155
1.800 1405.9543
1.900 1455.0887
2.000 1502.0219
2.100 1546.8524
2.200 1589.6746
2.300 1630.5783
2.400 1669.6496
2.500 1706.9704
2.600 1742.6193
2.700 1776.6712
2.800 1809.1975
2.900 1840.2666
3.000 1869.9438
3.100 1898.2915
3.200 1925.3693
3.300 1951.2339
3.400 1975.9398
3.500 1999.5389
3.600 2022.0808
3.700 2043.6128
3.800 2064.1801
3.900 2083.8261
4.000 2102.5919
4.100 2120.5170
4.200 2137.6390
4.300 2153.9940
4.400 2169.6163
4.500 2184.5387
4.600 2198.7926
4.700 2212.4079
4.800 2225.4133
4.900 2237.8360
5.000 2249.7022
5.100 2261.0368
5.200 2271.8636
5.300 2282.2053
5.400 2292.0837
5.500 2301.5196
5.600 2310.5328
5.700 2319.1422
5.800 2327.3658
5.900 2335.2211
6.000 2342.7244
6.100 2349.8916
6.200 2356.7377
6.300 2363.2771
6.400 2369.5236
6.500 2375.4902
6.600 2381.1894
6.700 2386.6334
6.800 2391.8335
6.900 2396.8006
7.000 2401.5452
7.100 2406.0772
7.200 2410.4062
7.300 2414.5413
7.400 2418.4911
7.500 2422.2639
7.600 2425.8678
7.700 2429.3101
7.800 2432.5983
7.900 2435.7391
8.000 2438.7393
8.100 2441.6050
8.200 2444.3424
8.300 2446.9571
8.400 2449.4547
8.500 2451.8404
8.600 2454.1192
8.700 2456.2959
8.800 2458.3751
8.900 2460.3612
9.000 2462.2582
9.100 2464.0703
9.200 2465.8012
9.300 2467.4546
9.400 2469.0339
9.500 2470.5424
9.600 2471.9834
9.700 2473.3598
9.800 2474.6746
9.900 2475.9304
10.000 2477.1300
10.100 2478.2758
10.200 2479.3703
10.300 2480.4158
10.400 2481.4144
10.500 2482.3683
10.600 2483.2795
10.700 2484.1498
10.800 2484.9812
10.900 2485.7753
11.000 2486.5338
&
