f,num_active_particles,num_deleted_particles,total_deleted_rods,avalanche_sizes
0,38743,0,0,"0"
25.492452239747927,38689,54,3,"2-1"
33.728979527237591,38671,72,1,"1"
36.564068729488739,38670,73,1,"1"
42.24052758566534,38652,91,1,"1"
59.420488678474193,38651,92,1,"1"
76.858894182956732,38650,93,1,"1"
82.573149898029229,38649,94,1,"1"
101.54448975084745,38631,112,1,"1"
106.16705532552091,38595,148,2,"2"
108.57370562029323,37505,1238,61,"54-5-2"
110.49753396049292,37487,1256,1,"1"
125.71175893765262,37486,1257,1,"1"
126.48170732921812,37432,1311,3,"2-1"
128.70770659943318,37431,1312,1,"1"
132.67620206227545,37428,1315,1,"1"
145.04864394144971,37410,1333,1,"1"
148.87477485524528,37392,1351,1,"1"
163.34185777915954,37391,1352,1,"1"
165.64855326617683,37337,1406,3,"2-1"
171.03678809475846,37319,1424,1,"1"
173.9119638496548,37318,1425,1,"1"
175.1083795024613,37300,1443,1,"1"
175.9199692067651,37264,1479,2,"2"
176.58473621513551,37263,1480,1,"1"
190.8633508425917,37260,1483,1,"1"
191.73342472232088,37242,1501,1,"1"
200.05215683876932,37218,1525,2,"2"
208.05065237317191,37215,1528,1,"1"
217.8901137872223,37179,1564,2,"1-1"
219.33136145845361,37161,1582,1,"1"
220.37056820788945,37143,1600,1,"1"
225.03660288935478,37107,1636,2,"2"
225.3082566200666,37089,1654,1,"1"
231.6935834691181,36931,1812,9,"6-3"
232.40456694094382,36913,1830,1,"1"
232.77484124116742,36895,1848,1,"1"
233.16126764566269,36877,1866,1,"1"
233.6149595413232,36863,1880,1,"1"
236.50315330787745,36791,1952,4,"3-1"
239.30328982692777,36773,1970,1,"1"
240.50362703732779,36762,1981,1,"1"
245.16466285074486,36744,1999,1,"1"
248.35829037862624,36726,2017,1,"1"
249.88018508950915,36708,2035,1,"1"
250.46811215239762,36692,2051,1,"1"
252.84613339293435,36656,2087,2,"2"
258.30293032878183,36620,2123,2,"1-1"
260.01295307540573,36368,2375,14,"13-1"
261.73520718599491,36350,2393,1,"1"
262.31567990417165,36332,2411,1,"1"
262.77957891174896,36314,2429,1,"1"
264.99026382103199,36296,2447,1,"1"
268.39796141461198,36278,2465,1,"1"
270.81792985429394,36260,2483,1,"1"
275.9738351858955,36242,2501,1,"1"
276.82277877490611,36224,2519,1,"1"
280.64852586653546,36206,2537,1,"1"
284.57189368351197,36203,2540,1,"1"
285.27223815026986,36185,2558,1,"1"
291.13626692286164,36175,2568,2,"2"
292.91169000470683,36139,2604,2,"1-1"
296.00069532554869,36121,2622,1,"1"
302.13105102508206,36103,2640,1,"1"
302.80784034011344,36085,2658,1,"1"
305.17443719534867,36067,2676,1,"1"
306.07129055278557,36049,2694,1,"1"
307.95434012347027,36037,2706,1,"1"
309.09137582852287,36019,2724,1,"1"
309.65505524952954,36001,2742,1,"1"
310.24207701637073,35983,2760,1,"1"
311.73288329149261,35965,2778,1,"1"
311.88770814295907,35957,2786,2,"2"
312.33417251180856,35956,2787,1,"1"
314.20342705259128,35938,2805,1,"1"
317.26164451692762,35935,2808,1,"1"
321.73965299591833,35934,2809,1,"1"
325.77955415029919,35916,2827,1,"1"
330.33063881496156,35898,2845,1,"1"
332.08986921058982,35895,2848,1,"1"
335.50175476650827,35877,2866,1,"1"
339.22658060136251,35859,2884,1,"1"
341.27514316717497,35841,2902,1,"1"
343.90980509989225,35721,3022,7,"6-1"
348.37403073250897,35707,3036,1,"1"
351.09034778374934,35704,3039,1,"1"
353.31444317795922,35686,3057,1,"1"
355.84273647508167,35632,3111,3,"3"
361.21452584286885,35625,3118,1,"1"
364.55850976986972,35622,3121,1,"1"
371.68506186166462,35610,3133,1,"1"
372.71311291144644,35592,3151,1,"1"
375.78395153777029,35589,3154,1,"1"
380.41781145517842,35373,3370,12,"11-1"
380.97350143208274,35355,3388,1,"1"
387.5562281909788,35344,3399,1,"1"
391.12368316517365,35326,3417,1,"1"
394.44754771597809,35308,3435,1,"1"
394.89484036555115,35281,3462,3,"1-1-1"
395.15346047953022,35263,3480,1,"1"
400.24507469759436,31675,7068,200,"126-58-5-2-1-1-1-1-1-1-1-1-1"
404.37992693328931,31657,7086,1,"1"
417.11156712688233,31639,7104,1,"1"
425.55759457333187,31636,7107,1,"1"
426.64638195901313,31564,7179,4,"1-1-1-1"
428.57102649987519,31561,7182,1,"1"
434.7143545363673,31543,7200,1,"1"
436.27407125232537,31489,7254,4,"4"
436.63016904279829,31459,7284,2,"1-1"
437.1343120919733,31369,7374,5,"5"
438.01177261246391,31281,7462,5,"2-2-1"
439.07593294509468,31263,7480,1,"1"
439.21775406235139,31252,7491,1,"1"
444.22174910582311,31234,7509,1,"1"
444.74006475661611,31216,7527,1,"1"
448.11562228031835,31072,7671,8,"6-1-1"
450.25827147548165,31054,7689,1,"1"
450.96696742700635,31000,7743,3,"2-1"
451.00323219951258,30985,7758,1,"1"
453.19231409908542,30928,7815,4,"4"
461.18394591714411,30910,7833,1,"1"
461.52305560375834,30878,7865,2,"2"
462.86850495143466,30860,7883,1,"1"
465.33008759286565,30842,7901,1,"1"
466.09100922532292,30817,7926,2,"2"
466.11507301170735,30807,7936,2,"1-1"
467.60246755944377,30804,7939,1,"1"
470.13870852445098,30752,7991,3,"3"
470.21384128801463,30721,8022,2,"2"
476.61242523951978,30703,8040,1,"1"
481.15177741845105,30613,8130,5,"2-1-1-1"
482.58314976340142,30610,8133,1,"1"
483.63933817983434,30604,8139,2,"1-1"
484.95091728510215,30586,8157,2,"1-1"
485.38876318935064,30568,8175,1,"1"
487.38022653791347,30565,8178,1,"1"
489.70326045435883,30541,8202,4,"4"
491.06144057568133,30415,8328,7,"6-1"
491.13522864053732,30401,8342,1,"1"
494.06038367686739,30347,8396,3,"2-1"
495.03882759285113,30329,8414,1,"1"
499.936750260954,30257,8486,6,"6"
501.15033430598845,30246,8497,1,"1"
504.70474828253987,30228,8515,1,"1"
505.63592473581747,30174,8569,3,"1-1-1"
511.67610948710615,30138,8605,2,"2"
522.85570168715174,30120,8623,1,"1"
524.35214523016987,30102,8641,1,"1"
527.28806389932629,30066,8677,2,"1-1"
529.00602991318715,29386,9357,39,"30-3-2-2-1-1"
530.02467907062271,29368,9375,1,"1"
530.13923256202054,29339,9404,3,"3"
530.59263111468931,29199,9544,8,"8"
532.48805554662795,29181,9562,1,"1"
534.65164564064526,28947,9796,13,"7-2-2-1-1"
535.13861984007724,0,38743,1666,"1238-305-123"
----------------------------------------------1
0,38743,0,0,"0"
23.073348523627992,38599,144,8,"5-2-1"
30.151180196175766,38596,147,1,"1"
53.764432391926327,38578,165,1,"1"
81.745323233414638,38542,201,2,"2"
87.099256234387852,38524,219,1,"1"
89.75596965550352,36109,2634,137,"128-2-1-1-1-1-1-1-1"
90.801141077212321,36093,2650,1,"1"
93.771525737397099,36092,2651,1,"1"
100.36955471922819,36074,2669,1,"1"
102.1583862740288,36062,2681,1,"1"
106.74586081417776,36047,2696,1,"1"
108.27683175244771,36046,2697,1,"1"
126.56135082035708,36028,2715,1,"1"
128.1672126117206,36027,2716,1,"1"
130.91021549625327,35921,2822,6,"6"
145.82028606559112,35920,2823,1,"1"
155.5038340654333,35902,2841,1,"1"
155.59920716162384,35901,2842,1,"1"
156.46609892589666,35883,2860,1,"1"
157.82662407568964,35865,2878,1,"1"
159.71711596895392,35851,2892,1,"1"
162.37336113543492,35833,2910,1,"1"
164.61013926418559,35830,2913,3,"1-1-1"
164.67182551363186,35812,2931,1,"1"
175.34995445029119,35798,2945,1,"1"
177.52656210424388,35746,2997,3,"3"
181.11256107998946,35710,3033,2,"2"
185.65072459026669,35692,3051,1,"1"
185.71180311015038,35674,3069,1,"1"
189.93342152484811,35656,3087,1,"1"
191.65627570610746,35638,3105,1,"1"
192.4500089803453,35620,3123,1,"1"
199.22346772606187,35602,3141,1,"1"
199.23417971307339,35494,3249,6,"5-1"
199.49280388809308,35476,3267,1,"1"
204.63028128205062,35458,3285,1,"1"
204.97441848404355,35457,3286,1,"1"
207.42074042794039,35439,3304,1,"1"
210.35910110615512,35421,3322,1,"1"
211.88921656293644,35418,3325,1,"1"
225.22972479967311,35400,3343,1,"1"
230.0182781653788,35382,3361,1,"1"
234.22002293475322,35364,3379,1,"1"
234.79326111189204,35346,3397,1,"1"
237.88010256818973,35316,3427,2,"1-1"
239.36671073411088,35298,3445,1,"1"
239.45255004525268,35262,3481,2,"2"
240.61642853000114,35244,3499,1,"1"
241.7960604895656,35226,3517,1,"1"
244.90513474864309,35208,3535,1,"1"
251.04702561415667,35190,3553,1,"1"
251.27485271309479,35172,3571,1,"1"
254.74882981441178,35169,3574,1,"1"
258.88646720291206,35151,3592,1,"1"
262.70264217391377,35115,3628,2,"1-1"
270.15113373144885,35097,3646,1,"1"
270.5979513927814,35094,3649,1,"1"
272.89966285741099,35076,3667,1,"1"
273.94234161271322,34986,3757,5,"2-1-1-1"
274.190257182099,34983,3760,1,"1"
276.99640262350312,34982,3761,1,"1"
286.95126099366172,34964,3779,1,"1"
287.26305056000496,34451,4292,30,"19-5-2-2-1-1"
288.00460288666289,34433,4310,1,"1"
289.72800736898205,34418,4325,1,"1"
299.37158338481589,34400,4343,1,"1"
301.20303545660465,34382,4361,1,"1"
303.92428297033132,34379,4364,1,"1"
308.51360930616005,34361,4382,1,"1"
311.33390356430112,34343,4400,1,"1"
314.54050526354303,34325,4418,1,"1"
315.02183601576883,33181,5562,64,"47-13-2-1-1"
329.32889856167463,33163,5580,1,"1"
330.50456116751462,33145,5598,1,"1"
333.05418973851397,33127,5616,1,"1"
345.05129895713077,33109,5634,1,"1"
352.61438173485413,33073,5670,2,"1-1"
353.45732442226239,33055,5688,1,"1"
355.11503732486551,33037,5706,1,"1"
355.34027197815954,33030,5713,1,"1"
355.69006725789546,33018,5725,2,"1-1"
356.55845006164679,33000,5743,1,"1"
357.94346581447792,32964,5779,2,"1-1"
361.45989573320435,32946,5797,1,"1"
362.8159553273872,32928,5815,1,"1"
364.12732931962779,32907,5836,2,"2"
364.74312834575102,32889,5854,1,"1"
373.06112879844363,32871,5872,1,"1"
373.75775485272158,32860,5883,1,"1"
378.40519031762926,32824,5919,2,"1-1"
378.90666158298461,32803,5940,3,"2-1"
390.16681457519144,32785,5958,1,"1"
391.22664405989087,32767,5976,1,"1"
395.39533270832993,32749,5994,1,"1"
399.90850407779351,32731,6012,1,"1"
404.04091415619752,32728,6015,1,"1"
409.35753508379992,32710,6033,1,"1"
409.61384525247774,32674,6069,2,"2"
412.59486149209175,32656,6087,1,"1"
412.72102535471481,32620,6123,2,"2"
414.24099227778885,32617,6126,1,"1"
414.81293857215763,32599,6144,1,"1"
419.08475255511496,32583,6160,1,"1"
421.73960150904571,32576,6167,1,"1"
423.57160822539635,32558,6185,1,"1"
429.20785210513691,32540,6203,1,"1"
430.75500085215924,29851,8892,152,"137-8-1-1-1-1-1-1-1"
437.74019127486798,29848,8895,1,"1"
441.62503854132177,29794,8949,3,"3"
442.04618595091478,29776,8967,1,"1"
446.85469784934423,29758,8985,1,"1"
452.74218255744688,29704,9039,3,"3"
457.85350501928366,29128,9615,32,"15-11-2-1-1-1-1"
461.1312439320015,28732,10011,22,"16-2-1-1-1-1"
466.48938052596486,28714,10029,1,"1"
472.35215982492815,28696,10047,1,"1"
478.75903621261432,28682,10061,1,"1"
482.47140070029815,28670,10073,1,"1"
482.48415951094358,28658,10085,1,"1"
485.49063903606964,28625,10118,2,"2"
485.63346156877651,28535,10208,5,"4-1"
485.76960623845724,28517,10226,1,"1"
485.77288557342689,28337,10406,10,"10"
489.25564886632725,28334,10409,1,"1"
490.96632137233377,28331,10412,1,"1"
491.15933286231308,28277,10466,4,"4"
493.79287672384356,28259,10484,1,"1"
494.3570984048078,0,38743,1640,"1640"
----------------------------------------------2
0,38743,0,0,"0"
1.8778189974962565,38707,36,2,"2"
38.4284491432199,38706,37,1,"1"
53.494828447995282,38688,55,1,"1"
54.22698572564984,38670,73,1,"1"
64.773770440672678,38652,91,1,"1"
70.890796102767041,38634,109,1,"1"
86.146099196980089,38616,127,1,"1"
90.081642079994026,38602,141,1,"1"
90.159856968378492,38584,159,1,"1"
103.41859318569423,38548,195,2,"2"
105.00785677337065,38512,231,2,"2"
107.68997298668801,38386,357,7,"7"
113.39508919640413,38368,375,1,"1"
117.27388069518422,38350,393,1,"1"
119.08111808085248,38244,499,6,"6"
124.2631704747166,38226,517,1,"1"
126.00028619241847,38225,518,1,"1"
127.75926599017598,38189,554,2,"1-1"
128.38020271705707,38171,572,1,"1"
130.84171078551989,38169,574,2,"1-1"
130.90786954060439,38151,592,1,"1"
133.09520477979251,38133,610,1,"1"
136.18365927610157,38128,615,1,"1"
139.38076335253427,38110,633,1,"1"
147.32551270989379,38094,649,1,"1"
152.11993869575599,38082,661,1,"1"
156.41181131219264,38064,679,1,"1"
156.73737639732812,38046,697,1,"1"
159.28059227370284,38028,715,1,"1"
162.81180040617772,38010,733,1,"1"
162.83980326850102,38009,734,1,"1"
163.73895819503664,37991,752,1,"1"
164.90176950397591,37955,788,2,"2"
165.12988270593186,37937,806,1,"1"
165.68989333485732,37901,842,2,"1-1"
168.10967678030534,37883,860,1,"1"
168.4862953538931,37882,861,1,"1"
170.66855193622342,37881,862,1,"1"
175.00915643777668,37863,880,1,"1"
176.29138652655985,37845,898,1,"1"
178.12814964913781,37844,899,1,"1"
181.12861641304193,37826,917,1,"1"
183.43862413437574,37811,932,1,"1"
183.89842312005209,37810,933,1,"1"
184.16570161117227,37799,944,1,"1"
187.02270197656748,37781,962,1,"1"
196.51042964232192,37772,971,1,"1"
199.98934650846275,37771,972,1,"1"
200.55271270873706,35353,3390,135,"125-2-1-1-1-1-1-1-1-1"
204.07653381853299,35245,3498,6,"5-1"
209.9889175451838,35242,3501,1,"1"
213.21573017710639,35239,3504,1,"1"
216.95179613823288,35187,3556,3,"3"
225.07683301204099,35169,3574,2,"2"
232.46147585802251,35151,3592,1,"1"
233.80807237115198,35105,3638,3,"2-1"
234.42891789291934,35087,3656,1,"1"
237.15907599423602,35084,3659,1,"1"
237.16763955874279,35066,3677,1,"1"
245.9437073856061,35048,3695,1,"1"
245.99124957344182,35030,3713,1,"1"
246.60108940426005,35029,3714,1,"1"
249.46373986769692,34111,4632,51,"42-5-2-1-1"
249.59326844996608,34093,4650,1,"1"
253.7055774489547,34057,4686,2,"1-1"
256.76255137751667,34049,4694,2,"2"
258.29071514326682,34031,4712,1,"1"
259.4799031106449,34013,4730,1,"1"
260.19846091211269,33995,4748,1,"1"
262.81960589728413,33977,4766,1,"1"
266.04361530093365,33959,4784,1,"1"
271.33008376496525,33944,4799,1,"1"
274.8846099863112,33838,4905,7,"7"
278.53282913218231,33820,4923,1,"1"
289.77895473436132,33802,4941,1,"1"
299.09841038549382,33799,4944,1,"1"
300.50692575883704,33781,4962,1,"1"
300.90447353151797,33775,4968,2,"1-1"
307.16531818575737,33757,4986,1,"1"
311.14964690445839,33450,5293,20,"19-1"
312.80063751271649,33432,5311,1,"1"
315.80452372638212,33414,5329,1,"1"
319.09550704850363,33388,5355,2,"1-1"
321.51119122967646,33370,5373,1,"1"
325.45526771611151,33352,5391,1,"1"
327.16690267391567,33327,5416,2,"1-1"
329.4714580494653,33309,5434,1,"1"
329.62174020446264,33306,5437,1,"1"
331.07648235304111,33291,5452,1,"1"
338.25843221493511,33273,5470,1,"1"
339.08034594320111,32877,5866,23,"20-3"
339.28839349768828,32863,5880,1,"1"
340.03638307745439,32827,5916,2,"1-1"
340.16286501422536,32806,5937,3,"3"
347.10958143800821,32803,5940,1,"1"
352.80248905309594,32800,5943,1,"1"
362.80477400136283,32782,5961,1,"1"
363.3402129245755,32779,5964,1,"1"
366.45441718216932,32761,5982,1,"1"
370.18953497013194,32691,6052,4,"3-1"
374.16145055858016,32673,6070,1,"1"
375.19612767355449,32565,6178,6,"6"
376.32225681677113,32015,6728,32,"26-5-1"
376.75274760546296,30145,8598,118,"44-26-24-4-3-3-2-1-1-1-1-1-1-1-1-1-1-1-1"
380.12835160576952,30127,8616,1,"1"
382.26456501690501,30124,8619,1,"1"
384.35411002268086,30113,8630,1,"1"
393.80756049132333,30050,8693,5,"5"
396.8869413379465,29960,8783,5,"5"
401.31867392904468,29948,8795,1,"1"
401.33417642127171,29945,8798,1,"1"
406.23060494958759,29927,8816,1,"1"
412.32439438085476,29909,8834,2,"2"
412.5718350826956,29891,8852,1,"1"
417.43413554275617,29873,8870,1,"1"
425.21744704860271,29855,8888,1,"1"
427.63915935127659,29837,8906,1,"1"
428.25137460762181,28829,9914,62,"31-23-1-1-1-1-1-1-1-1"
431.61307634188773,28811,9932,1,"1"
432.00917553038653,28804,9939,1,"1"
439.51649716762131,28768,9975,2,"1-1"
440.73348854655546,28696,10047,5,"4-1"
441.83080136546113,0,38743,1638,"1265-242-131"
----------------------------------------------3
0,38743,0,0,"0"
34.836992041864605,38706,37,3,"2-1"
35.152932320097911,38688,55,1,"1"
39.444238733215343,38687,56,1,"1"
44.003269226873414,38669,74,1,"1"
52.246271456004962,38651,92,1,"1"
89.187367625971504,38633,110,1,"1"
89.487364616234174,38615,128,1,"1"
90.610567513772423,38614,129,1,"1"
98.483470416690238,38596,147,1,"1"
121.48591923324136,38560,183,2,"2"
122.11345906436924,38557,186,1,"1"
122.68111235436899,38521,222,2,"2"
123.32928792702991,38415,328,6,"6"
123.45704317927779,38361,382,4,"3-1"
126.72072590745307,38358,385,1,"1"
126.76005173769438,38340,403,1,"1"
132.15114991919248,38322,421,1,"1"
135.38665804216348,38321,422,1,"1"
139.91923780173437,38305,438,1,"1"
140.96476117887727,38287,456,1,"1"
148.84292174557632,38269,474,1,"1"
156.02465320141167,38251,492,1,"1"
156.6551510022604,38250,493,1,"1"
159.10669778016697,38249,494,1,"1"
172.71320524041064,38248,495,1,"1"
174.85210587621236,38247,496,1,"1"
175.20586333689894,38246,497,1,"1"
176.88294556376766,38158,585,5,"3-1-1"
176.91561782911887,38157,586,1,"1"
179.82442608398313,38139,604,1,"1"
181.74822905547285,38125,618,1,"1"
208.6156482341317,38109,634,1,"1"
212.16334425357979,38091,652,1,"1"
223.22425681900151,37977,766,7,"3-2-1-1"
223.35629267232338,37959,784,1,"1"
223.5209340547639,37902,841,4,"4"
224.22478486468799,37884,859,1,"1"
225.55078375032718,37866,877,1,"1"
225.92060177323486,37848,895,1,"1"
230.60716427110233,37837,906,1,"1"
239.43850062494883,37819,924,1,"1"
239.74841833955458,37801,942,1,"1"
243.90903539263806,37783,960,1,"1"
248.54246605860655,37765,978,1,"1"
249.48858890252143,37747,996,1,"1"
253.07764502167555,37744,999,1,"1"
256.35342673233998,37726,1017,1,"1"
256.73885927198216,37708,1035,1,"1"
261.35043533708921,37690,1053,1,"1"
267.19276607702596,37672,1071,1,"1"
267.53082965862313,37658,1085,1,"1"
268.72723951233002,37640,1103,1,"1"
271.38647518295846,37604,1139,2,"1-1"
271.95520724899319,37568,1175,2,"2"
273.39367528555499,37557,1186,1,"1"
279.24150510701588,37546,1197,1,"1"
280.05437447256429,37528,1215,1,"1"
280.21233551691472,37510,1233,1,"1"
281.69264833272155,37474,1269,2,"1-1"
285.28178360754958,37456,1287,1,"1"
285.57994564798446,37438,1305,1,"1"
285.99237536394423,37420,1323,1,"1"
286.22014748774944,37402,1341,1,"1"
288.413172441607,37384,1359,1,"1"
292.89802225253669,37370,1373,1,"1"
300.07907499198922,37298,1445,4,"3-1"
303.83204612463567,37280,1463,1,"1"
306.10087785438822,37277,1466,1,"1"
307.34554700670884,37259,1484,1,"1"
309.02667171099614,37256,1487,1,"1"
309.34652517373456,37253,1490,1,"1"
309.78776935467727,37208,1535,3,"2-1"
310.32897507923991,37190,1553,1,"1"
310.35487521206375,37172,1571,1,"1"
314.41868117423581,36992,1751,10,"10"
316.34733802298848,36974,1769,1,"1"
318.02609886398221,36956,1787,1,"1"
320.43010946209256,36920,1823,2,"2"
321.37114634039824,36917,1826,1,"1"
321.78735624187522,36899,1844,1,"1"
324.78723936048362,36898,1845,1,"1"
333.54754601373867,36883,1860,1,"1"
338.37902658630679,36865,1878,1,"1"
341.11042133190483,36811,1932,3,"3"
344.93485960728532,36793,1950,1,"1"
346.38651497525865,36782,1961,1,"1"
358.73723909730495,36764,1979,1,"1"
360.88027939404583,36598,2145,14,"12-1-1"
362.35188226950351,36595,2148,1,"1"
368.50514850756889,36577,2166,1,"1"
371.3580712330546,33817,4926,154,"125-13-2-2-1-1-1-1-1-1-1-1-1-1-1-1"
371.69812854174398,33799,4944,1,"1"
371.74971806150972,33794,4949,1,"1"
376.52516279930796,33776,4967,1,"1"
379.35521123424439,33254,5489,29,"24-2-1-1-1"
381.66903233010385,33236,5507,1,"1"
382.00842592357526,33218,5525,1,"1"
382.96568719993007,33203,5540,1,"1"
391.52043647447243,33185,5558,2,"2"
393.68203757664725,32651,6092,32,"19-5-2-2-1-1-1-1"
397.09268489392269,32572,6171,15,"7-3-1-1-1-1-1"
406.84158933572991,0,38743,1872,"1738-134"
----------------------------------------------4
0,38743,0,0,"0"
31.528616756658302,38706,37,3,"2-1"
32.553721856609414,38705,38,1,"1"
59.312219605895265,38703,40,2,"1-1"
61.76132855253546,38685,58,1,"1"
68.686757234221147,38667,76,1,"1"
72.059273619272915,38649,94,1,"1"
73.173481009522646,38631,112,1,"1"
83.248484693071433,38613,130,1,"1"
85.575890135134301,38595,148,1,"1"
93.521746864538017,38594,149,1,"1"
111.46702876878354,38576,167,1,"1"
114.33957787026642,38546,197,2,"1-1"
122.62312026456975,38545,198,1,"1"
122.72383016592117,38544,199,1,"1"
129.75039100789232,38526,217,1,"1"
135.63953571065449,38511,232,1,"1"
136.35762572695722,38493,250,1,"1"
138.56852093928535,38475,268,1,"1"
159.89059246545384,38474,269,1,"1"
161.31480404629514,38471,272,1,"1"
169.71927242379184,38365,378,6,"6"
176.45489106198013,38364,379,1,"1"
180.18600797846915,38346,397,1,"1"
180.20386647904647,38332,411,1,"1"
181.22205384635171,38331,412,1,"1"
181.84637389281528,38313,430,1,"1"
182.68991046868763,38295,448,1,"1"
186.02799659950676,38151,592,8,"6-1-1"
187.63468512603492,38133,610,1,"1"
187.7826576303471,38115,628,1,"1"
187.97775178471349,38097,646,1,"1"
189.41483065432624,38079,664,1,"1"
191.38592198353626,38061,682,1,"1"
191.38660621854237,38043,700,1,"1"
201.46694267639697,37791,952,14,"13-1"
209.64786260502385,37770,973,2,"2"
213.3994265456837,37752,991,1,"1"
216.82169725189999,37749,994,1,"1"
217.05584568327001,37731,1012,1,"1"
218.82607890449339,37713,1030,1,"1"
220.70747671928342,37702,1041,1,"1"
228.36994440560403,37684,1059,1,"1"
229.22292265544743,37666,1077,1,"1"
231.94114023416657,37648,1095,1,"1"
235.5990647855881,37630,1113,1,"1"
242.19956828624854,37612,1131,1,"1"
244.09606643625543,37596,1147,1,"1"
246.08692629874963,36506,2237,61,"52-5-2-1-1"
250.93025041552028,36488,2255,1,"1"
251.74137727300842,36436,2307,3,"3"
254.45621646759781,36433,2310,1,"1"
258.16040215997202,36397,2346,2,"2"
258.86341055505426,36379,2364,1,"1"
261.02353092322511,36365,2378,2,"2"
268.01965087963976,36347,2396,1,"1"
269.56095105338909,36329,2414,1,"1"
270.20204064681536,36326,2417,1,"1"
270.31706662157706,36308,2435,1,"1"
273.25438371832121,36305,2438,1,"1"
276.13873813417359,36287,2456,1,"1"
280.47147582166025,36269,2474,1,"1"
294.42765533494742,36233,2510,2,"2"
297.91703301618043,36215,2528,1,"1"
299.27793399905454,33696,5047,141,"124-4-2-1-1-1-1-1-1-1-1-1-1-1"
300.23439067265832,33678,5065,1,"1"
303.37129241583341,33660,5083,1,"1"
304.97448661120512,33624,5119,2,"2"
305.02335838756528,33570,5173,3,"2-1"
306.66023999844646,33552,5191,1,"1"
313.30687715459027,33549,5194,1,"1"
319.25132696655641,33536,5207,1,"1"
322.45064063595731,33518,5225,1,"1"
325.0489921736725,33464,5279,3,"3"
326.45344437054445,33463,5280,1,"1"
328.71401399590582,33427,5316,2,"2"
331.06752569176405,33373,5370,3,"3"
335.90617482700401,33355,5388,1,"1"
343.36375510243681,33337,5406,1,"1"
344.07963579523289,32977,5766,20,"17-3"
346.3127987870335,32963,5780,2,"2"
352.76273147953833,32960,5783,1,"1"
353.38685545099815,32945,5798,1,"1"
357.63669454531947,32927,5816,1,"1"
359.19575580311567,32917,5826,2,"2"
361.43684046502722,32906,5837,1,"1"
363.07600884402308,32882,5861,2,"1-1"
367.62398167656477,32879,5864,1,"1"
370.00080400795383,32876,5867,1,"1"
374.57125841292333,32858,5885,1,"1"
375.77910472988498,32526,6217,23,"14-8-1"
377.92454523502062,32508,6235,1,"1"
381.22965679405701,32472,6271,2,"1-1"
381.70017632303433,32469,6274,1,"1"
388.61863458600396,32466,6277,1,"1"
388.63766198568908,32459,6284,1,"1"
392.12131656758356,32353,6390,12,"6-3-1-1-1"
392.75331440163427,32335,6408,1,"1"
402.0063290784102,32191,6552,8,"5-2-1"
406.0271149323695,32173,6570,1,"1"
406.46557473683595,32155,6588,1,"1"
409.43143060742381,32137,6606,1,"1"
412.11048528233738,32119,6624,1,"1"
412.57746176441407,32101,6642,1,"1"
415.44379581186456,32098,6645,1,"1"
418.7915977233435,32080,6663,1,"1"
421.74180605179879,32026,6717,3,"3"
424.18502974881903,31812,6931,13,"8-2-1-1-1"
425.46324410400535,31794,6949,1,"1"
425.51073390490751,31776,6967,1,"1"
429.86147355830695,31722,7021,3,"3"
431.28965108539472,31704,7039,1,"1"
433.06754226838103,31668,7075,2,"1-1"
440.53640161248109,31650,7093,1,"1"
440.93294704070382,31632,7111,1,"1"
443.1986143506893,31578,7165,3,"2-1"
444.10501394444373,31560,7183,1,"1"
448.51907529809665,31548,7195,2,"1-1"
450.14677044413202,31494,7249,3,"2-1"
450.85298226750155,30890,7853,34,"30-3-1"
453.21095029299107,30872,7871,1,"1"
454.28319190254024,30854,7889,1,"1"
455.74027895464735,30816,7927,3,"1-1-1"
455.95019413703551,30800,7943,1,"1"
468.18693340408515,30764,7979,2,"1-1"
471.40210079805263,30746,7997,1,"1"
472.66064236367089,30692,8051,3,"3"
474.99927295515687,30328,8415,25,"18-3-1-1-1-1"
478.6183340063248,29500,9243,47,"43-2-1-1"
479.18577408665908,29497,9246,1,"1"
479.39514149819399,29425,9318,4,"4"
480.41157744524469,28769,9974,42,"19-6-5-2-2-2-2-1-1-1-1"
484.81875635409978,28751,9992,1,"1"
485.83926849759644,28715,10028,2,"2"
492.8264485869916,28679,10064,2,"1-1"
497.75619407164425,28647,10096,2,"2"
500.45826870311544,27153,11590,83,"30-28-4-3-2-2-2-1-1-1-1-1-1-1-1-1-1-1-1"
500.88173388854159,27135,11608,1,"1"
503.84356524831639,22278,16465,275,"128-62-28-10-8-4-4-3-3-2-1-1-1-1-1-1-1-1-1-1-1-1-1-1-1-1-1-1-1-1-1-1-1"
510.95130948114104,22260,16483,1,"1"
511.77426658391857,22224,16519,2,"1-1"
512.9443955775356,22206,16537,1,"1"
513.20191311124483,22188,16555,1,"1"
513.20229767235924,22152,16591,2,"1-1"
513.289188175704,22080,16663,4,"2-2"
528.88296155902901,22062,16681,1,"1"
529.1650319162319,22045,16698,3,"2-1"
532.9726047588814,0,38743,1266,"1266"
----------------------------------------------5
0,38743,0,0,"0"
16.70656561552796,38689,54,3,"2-1"
27.698848868924596,38688,55,1,"1"
48.965412111974153,38670,73,1,"1"
65.932511334886925,38652,91,1,"1"
67.381094353968436,38634,109,1,"1"
70.384691109806624,38618,125,1,"1"
70.797022377968389,38607,136,1,"1"
75.365728385084211,38589,154,1,"1"
76.580297561926244,38588,155,1,"1"
78.579754380039844,38570,173,1,"1"
86.588265424618982,38516,227,3,"2-1"
91.758760531514554,38515,228,1,"1"
93.988800255941683,38497,246,1,"1"
98.911186305636718,38479,264,1,"1"
114.94493848753061,38461,282,1,"1"
124.17464586238641,38460,283,1,"1"
130.41700533758629,38457,286,1,"1"
136.0667425049337,38454,289,1,"1"
136.29544300292312,38436,307,1,"1"
136.53742648931259,38435,308,1,"1"
137.33675202318406,38434,309,1,"1"
149.23293014354641,38433,310,1,"1"
154.13843214684442,38415,328,1,"1"
154.45271165936705,38397,346,1,"1"
157.61300121374029,38379,364,1,"1"
158.59801644037287,38361,382,1,"1"
161.82252762262021,38309,434,3,"3"
163.20352281928999,38291,452,1,"1"
164.2143455681919,38273,470,1,"1"
164.56707399834463,38272,471,1,"1"
165.55265712704576,38254,489,1,"1"
167.0321654854028,38253,490,1,"1"
171.42083476258094,38217,526,2,"2"
175.49894290051276,38199,544,1,"1"
177.85513333934924,38198,545,1,"1"
178.19979093682861,38182,561,1,"1"
188.32553014909413,38164,579,1,"1"
190.30876417591324,38146,597,1,"1"
191.00849862086255,38128,615,1,"1"
197.25261508454579,38110,633,1,"1"
198.03688372636262,38092,651,1,"1"
198.67779621613926,38078,665,1,"1"
202.13065884061237,36992,1751,61,"52-5-2-1-1"
205.83077351929509,36974,1769,1,"1"
213.25657764144728,36956,1787,1,"1"
217.79370319919144,36938,1805,1,"1"
218.12252260092524,36935,1808,1,"1"
219.18874375505737,36917,1826,1,"1"
221.21130934483739,36899,1844,1,"1"
222.03570921188191,36892,1851,1,"1"
228.51659638255558,36874,1869,1,"1"
228.8886057767582,36871,1872,1,"1"
229.29967524212518,36868,1875,1,"1"
229.83406177974697,36762,1981,6,"6"
251.75840169320159,36744,1999,1,"1"
264.10704321906132,36726,2017,1,"1"
267.9972017378671,36708,2035,1,"1"
268.06510365251773,36672,2071,2,"2"
276.82896522350956,36652,2091,2,"1-1"
283.85884285151974,36634,2109,1,"1"
288.65016317233301,36620,2123,1,"1"
290.41419785607911,36619,2124,1,"1"
295.17355516539237,36601,2142,1,"1"
296.76222237966994,36583,2160,1,"1"
297.44513288237874,36565,2178,1,"1"
299.67893907891454,36547,2196,1,"1"
300.17457977428029,36517,2226,3,"2-1"
302.14877158293712,36499,2244,1,"1"
302.71276655528283,36481,2262,1,"1"
308.73164540247421,36445,2298,2,"1-1"
309.18598369234326,36427,2316,1,"1"
310.04644314286475,36409,2334,1,"1"
310.10324926802355,36337,2406,4,"3-1"
315.45896556283662,36319,2424,1,"1"
321.02352635644445,36301,2442,1,"1"
325.63461747665042,36283,2460,1,"1"
327.03045809532955,36247,2496,2,"2"
328.30732647675262,35037,3706,73,"52-19-1-1"
329.79383268225644,35025,3718,1,"1"
330.82491399192998,35007,3736,1,"1"
334.20147104837292,34998,3745,1,"1"
338.65908941514238,34965,3778,3,"3"
342.76059099166332,34065,4678,50,"41-2-2-1-1-1-1-1"
343.57689001751976,34047,4696,1,"1"
347.93194401108934,34029,4714,1,"1"
359.53666178311255,34011,4732,1,"1"
362.10323186595105,33996,4747,1,"1"
366.03676654232362,33978,4765,1,"1"
370.385094718473,33960,4783,1,"1"
371.82345456079474,33957,4786,1,"1"
377.05742041002816,33939,4804,1,"1"
379.05498128233825,33936,4807,1,"1"
379.59699489773027,33900,4843,2,"2"
379.66973257466259,33774,4969,7,"5-1-1"
382.13755495914143,33756,4987,1,"1"
415.82003357708845,33731,5012,2,"2"
424.15751659232291,33713,5030,1,"1"
427.24007643858585,33623,5120,6,"3-2-1"
428.3765888468194,33587,5156,2,"2"
429.10023050990151,33541,5202,8,"4-2-1-1"
430.77910098295121,33505,5238,2,"1-1"
432.83655332871911,33502,5241,1,"1"
435.44553962303218,33499,5244,1,"1"
436.17381029825043,33481,5262,1,"1"
436.74285865439458,33463,5280,1,"1"
443.6181759520868,33445,5298,1,"1"
444.03117686319666,33427,5316,1,"1"
444.81861931138695,33409,5334,1,"1"
447.67618705580162,33406,5337,1,"1"
450.08161946214926,33395,5348,1,"1"
455.96579998212479,33377,5366,1,"1"
461.2828545163336,33323,5420,3,"2-1"
461.86720877181614,33305,5438,1,"1"
464.53011823622512,33269,5474,2,"1-1"
469.00207688030127,33251,5492,1,"1"
469.54133674930279,32686,6057,33,"19-4-2-2-2-1-1-1-1"
476.26025072736752,32668,6075,1,"1"
476.28205053448585,32632,6111,2,"1-1"
477.25586538810461,32614,6129,2,"2"
479.47416173967378,32043,6700,32,"30-1-1"
479.80474779157896,32025,6718,1,"1"
480.46442032174014,32007,6736,1,"1"
480.86076432379417,31989,6754,1,"1"
485.40913071232342,31971,6772,1,"1"
486.5296816544045,31632,7111,20,"20"
489.83452099704709,31614,7129,1,"1"
491.15793786841016,31596,7147,1,"1"
491.35653192223441,31542,7201,3,"2-1"
492.1206799731309,31474,7269,5,"4-1"
495.47823782344733,31456,7287,1,"1"
505.24883070247353,31453,7290,1,"1"
506.57396043709156,31439,7304,2,"2"
508.20957722410088,31421,7322,1,"1"
509.1803414535346,0,38743,1805,"1674-131"
----------------------------------------------6
0,38743,0,0,"0"
44.462883396709501,38706,37,3,"2-1"
54.211908543263291,38695,48,1,"1"
59.103354754130073,38659,84,2,"2"
71.406234903036406,38641,102,1,"1"
74.547429045214201,38640,103,1,"1"
76.742555584022284,38639,104,1,"1"
79.131413696342563,38623,120,1,"1"
82.975026004820123,38587,156,2,"1-1"
85.685986657657708,38576,167,1,"1"
105.25606622650055,38558,185,1,"1"
108.40120514287921,38557,186,1,"1"
109.26794797508431,38539,204,1,"1"
124.33073399032713,38538,205,1,"1"
133.93963591768562,38537,206,1,"1"
142.9765303222602,38519,224,1,"1"
144.95953681126159,38518,225,1,"1"
151.55385997572191,38500,243,1,"1"
151.79129856482552,38497,246,1,"1"
165.08228164580956,38479,264,1,"1"
168.92650533911095,38478,265,1,"1"
170.19311811835428,38460,283,1,"1"
170.94653987824259,38459,284,1,"1"
176.49442853511727,38441,302,1,"1"
187.04082065568795,38423,320,1,"1"
197.49798301874884,38317,426,6,"6"
200.98876070679498,38316,427,1,"1"
201.97697717763214,38302,441,1,"1"
204.84929564095873,38284,459,1,"1"
206.72632692443486,38221,522,5,"5"
208.03106085963316,37537,1206,38,"35-1-1-1"
214.28037558963814,37519,1224,1,"1"
214.29755565706313,37501,1242,1,"1"
217.54032471304495,37490,1253,1,"1"
218.31368072308962,37382,1361,6,"6"
219.42369669388287,37379,1364,1,"1"
220.3271031549173,37361,1382,1,"1"
220.4556491742575,37358,1385,1,"1"
221.71351305624461,37341,1402,3,"3"
230.93693906015744,37323,1420,1,"1"
231.66390991861999,37320,1423,1,"1"
232.41476865224874,37268,1475,3,"3"
235.85882669190505,37200,1543,4,"2-2"
241.28353341280692,37146,1597,3,"2-1"
241.73515267758248,36948,1795,11,"10-1"
241.98116900853336,36930,1813,1,"1"
242.95696667875453,36912,1831,1,"1"
252.07872251322294,36894,1849,1,"1"
252.45856446792524,36876,1867,1,"1"
255.59088221947374,36858,1885,1,"1"
257.39866816457459,36840,1903,1,"1"
260.85591194762526,36825,1918,1,"1"
261.70384051968199,36789,1954,2,"2"
264.07752574138289,36776,1967,1,"1"
265.04394343439253,36758,1985,1,"1"
269.49736282983963,36740,2003,1,"1"
271.05480961964588,36722,2021,1,"1"
273.22769557364001,36704,2039,1,"1"
273.33723417715731,36677,2066,2,"2"
273.89222910324673,36659,2084,1,"1"
276.6938605436851,36641,2102,1,"1"
277.63726169089688,36623,2120,1,"1"
281.246518016381,36497,2246,7,"3-2-1-1"
282.23263042713654,36424,2319,7,"7"
282.3349548126165,36406,2337,1,"1"
284.19882734662252,36388,2355,1,"1"
286.36943140760508,36370,2373,1,"1"
291.2975245762288,36352,2391,1,"1"
294.15319603710645,36334,2409,1,"1"
295.37760654259273,36316,2427,1,"1"
300.98952193020386,35060,3683,70,"63-1-1-1-1-1-1-1"
302.51668008265381,35042,3701,1,"1"
305.72974704374474,35041,3702,1,"1"
306.77106369561801,35023,3720,1,"1"
314.79483691186209,35020,3723,1,"1"
314.8559187172952,35002,3741,1,"1"
315.85475850168228,34984,3759,1,"1"
318.84635931352341,34930,3813,3,"2-1"
319.04893468624459,34894,3849,2,"1-1"
319.29465404883513,34876,3867,1,"1"
330.4861750383352,34845,3898,5,"4-1"
331.04976648807934,34325,4418,34,"21-11-1-1"
331.20071716105519,34307,4436,1,"1"
331.80042822680963,33343,5400,54,"46-5-2-1"
332.5937667264468,33340,5403,1,"1"
333.03383684195495,33304,5439,2,"1-1"
333.73243063539445,33286,5457,1,"1"
337.03935050497699,33034,5709,14,"13-1"
342.29726218325948,33016,5727,1,"1"
343.79917256499328,32998,5745,1,"1"
346.36542201206288,32980,5763,1,"1"
348.99024594882195,32962,5781,1,"1"
366.16616489586522,32959,5784,1,"1"
367.72884397337026,32941,5802,1,"1"
369.08583248566555,32938,5805,1,"1"
374.26679592440291,32920,5823,1,"1"
374.80623105044555,32902,5841,1,"1"
377.2759866807188,32884,5859,1,"1"
384.1873080548707,32881,5862,1,"1"
389.0127983083147,32863,5880,1,"1"
389.12259204575059,32845,5898,1,"1"
394.60291616857438,32834,5909,1,"1"
404.01154847476118,32598,6145,18,"18"
412.52211802078432,32580,6163,1,"1"
415.67686135924453,32562,6181,1,"1"
417.07998951272543,32508,6235,3,"3"
422.32729582245463,32490,6253,1,"1"
422.54348366998903,32474,6269,1,"1"
422.68439929493309,32471,6272,1,"1"
424.33447673573329,25454,13289,397,"142-86-74-49-4-4-3-2-2-2-2-2-2-1-1-1-1-1-1-1-1-1-1-1-1-1-1-1-1-1-1-1-1-1-1-1"
425.38499503614628,0,38743,1470,"1199-271"
----------------------------------------------7
0,38743,0,0,"0"
17.351199375862404,38689,54,3,"2-1"
42.369211316609658,38686,57,1,"1"
51.175220690545544,38685,58,1,"1"
58.837579115462781,38664,79,2,"2"
62.899661630529707,38663,80,1,"1"
64.011379637139328,38557,186,6,"6"
64.185986056729206,38539,204,1,"1"
67.560355462433378,38538,205,1,"1"
70.511617201206363,38286,457,14,"13-1"
72.974445679601004,38274,469,1,"1"
76.20520905432501,38256,487,1,"1"
92.449959253607389,38240,503,1,"1"
98.204575305331332,38204,539,2,"2"
101.58387213130229,38196,547,2,"2"
110.55438003982952,38195,548,1,"1"
111.00918176558288,38177,566,1,"1"
113.36023651248017,38159,584,1,"1"
115.26432046378838,38141,602,1,"1"
115.73860698434743,38140,603,1,"1"
116.47777879462863,38086,657,3,"3"
119.59170634638241,38068,675,1,"1"
125.04760239806255,38065,678,1,"1"
128.01203252688202,38047,696,1,"1"
128.46015656174743,38011,732,2,"2"
129.13374413162066,37993,750,1,"1"
132.09971690426022,37975,768,1,"1"
133.5526504522584,37957,786,1,"1"
133.94710658784234,37939,804,1,"1"
136.74788857713307,37903,840,2,"1-1"
139.3018875802039,37885,858,1,"1"
140.67311718644925,37867,876,1,"1"
140.82230487191958,37849,894,1,"1"
143.78160706590566,37848,895,1,"1"
146.5206177631147,37845,898,1,"1"
155.17406083401494,37827,916,1,"1"
155.6654808453921,37809,934,1,"1"
161.62364697744016,37808,935,1,"1"
165.80629786219859,37790,953,1,"1"
169.66710376324914,37789,954,1,"1"
173.06506977465133,37788,955,1,"1"
173.36918312909873,37787,956,1,"1"
174.12545140895344,37769,974,1,"1"
176.64761153767239,37733,1010,2,"2"
177.56404455396498,37732,1011,1,"1"
177.93941633357608,37714,1029,1,"1"
194.10795493692842,37700,1043,1,"1"
196.62330366216543,37682,1061,1,"1"
197.06783814019408,37679,1064,1,"1"
197.57902344007172,37661,1082,1,"1"
200.3325214774365,37643,1100,1,"1"
201.33108623439676,37625,1118,1,"1"
205.31295394354552,37622,1121,1,"1"
208.15623460278843,37604,1139,1,"1"
210.06724615060671,37577,1166,2,"2"
211.05984323227298,37559,1184,1,"1"
211.69800298999883,37547,1196,1,"1"
211.78774055212776,37529,1214,1,"1"
213.06362250040584,37511,1232,1,"1"
220.3034647951911,37493,1250,1,"1"
225.54575342637449,37475,1268,1,"1"
234.78981361779188,37457,1286,1,"1"
235.72026610964173,37405,1338,3,"3"
235.91622344177259,37387,1356,1,"1"
239.05079858171212,37369,1374,1,"1"
239.56291095549466,37359,1384,2,"2"
239.78996972838587,37341,1402,1,"1"
243.62727955889352,37323,1420,1,"1"
246.39597986524797,37251,1492,4,"4"
247.63073931257304,37248,1495,1,"1"
247.85212808039427,37230,1513,1,"1"
249.13557686528358,37212,1531,1,"1"
249.3990471087499,37194,1549,1,"1"
253.35429186416471,37176,1567,1,"1"
257.32819100368533,37158,1585,1,"1"
257.44128049281937,37155,1588,1,"1"
259.83248548226953,37152,1591,1,"1"
260.70437789435778,37134,1609,1,"1"
263.10348484533426,37123,1620,1,"1"
274.25267065619886,37120,1623,1,"1"
287.12721869684185,37084,1659,2,"1-1"
288.91987040299603,37066,1677,1,"1"
289.88322219922867,36976,1767,5,"5"
290.56683171314825,36970,1773,2,"1-1"
295.40573985174922,36916,1827,3,"3"
301.42732808756131,36898,1845,1,"1"
305.07208645855684,36880,1863,1,"1"
314.3699024307823,36844,1899,2,"2"
317.73840865292874,36826,1917,1,"1"
323.17700240871488,36808,1935,1,"1"
324.19950482318927,36790,1953,1,"1"
324.40630065235155,36772,1971,1,"1"
325.18200170936166,36664,2079,6,"2-2-2"
329.70500807705014,36652,2091,1,"1"
330.13124506605868,36643,2100,1,"1"
330.96116340372134,36625,2118,1,"1"
332.3261956299695,36614,2129,1,"1"
335.96216446495686,35524,3219,61,"51-5-2-1-1-1"
344.74171656030683,35000,3743,31,"19-5-2-2-1-1-1"
346.11732676641975,34334,4409,39,"36-1-1-1"
347.41494447437577,34316,4427,1,"1"
349.99867451779431,34298,4445,1,"1"
354.18103948509588,34280,4463,1,"1"
357.03356005335968,34224,4519,4,"4"
358.49132053484271,34217,4526,1,"1"
362.30757854006941,34199,4544,1,"1"
365.50495038062473,34184,4559,1,"1"
367.29521547429994,34111,4632,7,"7"
367.56331507026033,34089,4654,2,"2"
370.93396501417311,34017,4726,4,"3-1"
373.66978170183762,34006,4737,1,"1"
374.39290231470716,33988,4755,1,"1"
374.53554588955757,33973,4770,1,"1"
374.85211373649037,33937,4806,2,"1-1"
375.37418872366464,33905,4838,2,"1-1"
376.32118029513623,33887,4856,1,"1"
376.99701023347711,33833,4910,3,"3"
382.3975174068064,33830,4913,1,"1"
382.79046600135956,33812,4931,1,"1"
383.62841262699482,33650,5093,9,"8-1"
391.23717626699704,33632,5111,1,"1"
391.57437554292244,33614,5129,1,"1"
401.44567037706184,33596,5147,1,"1"
403.26288286201623,33442,5301,9,"8-1"
403.99667358018456,33424,5319,1,"1"
412.29278959334471,33406,5337,1,"1"
415.77202069731726,33388,5355,1,"1"
417.80898826370299,33367,5376,3,"2-1"
429.45488199143068,33277,5466,5,"4-1"
433.30243510257031,33264,5479,3,"3"
434.23918864214841,33246,5497,1,"1"
436.08751055313775,33228,5515,1,"1"
439.30941792670893,33210,5533,1,"1"
445.70504009614513,32222,6521,57,"30-20-2-1-1-1-1-1"
454.85566785749126,32204,6539,1,"1"
455.01745033652566,32186,6557,1,"1"
455.54938423361108,32168,6575,1,"1"
460.89069319799961,32150,6593,1,"1"
462.1079870780714,32132,6611,1,"1"
463.00002465062943,32114,6629,1,"1"
467.1146490338819,32060,6683,3,"2-1"
481.5802470251021,32044,6699,1,"1"
484.34510637149003,32008,6735,2,"1-1"
488.33405384537036,31972,6771,2,"2"
493.65298666241841,31957,6786,1,"1"
494.34461260894528,31939,6804,1,"1"
495.15271001540771,31930,6813,1,"1"
497.77446414944109,31912,6831,1,"1"
499.78677928488895,31894,6849,1,"1"
500.08784390486164,31876,6867,1,"1"
500.62927638387447,31858,6885,1,"1"
500.65441692016338,31828,6915,2,"2"
500.79958217315857,31792,6951,2,"2"
502.00010688921037,31774,6969,1,"1"
502.81391575602834,31756,6987,1,"1"
504.69761326906178,31738,7005,1,"1"
511.5256940647597,0,38743,1823,"1703-120"
----------------------------------------------8
0,38743,0,0,"0"
5.5824422476555799,38704,39,3,"2-1"
27.393705323930693,38703,40,1,"1"
27.784761878580159,38685,58,1,"1"
56.874614573684354,38667,76,1,"1"
60.379107715634682,38666,77,1,"1"
71.485944030172334,38659,84,1,"1"
77.445894359842214,38658,85,1,"1"
83.832261248375104,38640,103,1,"1"
102.42877404395306,38639,104,1,"1"
105.51061991601426,38621,122,1,"1"
121.7440072698007,38603,140,1,"1"
125.35167654785839,38585,158,1,"1"
126.13460302600748,38584,159,1,"1"
126.51630911764481,38583,160,1,"1"
132.03343719813978,38565,178,1,"1"
137.41495987274666,38547,196,1,"1"
141.44126906971084,38546,197,1,"1"
142.15401921054374,38535,208,1,"1"
143.57442671399923,38517,226,1,"1"
145.96092536607932,38516,227,1,"1"
146.75814470914736,38513,230,1,"1"
148.14717486813359,38495,248,1,"1"
148.43730478183514,38443,300,3,"3"
166.84599752168231,38407,336,2,"1-1"
167.54353366096126,38389,354,1,"1"
168.17244174783238,38371,372,1,"1"
172.54010925261534,38339,404,2,"2"
175.09003178451738,38338,405,1,"1"
176.24609869328756,38320,423,1,"1"
181.48450835353214,38302,441,1,"1"
185.09183535743401,38291,452,1,"1"
191.8709179899858,38279,464,1,"1"
195.91405077357138,38261,482,1,"1"
198.58785965990262,38243,500,1,"1"
202.05027824386437,38227,516,1,"1"
205.7631624095134,38209,534,1,"1"
206.55323440532123,38191,552,1,"1"
207.8366942540371,38188,555,1,"1"
215.64270559779595,38170,573,1,"1"
215.76557974302122,38152,591,1,"1"
217.43221557225522,38134,609,1,"1"
221.01097784191552,38044,699,5,"5"
231.52531118110167,38026,717,1,"1"
233.07551568748542,37920,823,6,"6"
233.9750212200494,37902,841,1,"1"
234.0351962903419,37884,859,1,"1"
235.74688284437374,37866,877,1,"1"
242.77026876055572,37856,887,2,"1-1"
243.21448424205562,37853,890,1,"1"
246.65011453143873,37843,900,1,"1"
256.28580280419754,37825,918,1,"1"
256.36673889089207,33882,4861,222,"127-78-2-2-1-1-1-1-1-1-1-1-1-1-1-1-1"
257.43554852420834,33864,4879,1,"1"
258.36539934398411,33861,4882,1,"1"
258.5176926598474,33735,5008,7,"6-1"
259.91376847043045,33717,5026,2,"2"
260.1232268207491,33699,5044,1,"1"
262.80952637361918,33681,5062,1,"1"
264.22926209574428,32997,5746,38,"33-4-1"
264.63586821526485,32979,5764,1,"1"
264.67841121650974,32976,5767,1,"1"
270.62906028254599,32958,5785,1,"1"
279.15034040409893,32940,5803,1,"1"
288.67848529882792,32922,5821,1,"1"
289.19738680770729,32908,5835,2,"2"
293.15194044745709,32890,5853,1,"1"
295.99345533865602,32854,5889,2,"2"
304.51658373826893,32728,6015,7,"3-1-1-1-1"
307.35521464100901,32710,6033,1,"1"
310.1165226881152,32689,6054,2,"2"
317.57978185076792,32671,6072,1,"1"
321.05976345029768,32670,6073,1,"1"
321.21827162046793,32652,6091,1,"1"
321.69322376204934,32638,6105,1,"1"
322.83115834820018,32422,6321,12,"9-2-1"
326.07614509117832,32404,6339,1,"1"
327.03672348170187,32395,6348,1,"1"
329.46104031726679,32392,6351,1,"1"
330.43680149379605,32374,6369,1,"1"
332.95441322321244,32338,6405,2,"2"
335.72289103657192,32320,6423,1,"1"
336.70322063480143,32302,6441,1,"1"
343.73616464228957,31226,7517,60,"59-1"
346.65148233446359,31216,7527,1,"1"
357.25326280618651,31213,7530,1,"1"
359.70870971372648,31195,7548,1,"1"
359.77570534014615,31177,7566,1,"1"
360.80893200821885,31159,7584,1,"1"
361.64369831277224,31141,7602,1,"1"
365.28456352220775,30871,7872,15,"8-3-1-1-1-1"
367.68471323122742,30835,7908,2,"1-1"
368.15034606276237,30789,7954,3,"3"
368.66736568626328,30771,7972,1,"1"
375.76327756860582,30753,7990,1,"1"
378.49019658021263,30675,8068,5,"2-1-1-1"
389.7179044992788,30603,8140,4,"4"
391.40685370659548,30585,8158,1,"1"
393.45485332995037,30573,8170,1,"1"
393.63990801414764,30555,8188,1,"1"
395.04002861227355,30501,8242,3,"3"
398.84984368799627,30498,8245,1,"1"
399.86128710776899,30480,8263,1,"1"
404.91629423141109,30462,8281,1,"1"
405.83560222236667,30459,8284,1,"1"
406.57768397308917,30456,8287,1,"1"
407.28325742377206,30438,8305,1,"1"
407.54063008030323,30420,8323,1,"1"
417.75982141909236,30402,8341,1,"1"
419.5090743204961,30384,8359,1,"1"
423.40628819200009,30348,8395,2,"1-1"
425.20778313284416,30034,8709,18,"9-9"
432.72987213876684,25779,12964,252,"67-60-48-21-17-6-5-4-3-2-2-2-2-1-1-1-1-1-1-1-1-1-1-1-1-1"
433.74928407709183,25761,12982,1,"1"
433.85257007726005,25707,13036,3,"3"
435.16515606841995,25671,13072,2,"2"
435.36991746234531,25643,13100,2,"1-1"
440.58527595610542,0,38743,1482,"1482"
----------------------------------------------9
0,38743,0,0,"0"
23.670121798627154,38689,54,3,"2-1"
39.602441425668843,38671,72,1,"1"
46.731440482748617,38670,73,1,"1"
48.284159194605799,38634,109,2,"2"
64.548234718669335,38631,112,1,"1"
67.098286959883481,38630,113,1,"1"
68.829660652260827,38612,131,1,"1"
85.161243824748027,38594,149,1,"1"
86.32646980232451,38591,152,1,"1"
87.024166967194162,38573,170,1,"1"
98.717062281251856,38572,171,1,"1"
108.81953382428213,38560,183,1,"1"
111.24674083536375,38542,201,1,"1"
112.57597071650852,38539,204,1,"1"
120.07853644755382,38487,256,3,"3"
120.39157929919084,38469,274,1,"1"
121.31620781104434,38451,292,1,"1"
121.49872183930925,38433,310,1,"1"
123.63948404522723,38309,434,7,"6-1"
126.44908987267009,38308,435,1,"1"
128.33402714672206,38281,462,2,"2"
134.26356638820496,38280,463,1,"1"
136.52602831944156,38269,474,1,"1"
136.64655291009589,38251,492,1,"1"
137.12171826550801,38250,493,1,"1"
139.43591592682,38232,511,1,"1"
142.92281663833603,38214,529,1,"1"
144.76037056339413,38213,530,1,"1"
146.44680088701114,38195,548,1,"1"
150.18788572993856,38123,620,4,"3-1"
151.56913809425376,38122,621,1,"1"
151.72358158868761,38119,624,1,"1"
153.16740399566052,38101,642,1,"1"
156.81164881978174,38100,643,1,"1"
160.22744459717987,38085,658,1,"1"
162.14155454724715,38067,676,1,"1"
182.98063251895178,38051,692,1,"1"
190.78795839531554,37691,1052,20,"14-4-1-1"
192.83634489853392,37673,1070,1,"1"
206.74235793952144,37655,1088,1,"1"
208.00418977339683,37403,1340,14,"13-1"
214.53589155820353,37400,1343,1,"1"
219.50036958214494,37368,1375,2,"1-1"
223.25171993259852,37336,1407,2,"1-1"
227.76342510321064,37318,1425,1,"1"
228.23226714161891,37302,1441,1,"1"
228.96790224023877,37287,1456,1,"1"
233.78416838459808,37269,1474,1,"1"
236.29418443623385,37251,1492,1,"1"
239.3409469716363,37233,1510,1,"1"
241.25415114996983,37215,1528,1,"1"
243.83876243567025,37197,1546,1,"1"
250.16920350320595,37179,1564,1,"1"
252.64586392824458,37168,1575,1,"1"
253.68863509400097,37150,1593,1,"1"
257.5196187240881,37132,1611,1,"1"
258.50659323332746,37114,1629,1,"1"
264.13903729816684,37113,1630,1,"1"
277.04654283988856,37095,1648,1,"1"
279.90474672456497,37041,1702,3,"2-1"
280.69824700912011,37038,1705,1,"1"
280.96238828744936,37020,1723,1,"1"
281.2335542954329,37002,1741,1,"1"
287.71055317903733,36984,1759,1,"1"
289.90545462713141,36977,1766,1,"1"
290.73252901767376,36941,1802,2,"1-1"
294.6492732769043,36923,1820,1,"1"
295.29308072513408,36131,2612,44,"42-1-1"
298.40864186963557,36113,2630,1,"1"
301.4062345193297,36112,2631,1,"1"
302.19854654126999,36094,2649,1,"1"
302.62692510091784,35968,2775,8,"6-2"
308.13331860034651,35950,2793,1,"1"
313.33747866229004,35932,2811,1,"1"
313.47740391083414,35914,2829,1,"1"
323.93222688689247,35911,2832,1,"1"
335.47716791164027,35908,2835,1,"1"
336.39956081870696,35894,2849,1,"1"
338.32697491133018,35876,2867,1,"1"
340.13376884562518,35840,2903,2,"2"
341.32496048201835,35822,2921,1,"1"
343.45191882820791,35804,2939,1,"1"
344.2430407096482,35786,2957,1,"1"
346.49808357820609,35768,2975,1,"1"
346.67584274451036,35754,2989,2,"1-1"
350.94369922860238,35751,2992,1,"1"
353.84203939326341,35748,2995,1,"1"
356.71198015518968,35745,2998,1,"1"
358.95822296469282,35484,3259,19,"16-2-1"
364.40991780433609,35466,3277,1,"1"
367.45233940597268,35418,3325,3,"3"
367.57911423471876,35400,3343,1,"1"
370.82389540910913,35388,3355,1,"1"
372.52284232380509,35370,3373,1,"1"
376.52007461258228,35334,3409,2,"1-1"
382.56531337092258,35316,3427,1,"1"
391.11470000224466,35298,3445,1,"1"
395.95130465593576,35280,3463,1,"1"
401.47842293347964,35262,3481,1,"1"
403.45370722954698,35226,3517,2,"2"
404.13437408052664,35136,3607,5,"4-1"
404.69045659418794,35118,3625,1,"1"
408.8462765017527,35100,3643,1,"1"
414.67197377975174,35082,3661,1,"1"
417.31461050878721,35046,3697,2,"2"
419.21889618516002,35028,3715,1,"1"
421.42133747347492,35010,3733,1,"1"
431.92855038675941,34992,3751,1,"1"
432.83057461218976,34974,3769,1,"1"
433.90503937687299,34956,3787,1,"1"
435.64250136686888,31031,7712,241,"126-68-15-3-3-2-2-2-2-1-1-1-1-1-1-1-1-1-1-1-1-1-1-1-1-1-1"
436.41693780176865,31019,7724,1,"1"
443.88157156398273,30989,7754,2,"2"
448.31076459322787,30971,7772,2,"2"
453.00397107776456,30947,7796,2,"1-1"
454.60659779052082,30936,7807,1,"1"
458.60202734203546,30933,7810,1,"1"
458.6593211956241,30879,7864,3,"3"
464.8172524889867,30843,7900,2,"2"
471.13127726586561,30825,7918,1,"1"
471.59934386769083,30807,7936,1,"1"
473.67971824318079,30100,8643,43,"22-11-1-1-1-1-1-1-1-1-1-1"
477.71396990372256,28218,10525,105,"50-47-2-2-2-1-1"
480.44465488015663,28200,10543,1,"1"
484.26826760809996,28186,10557,2,"1-1"
484.59144591995107,28179,10564,1,"1"
484.67114370764926,27927,10816,14,"14"
485.17972689845789,27873,10870,3,"2-1"
487.61030622677265,27855,10888,1,"1"
491.24632305216903,27841,10902,2,"2"
492.22391531246518,27805,10938,2,"1-1"
494.24094683169193,27679,11064,7,"7"
495.42838775643997,27661,11082,1,"1"
501.76090626221793,27639,11104,2,"1-1"
501.83340021512396,27603,11140,2,"2"
507.003468476546,27587,11156,1,"1"
508.20896467997039,27578,11165,1,"1"
509.39486086403411,0,38743,1572,"1491-81"
