f,num_active_particles,num_deleted_particles,total_deleted_rods,avalanche_sizes
0,42143,0,0,"0"
50.400538340234412,41714,429,31,"27-3-1"
62.097457060413966,41709,434,1,"1"
68.137316166984164,41708,435,1,"1"
69.307321933805525,41672,471,2,"2"
72.491783734380277,41654,489,1,"1"
72.829185856116425,41653,490,1,"1"
84.32717502995915,41648,495,1,"1"
91.678315495290533,41630,513,1,"1"
92.561688567067094,41594,549,2,"2"
96.108258659098041,41593,550,1,"1"
103.61180723576513,41575,568,1,"1"
105.08194313717532,41570,573,1,"1"
114.74387497190845,41569,574,1,"1"
117.96190261143188,41568,575,1,"1"
118.19626749040486,41567,576,1,"1"
123.46618706295206,41566,577,1,"1"
124.23169011799926,41548,595,1,"1"
126.06667380261672,41538,605,1,"1"
127.77406688231245,41537,606,1,"1"
134.07573409969444,41536,607,1,"1"
137.41896497814508,41535,608,1,"1"
138.17800935767605,41517,626,1,"1"
142.27707323205601,41499,644,1,"1"
145.52128364172165,41481,662,1,"1"
147.3572767530199,41325,818,12,"10-2"
149.22658192032932,41323,820,2,"1-1"
151.94899018592679,41314,829,1,"1"
154.21303020341864,41260,883,3,"2-1"
160.47746151830557,41242,901,1,"1"
161.31957397433197,41228,915,1,"1"
171.64025500187279,41210,933,1,"1"
175.3489129668593,41192,951,1,"1"
178.1327776346676,41149,994,3,"2-1"
185.02649497391286,41131,1012,1,"1"
193.88025417567312,41130,1013,1,"1"
197.27466573309016,41113,1030,1,"1"
200.787002914482,41095,1048,1,"1"
202.26515282579078,41077,1066,1,"1"
203.11942251479999,41061,1082,1,"1"
207.70863034653618,41060,1083,1,"1"
209.23543673437618,41042,1101,1,"1"
214.8781005224071,40791,1352,14,"14"
216.98859870111289,40786,1357,3,"3"
223.48121703680567,40781,1362,1,"1"
224.67272530786315,40763,1380,1,"1"
238.1097932213261,40745,1398,1,"1"
240.03879899919124,40735,1408,1,"1"
240.8825846458343,40734,1409,1,"1"
241.65721732339716,40733,1410,1,"1"
255.07178734266193,40639,1504,6,"3-3"
255.78703686076378,40526,1617,7,"7"
261.18294172485383,40525,1618,1,"1"
268.49050049532144,40512,1631,3,"2-1"
268.53841777823624,40494,1649,1,"1"
275.37552487972965,40493,1650,1,"1"
278.72604141886256,40475,1668,1,"1"
281.87572273096822,40421,1722,3,"1-1-1"
281.97932588990426,40241,1902,10,"4-2-1-1-1-1"
286.71276096503857,40223,1920,1,"1"
297.86955412963988,40205,1938,1,"1"
302.37494703012914,40195,1948,2,"1-1"
303.04307871242332,40141,2002,3,"2-1"
305.48808759620135,40123,2020,1,"1"
306.01669211922962,40105,2038,1,"1"
307.93896650369521,40087,2056,1,"1"
316.30654108123019,40069,2074,1,"1"
320.56738148904878,40033,2110,2,"2"
320.88830146171478,39937,2206,6,"6"
324.95188608396603,39919,2224,1,"1"
325.06436651916727,39901,2242,1,"1"
327.07670761855684,39883,2260,1,"1"
331.46206752138005,39865,2278,1,"1"
335.74105212594463,39847,2296,1,"1"
335.98100446174067,39829,2314,1,"1"
338.53500408091315,39811,2332,1,"1"
346.55843211572972,39793,2350,1,"1"
348.26082294923469,39784,2359,1,"1"
348.38773397607457,39766,2377,1,"1"
349.62320769914879,39748,2395,1,"1"
349.67006736428993,39747,2396,1,"1"
354.77427620660825,39729,2414,1,"1"
364.60182158705243,39711,2432,1,"1"
364.92761819915569,39693,2450,1,"1"
367.73896717900192,39675,2468,1,"1"
373.81085392849536,39657,2486,1,"1"
375.07648281004106,39639,2504,1,"1"
377.79243405296279,39621,2522,1,"1"
380.93502800195807,39603,2540,1,"1"
382.67056295193885,39592,2551,3,"1-1-1"
384.26590011777523,39574,2569,1,"1"
392.08030465727194,39556,2587,1,"1"
396.36481815931313,39538,2605,1,"1"
398.35431614710348,39520,2623,1,"1"
406.02414767165044,39502,2641,1,"1"
414.20165827526904,39484,2659,1,"1"
422.61201902934744,39471,2672,1,"1"
422.88524441826399,39453,2690,1,"1"
433.20108888936358,39435,2708,1,"1"
434.05753863988906,39421,2722,1,"1"
436.72919616705428,39409,2734,1,"1"
437.15113678559766,39391,2752,1,"1"
437.22093986576618,39377,2766,2,"1-1"
448.10959198114421,39077,3066,17,"17"
450.35760253022892,39059,3084,1,"1"
454.9419413848762,39005,3138,3,"2-1"
455.37282412220048,38987,3156,1,"1"
457.1644437770189,38973,3170,1,"1"
461.70855289053975,38919,3224,3,"3"
464.39813163415562,38901,3242,1,"1"
469.9994182785785,38883,3260,1,"1"
473.8568778038009,38829,3314,3,"1-1-1"
476.979455666592,38802,3341,5,"2-1-1-1"
478.95913386868614,38788,3355,1,"1"
482.48067894907518,38781,3362,1,"1"
487.37439541655681,38711,3432,5,"2-2-1"
491.08173576681708,38686,3457,3,"2-1"
491.92265157137319,38681,3462,1,"1"
492.40492023772521,38645,3498,2,"1-1"
492.63457320861164,38627,3516,1,"1"
495.64494257677279,38609,3534,1,"1"
500.28602177552199,38573,3570,2,"1-1"
506.75401011649592,38555,3588,1,"1"
510.56837080725728,38537,3606,1,"1"
520.83123664597406,38429,3714,6,"4-2"
527.12889909870955,38411,3732,1,"1"
530.8358373910736,38389,3754,2,"2"
531.08248988538514,38371,3772,1,"1"
535.872023387951,38353,3790,1,"1"
543.97128870477457,38344,3799,1,"1"
544.61505326479062,38326,3817,1,"1"
548.95080074005386,38308,3835,1,"1"
550.49537667876905,38290,3853,1,"1"
551.17687640318218,38254,3889,2,"2"
556.47538290757791,38236,3907,1,"1"
562.16804658431613,38218,3925,1,"1"
564.83898215200304,38213,3930,1,"1"
573.00213735871205,38203,3940,1,"1"
573.07145469636703,38185,3958,1,"1"
574.55565691185757,38175,3968,1,"1"
575.49181980943899,38165,3978,1,"1"
577.43055589652909,37744,4399,28,"20-2-1-1-1-1-1-1"
577.52782802654042,37443,4700,24,"8-6-2-2-2-1-1-1-1"
582.39747023284269,37434,4709,1,"1"
582.99068405770993,37416,4727,1,"1"
588.54013470612483,37398,4745,1,"1"
592.53318184946272,37380,4763,2,"2"
597.31974369338786,37375,4768,1,"1"
605.17975675965261,37357,4786,1,"1"
606.31280832773973,37348,4795,1,"1"
610.30063975425264,37330,4813,1,"1"
617.29476614243515,37312,4831,1,"1"
617.43009210989271,37294,4849,1,"1"
617.71326344485237,37276,4867,1,"1"
618.82522794368015,37258,4885,1,"1"
619.11903961148255,37249,4894,1,"1"
619.53143834967295,35752,6391,86,"48-11-8-4-3-2-1-1-1-1-1-1-1-1-1-1"
622.72193131012466,35716,6427,2,"1-1"
623.75835789590519,35698,6445,1,"1"
626.72458995422562,35680,6463,1,"1"
631.71885782376683,35608,6535,4,"3-1"
632.01901776105819,35590,6553,1,"1"
634.76392273407089,35536,6607,3,"2-1"
634.87816570974246,34910,7233,35,"34-1"
635.08223804244665,34892,7251,1,"1"
640.17067560802138,34838,7305,3,"3"
646.98104642003307,34820,7323,1,"1"
648.02006573183917,34802,7341,1,"1"
649.31040058343763,34771,7372,3,"1-1-1"
661.16461832015375,33872,8271,51,"42-4-3-1-1"
662.04433460769735,33692,8451,10,"9-1"
662.22799993433603,33458,8685,13,"11-1-1"
662.87022131773779,33440,8703,1,"1"
665.06791066544008,33368,8775,4,"4"
667.0113841290696,33355,8788,1,"1"
667.93975976509876,33337,8806,1,"1"
673.51885132637494,33319,8824,1,"1"
675.76223377769486,33265,8878,3,"3"
681.68979989696584,33049,9094,12,"10-2"
681.78215235619359,33027,9116,2,"2"
686.26906070077473,33009,9134,1,"1"
687.72815937748851,32991,9152,1,"1"
693.22365261153072,32811,9332,10,"7-1-1-1"
693.7249726592861,32801,9342,1,"1"
696.282846165097,32783,9360,1,"1"
698.09032982518875,32729,9414,3,"3"
700.20621062712974,32712,9431,1,"1"
702.33628550219055,32694,9449,1,"1"
703.18183035387813,32680,9463,1,"1"
705.92710792011121,32662,9481,1,"1"
710.07991825399745,32644,9499,1,"1"
711.61599623400309,32626,9517,1,"1"
718.45451760092453,32608,9535,1,"1"
718.65092008897784,32572,9571,2,"2"
719.99336806941062,32563,9580,1,"1"
721.9718158704045,32305,9838,17,"5-4-3-2-1-1-1"
722.47259312241363,32287,9856,1,"1"
730.09444193369154,32269,9874,1,"1"
733.48404673892014,32071,10072,11,"7-2-1-1"
734.5968487377778,0,42143,1814,"1814"
----------------------------------------------1
0,42143,0,0,"0"
4.9475270006681225,41715,428,30,"27-3"
28.681156543646527,41714,429,1,"1"
28.777092106190857,41696,447,1,"1"
33.357255774769357,41691,452,1,"1"
37.920954851880929,41673,470,1,"1"
55.010362648300301,41672,471,1,"1"
85.972676724686409,41668,475,2,"2"
90.750025657130422,41667,476,1,"1"
97.240518342773385,41649,494,1,"1"
112.65597541566619,41648,495,1,"1"
113.04053023483634,41647,496,1,"1"
114.28395957425882,41639,504,4,"3-1"
119.71726974975257,41634,509,1,"1"
122.59177039255971,41620,523,1,"1"
131.57676459885917,41619,524,1,"1"
135.86992308863807,41618,525,1,"1"
137.05312822050348,41616,527,2,"1-1"
138.78554418643907,41615,528,1,"1"
141.67982578734461,41614,529,1,"1"
148.39910355352399,41596,547,1,"1"
150.25067678481855,41578,565,1,"1"
153.42879547286756,41524,619,3,"2-1"
154.30882949700575,41506,637,1,"1"
156.66984124017145,41497,646,1,"1"
162.8095844225619,41487,656,1,"1"
168.46077664265593,41469,674,1,"1"
179.61753689681947,41356,787,7,"7"
180.56351168955143,41338,805,1,"1"
196.18386564635446,41320,823,1,"1"
198.84518238464466,41069,1074,14,"14"
198.98384272222998,41033,1110,2,"1-1"
202.06426947454426,41031,1112,2,"1-1"
207.85310457819043,41021,1122,1,"1"
210.40769152756181,41003,1140,1,"1"
215.97767179216771,40985,1158,1,"1"
224.26587344504358,40984,1159,1,"1"
230.08790797396551,40978,1165,2,"1-1"
231.29349968115488,40924,1219,3,"3"
231.65055744867857,40906,1237,1,"1"
240.43128821219585,40863,1280,3,"2-1"
248.66561848106727,40845,1298,1,"1"
248.93624156096649,40475,1668,21,"21"
250.3500362934839,40441,1702,2,"1-1"
251.30863364180095,40440,1703,1,"1"
259.31233852472991,40422,1721,1,"1"
270.02719205713021,40250,1893,11,"10-1"
271.68599728981008,40232,1911,1,"1"
274.98777313536152,40227,1916,1,"1"
276.60657461710883,40209,1934,1,"1"
277.22895513282754,40208,1935,1,"1"
278.34940536487909,40206,1937,2,"1-1"
297.31120412324503,40044,2099,9,"9"
300.30585208610512,40026,2117,1,"1"
301.30269576077455,40020,2123,2,"1-1"
302.37481475933714,40002,2141,1,"1"
308.2183590006693,39984,2159,1,"1"
310.09378197277329,39966,2177,1,"1"
315.88644690911065,39930,2213,2,"2"
321.64928166731642,39912,2231,1,"1"
325.72642532406559,39894,2249,1,"1"
329.0172408685213,39876,2267,1,"1"
330.39136175371834,39858,2285,1,"1"
334.26907568484643,39840,2303,1,"1"
341.60412649438695,39822,2321,1,"1"
342.12390876522483,39816,2327,2,"2"
344.59318351272935,39762,2381,3,"2-1"
346.58039925577759,39726,2417,2,"1-1"
346.97009196000079,39708,2435,1,"1"
348.47039664347153,39690,2453,1,"1"
350.91647867442333,39672,2471,1,"1"
351.22380897978024,39654,2489,1,"1"
352.18690039139642,39636,2507,1,"1"
355.40493294029113,39586,2557,4,"4"
355.9897755430539,38004,4139,91,"56-31-2-1-1"
358.06351192125129,37912,4231,6,"4-2"
362.64407685112047,37894,4249,1,"1"
363.22598200119859,37876,4267,1,"1"
363.75079324707571,37858,4285,1,"1"
373.55582807910929,37840,4303,1,"1"
374.18467946122809,37822,4321,1,"1"
381.22404092547345,37804,4339,1,"1"
387.38932815853059,37794,4349,1,"1"
392.8571805336764,37784,4359,2,"2"
401.46238596651369,37766,4377,1,"1"
404.75298270259742,37748,4395,1,"1"
406.92095254336573,37739,4404,1,"1"
415.6806402673289,37721,4422,1,"1"
418.78941642526524,37055,5088,37,"30-2-1-1-1-1-1"
418.8602242886484,37037,5106,1,"1"
418.93224229206396,37019,5124,1,"1"
420.00335154152538,37001,5142,1,"1"
420.65881957244687,36983,5160,1,"1"
422.55042568665357,36965,5178,1,"1"
424.08025643951862,36939,5204,2,"1-1"
424.17806547770027,36903,5240,2,"2"
425.25069865914054,36885,5258,1,"1"
425.28630355763903,36856,5287,3,"2-1"
436.13704769898271,36820,5323,2,"2"
438.11901220823603,36766,5377,3,"3"
439.66926453850459,36748,5395,1,"1"
446.79992226851482,36730,5413,1,"1"
454.2449763819663,36710,5433,2,"1-1"
454.66349192712937,36674,5469,2,"2"
456.16796901398402,36656,5487,1,"1"
460.18833390148973,36638,5505,1,"1"
471.70244816449343,36620,5523,1,"1"
471.75741057664379,36602,5541,1,"1"
473.07838372119977,36584,5559,1,"1"
473.57962537183789,36550,5593,3,"2-1"
477.77724044818882,36514,5629,2,"2"
478.83679648463783,35920,6223,33,"17-9-4-1-1-1"
479.47834323965986,35884,6259,2,"1-1"
482.20390963776202,35866,6277,1,"1"
483.68928593971043,35848,6295,1,"1"
492.68677992912558,35812,6331,2,"1-1"
496.08125045342911,35794,6349,1,"1"
496.88760471623777,35442,6701,23,"20-1-1-1"
499.52203959876135,35400,6743,3,"3"
505.13331998287384,35382,6761,1,"1"
509.20558078082865,35364,6779,1,"1"
509.48114360524102,35346,6797,1,"1"
524.77123509290004,35310,6833,2,"2"
527.57576330625091,35275,6868,7,"3-2-1-1"
527.66722369391903,35248,6895,3,"1-1-1"
528.0721303612778,35231,6912,1,"1"
528.30919695066405,35213,6930,1,"1"
530.43529740242093,35123,7020,5,"4-1"
537.91845724345751,35105,7038,1,"1"
539.9028240983755,35074,7069,2,"2"
540.3364068037489,35056,7087,1,"1"
540.50728663324492,35020,7123,2,"1-1"
547.2993848989463,34998,7145,2,"2"
548.88443774115865,34984,7159,2,"1-1"
550.71165631888891,34840,7303,8,"6-2"
550.74141044840894,34681,7462,12,"8-2-2"
554.53264850768528,34663,7480,1,"1"
557.95090949778444,34627,7516,2,"1-1"
558.78379183703532,34609,7534,2,"2"
560.53217132588452,34573,7570,2,"2"
561.79844695543761,34555,7588,1,"1"
563.94160395570532,34546,7597,1,"1"
564.27845402982518,34533,7610,1,"1"
565.76013912288727,34519,7624,1,"1"
569.12504183198507,34501,7642,1,"1"
569.19394341017153,34483,7660,1,"1"
573.59628381952086,34465,7678,1,"1"
579.20738648036252,34447,7696,1,"1"
579.42851452552918,34429,7714,1,"1"
579.94200724331313,34411,7732,1,"1"
581.55400163961656,34339,7804,4,"4"
584.82035079881416,34267,7876,4,"4"
587.13691570841991,34249,7894,1,"1"
589.43696945058196,34232,7911,3,"2-1"
590.63722143423217,34214,7929,1,"1"
592.36195574317082,31215,10928,171,"113-33-5-3-2-2-1-1-1-1-1-1-1-1-1-1-1-1-1"
595.24454697606461,31206,10937,1,"1"
596.97146976478325,31069,11074,11,"5-2-2-1-1"
597.06924264681845,31051,11092,1,"1"
598.60247353708667,31033,11110,1,"1"
599.91406087931671,30997,11146,2,"2"
606.072199023233,30961,11182,2,"2"
609.097425547228,30943,11200,1,"1"
610.37555745353689,30871,11272,4,"3-1"
611.75905487237185,30799,11344,4,"4"
613.57373445076939,30763,11380,2,"1-1"
613.8567480316425,30745,11398,1,"1"
623.10422449760665,30727,11416,1,"1"
624.5744318422901,30691,11452,2,"1-1"
625.56499272000394,30673,11470,1,"1"
627.8606980877463,30655,11488,1,"1"
627.93690557847754,30637,11506,1,"1"
629.11111552386637,30601,11542,2,"2"
637.93302416663107,30508,11635,9,"2-1-1-1-1-1-1-1"
644.90907508257931,30382,11761,7,"5-1-1"
647.03289980550176,30364,11779,1,"1"
648.70819253290426,30346,11797,1,"1"
655.30234169753021,30292,11851,3,"3"
656.51077666296999,30274,11869,1,"1"
659.35572526331418,30220,11923,3,"2-1"
664.5231804064889,30202,11941,1,"1"
665.42068506591329,30166,11977,2,"2"
666.27342361129092,30148,11995,1,"1"
666.91479532674123,28760,13383,79,"40-14-5-3-3-2-2-2-1-1-1-1-1-1-1-1"
670.37762586792405,0,42143,1628,"1628"
----------------------------------------------2
0,42143,0,0,"0"
22.621924939465618,41666,477,33,"27-3-3"
27.48486266547248,41648,495,1,"1"
31.025802347378178,41647,496,1,"1"
48.960177798360974,41611,532,2,"2"
49.993836640717731,41593,550,1,"1"
54.258931518775711,41579,564,1,"1"
76.586152433799938,41577,566,2,"2"
84.132798316800304,41559,584,1,"1"
86.905924289922581,41558,585,1,"1"
88.033745745936741,41557,586,1,"1"
90.010545851152258,41556,587,1,"1"
94.11632613145747,41538,605,1,"1"
101.16328007230526,41537,606,1,"1"
111.38726903497665,41536,607,1,"1"
123.90374844325831,41428,715,6,"5-1"
124.75035070537098,41410,733,1,"1"
126.56448252186853,41392,751,1,"1"
130.64518823509803,41391,752,1,"1"
133.85411251976396,41390,753,1,"1"
134.47894572269522,40041,2102,75,"40-16-12-3-1-1-1-1"
135.31595503225768,40040,2103,1,"1"
139.94714080494097,40022,2121,1,"1"
144.79135355317209,40004,2139,1,"1"
144.83394000598778,40003,2140,1,"1"
150.95828770277791,39985,2158,1,"1"
153.5555458466547,39984,2159,1,"1"
160.08715113566072,39983,2160,1,"1"
161.7351577783644,39965,2178,1,"1"
162.46678737243408,39875,2268,5,"2-1-1-1"
166.75881872650649,39873,2270,2,"2"
167.13115235257615,39872,2271,1,"1"
169.07229592156369,39854,2289,1,"1"
172.31734078463472,39836,2307,1,"1"
174.06044695947909,39818,2325,1,"1"
180.5126362092345,39813,2330,1,"1"
188.78231581800003,39795,2348,1,"1"
190.84332111081721,39789,2354,2,"2"
198.20123175881866,39784,2359,1,"1"
198.71964137939881,39766,2377,1,"1"
199.83972712704062,39750,2393,1,"1"
200.02503914837339,39749,2394,1,"1"
219.97341207117893,39731,2412,1,"1"
222.90900961471493,39033,3110,39,"39"
231.10622819476151,39016,3127,1,"1"
241.76258812506643,38998,3145,1,"1"
242.9856393568881,38980,3163,1,"1"
248.04072902882157,38962,3181,1,"1"
248.19630727340115,38795,3348,10,"10"
252.47220184550517,38792,3351,1,"1"
255.07531434482331,38791,3352,1,"1"
260.9766557293774,38788,3355,1,"1"
262.90803504624506,38770,3373,1,"1"
264.1469817389609,38598,3545,14,"7-2-2-1-1-1"
265.18422474460175,38580,3563,1,"1"
266.67310169955186,38579,3564,1,"1"
272.15214333211941,38561,3582,1,"1"
272.58352385673732,38556,3587,1,"1"
275.55311745114108,38538,3605,1,"1"
279.85936219100779,38484,3659,3,"3"
280.17581608156729,38466,3677,1,"1"
283.07025978169872,38430,3713,2,"1-1"
286.48650332161571,38412,3731,1,"1"
290.49424968535607,38381,3762,3,"2-1"
290.84651920392383,38371,3772,1,"1"
291.58825634858903,38360,3783,3,"2-1"
291.62528683285717,38342,3801,1,"1"
294.88172903610223,38324,3819,1,"1"
298.37144700444691,38310,3833,1,"1"
306.67083162417379,38305,3838,1,"1"
312.18233642330773,38287,3856,1,"1"
312.31640748819177,38251,3892,2,"2"
314.30944675003997,38215,3928,2,"2"
317.90629714640812,38197,3946,1,"1"
321.04047112250822,38179,3964,1,"1"
324.44471047477549,38173,3970,2,"2"
331.81377071124416,38164,3979,1,"1"
333.44877559169157,38146,3997,1,"1"
334.14415623178132,38128,4015,1,"1"
338.2145779043791,38110,4033,1,"1"
340.40952472359049,38092,4051,1,"1"
344.43103150619379,38074,4069,1,"1"
353.60979684387161,38056,4087,1,"1"
353.90865858612517,38038,4105,1,"1"
353.90991026261776,38020,4123,1,"1"
356.28063359298824,38002,4141,1,"1"
356.79806989662364,37984,4159,1,"1"
359.39618055026364,37966,4177,1,"1"
366.26016105751688,37961,4182,1,"1"
367.69237651066317,37943,4200,1,"1"
371.62046301894185,37925,4218,1,"1"
382.99309013991621,37907,4236,1,"1"
383.57722829060134,37897,4246,1,"1"
384.22574049263875,37843,4300,3,"3"
384.6369599913503,37825,4318,1,"1"
390.70241692463378,37811,4332,1,"1"
396.08617757399861,35429,6714,139,"120-5-5-3-1-1-1-1-1-1"
396.72223196412585,35420,6723,1,"1"
398.59138051500668,35402,6741,1,"1"
401.65798119465933,35384,6759,1,"1"
406.84515850617549,35370,6773,1,"1"
413.91277402770316,35343,6800,3,"3"
414.56196914708437,35325,6818,1,"1"
415.6133125592122,35307,6836,1,"1"
416.05174647488741,35289,6854,1,"1"
419.72618403661221,35271,6872,1,"1"
422.13258426472578,35266,6877,1,"1"
422.630036501966,35248,6895,1,"1"
424.74810695500025,35230,6913,1,"1"
425.23162721214453,35104,7039,7,"7"
427.05528962808614,35094,7049,2,"2"
427.54555592589708,35084,7059,1,"1"
430.58917015712268,35072,7071,1,"1"
433.80308386735629,35059,7084,1,"1"
438.28161762146311,35041,7102,1,"1"
439.40598085643012,35023,7120,1,"1"
446.90754049030875,35005,7138,1,"1"
447.29648184581691,34987,7156,1,"1"
449.19372025986991,34969,7174,1,"1"
449.29141649804535,34807,7336,9,"4-2-1-1-1"
450.98604387548755,34753,7390,3,"3"
452.73354083147876,34717,7426,2,"1-1"
456.02192649634094,34699,7444,1,"1"
463.55452150446848,34663,7480,2,"2"
466.79175128226711,34645,7498,1,"1"
468.40966275699884,34609,7534,2,"2"
474.62415901143476,34591,7552,1,"1"
476.52728154593387,34555,7588,2,"2"
481.4190778441411,34537,7606,1,"1"
482.70471117866737,34527,7616,2,"1-1"
486.57497349594144,34524,7619,1,"1"
492.6338563866708,34508,7635,1,"1"
498.24421356097389,34490,7653,1,"1"
498.7000542336678,33374,8769,62,"58-1-1-1-1"
502.71269965539216,33360,8783,1,"1"
508.09636530663312,33353,8790,1,"1"
514.94302626523336,33335,8808,1,"1"
515.95363376581111,33317,8826,1,"1"
521.2508744092645,33299,8844,1,"1"
532.05556991918695,33245,8898,3,"2-1"
544.26915597430593,33227,8916,1,"1"
547.55256096061078,33191,8952,2,"2"
548.29796873426631,33173,8970,1,"1"
549.23807928625865,33155,8988,1,"1"
550.23935128824235,33071,9072,6,"3-2-1"
550.57102815592157,33035,9108,2,"2"
551.05290650742415,33017,9126,1,"1"
556.08205253917129,32999,9144,1,"1"
556.68412009972724,32963,9180,2,"2"
562.95054064708324,32925,9218,3,"1-1-1"
565.41914803507302,32907,9236,1,"1"
566.96425610778317,32853,9290,3,"2-1"
567.24328580850897,32835,9308,1,"1"
570.94812530388947,32799,9344,2,"1-1"
573.33044977593306,32781,9362,1,"1"
574.39520835820133,32767,9376,1,"1"
575.30591960587776,32762,9381,1,"1"
578.56311056710069,32744,9399,1,"1"
581.37413025629689,27285,14858,315,"152-60-30-13-7-4-3-3-2-2-2-2-1-1-1-1-1-1-1-1-1-1-1-1-1-1-1-1-1-1-1-1-1-1-1-1-1-1-1-1-1-1-1-1-1-1-1"
581.68175467795186,0,42143,1557,"1557"
----------------------------------------------3
0,42143,0,0,"0"
55.20440563255228,41712,431,33,"27-3-2-1"
64.252950421884393,41694,449,1,"1"
77.1756605916609,41676,467,1,"1"
78.334025205598167,41662,481,1,"1"
79.779048845955529,41657,486,1,"1"
82.253380541594765,41656,487,1,"1"
87.649608162727674,41647,496,1,"1"
94.405972660185839,41629,514,1,"1"
95.889011862036725,41611,532,1,"1"
95.90950110857716,41610,533,1,"1"
97.00666278115628,41592,551,1,"1"
97.51213309547849,41578,565,1,"1"
99.212894693110272,41560,583,1,"1"
114.78900627318036,41559,584,1,"1"
116.35436233251797,41558,585,1,"1"
123.11367730782196,41556,587,2,"1-1"
138.33205404494302,41551,592,1,"1"
142.28898544546956,41546,597,1,"1"
143.41851091932665,41545,598,1,"1"
149.73434878354362,41527,616,1,"1"
156.15579718018532,41526,617,1,"1"
158.38959435212479,41508,635,1,"1"
158.71609314370204,41490,653,1,"1"
161.99060261474182,41489,654,1,"1"
162.1773180116746,41484,659,1,"1"
162.77947520072675,41466,677,1,"1"
163.39100038381949,41448,695,1,"1"
164.56751848440678,41447,696,1,"1"
167.87748667050619,41429,714,1,"1"
173.8767138352774,41411,732,1,"1"
181.66641424042427,41393,750,1,"1"
189.54179590567625,41375,768,1,"1"
203.92768104422103,41357,786,1,"1"
205.19106017690461,41339,804,1,"1"
206.85552428914895,41321,822,1,"1"
212.13090731850355,41320,823,1,"1"
213.21970499259581,41319,824,1,"1"
213.7926015352713,41318,825,1,"1"
223.40353649696112,41300,843,1,"1"
233.8712603525554,41290,853,1,"1"
242.72680178516543,41259,884,2,"2"
244.11505001117123,41241,902,1,"1"
252.62187697715714,41239,904,2,"2"
252.6639640263738,41234,909,1,"1"
253.42504141977719,41085,1058,9,"9"
256.07866621747854,41067,1076,1,"1"
256.48718008318377,41049,1094,1,"1"
257.88860661874946,41031,1112,1,"1"
261.90441766358452,40962,1181,6,"4-1-1"
262.12730202469186,40944,1199,1,"1"
263.34330785433826,40928,1215,1,"1"
266.36808592817027,40910,1233,1,"1"
273.08735170251526,40909,1234,1,"1"
273.52218443911153,40908,1235,1,"1"
275.79521655129662,40890,1253,1,"1"
277.17889010371607,40774,1369,8,"7-1"
278.37130826363216,40756,1387,1,"1"
278.4292118986894,40738,1405,1,"1"
279.26077429225398,40469,1674,15,"14-1"
279.38063145662824,40468,1675,1,"1"
280.23984169943668,40450,1693,1,"1"
281.50272850153004,40449,1694,1,"1"
281.78610110512483,40431,1712,1,"1"
288.94900237165757,40426,1717,1,"1"
293.45064506429406,40408,1735,1,"1"
302.56176993020995,40391,1752,1,"1"
305.59631871203925,40373,1770,1,"1"
309.83682501193437,40325,1818,4,"2-1-1"
310.44523154738357,40307,1836,1,"1"
311.33552352556364,40289,1854,1,"1"
313.13538898473007,40284,1859,1,"1"
314.74619589818411,40248,1895,2,"1-1"
320.9226344119902,40230,1913,1,"1"
322.54773099247484,40212,1931,1,"1"
335.15747548622477,40202,1941,2,"2"
336.8061062293512,40184,1959,1,"1"
343.77803654860645,40162,1981,2,"2"
348.59464928795256,40126,2017,2,"1-1"
351.78193033233833,40108,2035,2,"1-1"
361.77192941692596,40090,2053,1,"1"
368.6722016545902,40000,2143,5,"5"
371.48802232859742,39987,2156,1,"1"
377.59545578744479,39915,2228,4,"4"
386.55017294173149,39897,2246,1,"1"
389.85878019953884,39879,2264,1,"1"
390.04237537507669,39861,2282,1,"1"
390.71867853436055,39860,2283,1,"1"
391.19353264974768,39855,2288,1,"1"
391.48112554457555,39837,2306,1,"1"
395.62672331312865,39819,2324,1,"1"
396.72553680984493,39814,2329,1,"1"
402.52403281232063,39796,2347,1,"1"
411.52324595567853,39778,2365,1,"1"
414.62122907999338,39768,2375,1,"1"
418.34171229594887,39714,2429,3,"3"
420.22696475641038,39696,2447,1,"1"
428.65895023000485,39686,2457,2,"2"
430.09007045152015,39668,2475,1,"1"
434.21006685322186,39650,2493,1,"1"
434.88702187385917,39632,2511,1,"1"
436.78935050629866,39614,2529,1,"1"
439.81047443420056,39605,2538,1,"1"
444.56441120905828,39595,2548,1,"1"
452.3621781946137,39577,2566,1,"1"
459.5550430847963,39545,2598,2,"2"
472.16589767906345,39535,2608,1,"1"
479.51996181130943,39525,2618,1,"1"
495.97252380424823,39507,2636,1,"1"
496.65565825480166,39494,2649,1,"1"
501.16447972046268,39458,2685,2,"2"
502.9059873761845,39452,2691,2,"2"
504.65079427581486,39434,2709,1,"1"
513.79539432831803,39420,2723,2,"2"
516.62427787774072,39402,2741,1,"1"
527.54890070519593,39132,3011,15,"12-2-1"
528.51921361181462,39123,3020,1,"1"
529.93965228027935,39087,3056,2,"2"
529.97927835086989,38600,3543,29,"19-3-3-1-1-1-1"
530.21329947345521,38582,3561,1,"1"
530.50018279860012,38528,3615,3,"2-1"
531.47693905484482,38510,3633,1,"1"
533.7852173273194,38492,3651,1,"1"
544.69805241519828,38482,3661,2,"2"
546.14626322997935,38464,3679,1,"1"
548.32926452945321,38436,3707,2,"2"
548.49908685421894,38423,3720,1,"1"
551.79148929821372,38405,3738,1,"1"
552.90719377461699,38387,3756,1,"1"
554.00859315801154,38369,3774,1,"1"
556.41384733370069,38359,3784,2,"2"
558.98712612820293,38341,3802,1,"1"
562.04010688430765,38323,3820,1,"1"
570.02240161865893,38320,3823,1,"1"
572.51847294020058,38302,3841,1,"1"
577.88412603018571,38294,3849,2,"1-1"
580.01215787748833,38276,3867,1,"1"
582.35787204044414,38258,3885,1,"1"
583.27038856321587,38240,3903,1,"1"
584.49533259383293,38168,3975,4,"2-1-1"
585.84935584561674,38132,4011,2,"1-1"
587.20016897086566,38114,4029,1,"1"
587.25233255841488,38096,4047,1,"1"
589.42927926528375,38070,4073,2,"1-1"
594.57501538204235,37764,4379,17,"12-3-1-1"
595.62074735709325,37458,4685,17,"11-4-1-1"
597.12467865424071,37440,4703,1,"1"
598.7769885736185,34001,8142,199,"140-29-4-3-2-2-2-2-2-2-1-1-1-1-1-1-1-1-1-1-1"
598.85413579952456,33947,8196,3,"3"
599.58903500225983,33929,8214,1,"1"
600.52212889967666,33911,8232,1,"1"
601.33347269261822,33893,8250,1,"1"
602.26391638091127,33839,8304,3,"2-1"
608.22753950584058,33808,8335,3,"2-1"
610.73906515735439,33790,8353,1,"1"
616.13833569983228,33772,8371,1,"1"
617.74874031911952,33754,8389,1,"1"
626.01022616203079,32385,9758,80,"56-4-2-2-1-1-1-1-1-1-1-1-1-1-1-1-1-1-1-1"
629.49658629113549,32331,9812,3,"2-1"
639.35348272918588,32295,9848,2,"2"
641.58086269537182,32277,9866,1,"1"
645.53119691536676,32199,9944,5,"4-1"
651.20356278159966,31871,10272,21,"12-4-1-1-1-1-1"
658.23303029504484,31853,10290,1,"1"
658.48237580764771,31703,10440,9,"6-2-1"
661.60172056516672,31685,10458,1,"1"
670.26792514006468,30695,11448,55,"32-11-2-2-1-1-1-1-1-1-1-1"
671.72838997928466,30677,11466,1,"1"
673.3977821863856,30642,11501,5,"2-1-1-1"
676.12069013095879,30606,11537,2,"2"
678.1773475720089,30588,11555,1,"1"
679.97790285665269,30048,12095,30,"9-6-4-2-2-1-1-1-1-1-1-1"
684.34204497078872,29292,12851,42,"15-7-3-3-2-2-2-2-2-1-1-1-1"
686.07149299329342,29256,12887,2,"1-1"
690.70032020219514,29220,12923,2,"2"
692.29161149005324,0,42143,1658,"1658"
----------------------------------------------4
0,42143,0,0,"0"
60.782983640163202,41696,447,32,"27-3-1-1"
62.809885032683162,41695,448,1,"1"
63.096527158766854,41694,449,1,"1"
67.843218724713452,41676,467,1,"1"
68.129956424315239,41674,469,2,"1-1"
72.441273877078729,41613,530,4,"3-1"
73.562577055541652,41612,531,1,"1"
74.489658975597635,41594,549,1,"1"
87.809344794618937,41576,567,1,"1"
98.200515494040957,41575,568,1,"1"
100.88328539239451,41557,586,1,"1"
115.6124360294999,41539,604,1,"1"
118.17450032872611,41532,611,3,"3"
119.06159642696802,41531,612,1,"1"
121.224794114744,41513,630,1,"1"
140.37580535954757,41495,648,1,"1"
142.57467452961737,41494,649,1,"1"
143.33775220505913,41493,650,1,"1"
144.17090090628358,41475,668,1,"1"
146.33228238087781,41439,704,2,"2"
146.52444532083996,41421,722,1,"1"
147.94397883225525,41420,723,1,"1"
153.97831374088727,41413,730,1,"1"
154.20402483374679,41408,735,1,"1"
155.67616204887867,41407,736,1,"1"
157.42878796968091,41371,772,2,"2"
163.6394894617988,41353,790,1,"1"
164.81608778818799,41335,808,1,"1"
166.79525953117391,41330,813,1,"1"
173.14034995033595,41312,831,1,"1"
184.26094985348121,41311,832,1,"1"
186.01431285408415,41293,850,1,"1"
190.57209462149905,41290,853,1,"1"
199.67369688261505,41264,879,2,"1-1"
206.66753862139632,41263,880,1,"1"
207.56278587891362,41245,898,1,"1"
208.1693206146771,41227,916,1,"1"
212.76373857227313,41191,952,2,"2"
216.06464696785577,41190,953,1,"1"
224.54280436135369,41185,958,1,"1"
226.95522474542832,41171,972,1,"1"
228.20944611989492,41153,990,1,"1"
229.76875335003513,41135,1008,1,"1"
237.74972797420807,41117,1026,1,"1"
238.14656957037769,41116,1027,1,"1"
239.24198883626323,41111,1032,1,"1"
246.73902402801511,41093,1050,1,"1"
248.18516490634374,41075,1068,1,"1"
258.04641743133567,41072,1071,3,"1-1-1"
258.71771233477841,41067,1076,1,"1"
260.94920388767747,41049,1094,1,"1"
266.01221920305011,41044,1099,1,"1"
272.98511094493864,41026,1117,1,"1"
276.18160669097648,40954,1189,4,"4"
280.05175563724111,40904,1239,4,"4"
282.01367820146476,40773,1370,8,"7-1"
282.48601426432998,40767,1376,2,"1-1"
284.45894621235959,40749,1394,1,"1"
286.92240470778626,40731,1412,1,"1"
295.0290257852954,40674,1469,4,"3-1"
302.03840691146854,40525,1618,9,"9"
302.66475592357841,40507,1636,1,"1"
303.18325997598976,40489,1654,1,"1"
305.54241291446851,40471,1672,1,"1"
306.23168330287706,40453,1690,1,"1"
306.51012885690136,40435,1708,1,"1"
311.00426656210851,40417,1726,1,"1"
313.81687917042626,40399,1744,1,"1"
320.94345013497008,40385,1758,1,"1"
324.76219650370518,40367,1776,1,"1"
329.18294623634807,40366,1777,1,"1"
329.96466096333296,40061,2082,17,"14-3"
331.40678234619838,40043,2100,1,"1"
331.68030987382684,40025,2118,1,"1"
341.41923716471291,40007,2136,1,"1"
348.1891191132068,39971,2172,2,"1-1"
351.22596116031951,39953,2190,1,"1"
351.27503507478696,39947,2196,2,"2"
358.66841499722671,39785,2358,9,"9"
366.50863992603752,39767,2376,1,"1"
367.99555025672157,39749,2394,1,"1"
368.9829452027181,39677,2466,4,"4"
376.39455469276407,39659,2484,1,"1"
376.76093619212327,39641,2502,1,"1"
378.86443851944443,39320,2823,21,"20-1"
380.09318875985571,39319,2824,1,"1"
380.17201617070725,39301,2842,1,"1"
397.03669255695371,39283,2860,1,"1"
398.46238684245242,39278,2865,1,"1"
400.05622308724634,39260,2883,1,"1"
400.81447565029742,39250,2893,2,"2"
406.85538031167812,39232,2911,1,"1"
407.70052598744428,39215,2928,1,"1"
411.1674917134319,39197,2946,1,"1"
412.96578264207221,39179,2964,1,"1"
416.29083485515304,39161,2982,1,"1"
416.74137175913052,39125,3018,2,"2"
417.51439836875971,39107,3036,1,"1"
420.56358618364817,39089,3054,1,"1"
421.015427770754,39053,3090,2,"2"
424.00681568089749,39035,3108,1,"1"
441.33257049643333,38999,3144,2,"2"
444.48851838338948,38981,3162,1,"1"
446.57842082965482,38962,3181,3,"2-1"
450.70270763834736,38957,3186,1,"1"
452.32810610203808,38947,3196,2,"2"
465.03753548527237,37947,4196,56,"46-8-1-1"
470.90860721057027,37929,4214,1,"1"
485.0773153927787,37659,4484,15,"12-1-1-1"
485.69451930178167,37645,4498,1,"1"
485.97166131124686,37627,4516,1,"1"
494.12257290780883,37512,4631,8,"8"
494.95806462584738,37502,4641,1,"1"
497.75176707072018,37492,4651,1,"1"
499.62350706563529,37474,4669,1,"1"
501.26448231228085,37420,4723,3,"2-1"
512.36163869002439,37402,4741,1,"1"
512.74346549252914,36502,5641,50,"29-13-3-2-2-1"
515.0051057951639,36484,5659,1,"1"
517.48531929347359,36430,5713,3,"3"
518.28576218007458,36412,5731,1,"1"
520.24545887513761,36394,5749,1,"1"
524.80059937875205,36358,5785,2,"2"
525.06442662708957,36353,5790,1,"1"
530.91023992409214,35844,6299,31,"23-5-1-1-1"
536.46338132219114,35826,6317,1,"1"
537.48369044214417,35790,6353,2,"2"
540.53278766897017,35772,6371,1,"1"
540.83702632312099,35759,6384,1,"1"
541.39799270690787,35749,6394,2,"2"
542.07053897845685,35736,6407,1,"1"
548.16712432274051,35718,6425,1,"1"
550.32264833979423,35700,6443,1,"1"
552.60678086380619,35682,6461,1,"1"
555.67587585704803,35664,6479,1,"1"
557.14172573243275,35650,6493,2,"1-1"
557.53554903113684,35596,6547,3,"3"
557.70100337858491,35578,6565,1,"1"
558.19539048956199,35506,6637,4,"3-1"
559.10993557711549,35488,6655,1,"1"
562.09645811913276,35434,6709,3,"2-1"
564.16327798468274,35416,6727,1,"1"
568.06884141410819,35398,6745,1,"1"
569.87423320620564,35362,6781,2,"1-1"
571.98569031215879,35357,6786,1,"1"
575.93517471928305,35185,6958,10,"9-1"
577.50479702082373,35179,6964,2,"2"
578.40644062875651,35147,6996,2,"2"
579.50633763191092,35093,7050,3,"3"
596.51940126920874,35084,7059,1,"1"
596.79348368591775,35066,7077,1,"1"
603.47250045580961,35048,7095,1,"1"
604.49305317167784,35030,7113,1,"1"
604.92786034250332,35013,7130,1,"1"
612.41585655124936,34989,7154,2,"2"
612.89170237978567,34971,7172,1,"1"
613.5611687595416,34903,7240,4,"4"
614.75432192699782,34885,7258,1,"1"
617.17700369945123,34867,7276,1,"1"
617.75383380474864,34849,7294,1,"1"
622.00909976146454,34844,7299,1,"1"
622.33388296090243,34826,7317,1,"1"
622.35163427032774,34778,7365,3,"3"
627.40163502628968,34729,7414,4,"2-2"
628.42603484008009,34711,7432,1,"1"
628.8305565249176,34657,7486,3,"2-1"
637.67491885021559,34639,7504,1,"1"
642.0937856954223,34603,7540,2,"2"
642.94433976317646,34589,7554,2,"1-1"
643.34367471351084,0,42143,1968,"1968"
----------------------------------------------5
0,42143,0,0,"0"
51.815292055905545,41701,442,31,"27-3-1"
54.103078910214528,41683,460,1,"1"
56.670309815875541,41665,478,1,"1"
79.197457424066513,41514,629,11,"11"
98.350480497735333,41460,683,3,"3"
111.70932581844912,41446,697,1,"1"
114.4218251680286,41428,715,1,"1"
118.30568905834974,41410,733,1,"1"
121.89146832752273,41408,735,2,"1-1"
126.45359313305191,41406,737,2,"2"
139.90570622163222,41405,738,1,"1"
140.67384366039511,41404,739,1,"1"
146.40369174662951,41402,741,2,"1-1"
149.2336444639117,41400,743,2,"2"
150.61221074602958,41398,745,2,"1-1"
153.74624143214811,41397,746,1,"1"
156.12263586920258,41396,747,1,"1"
165.01226177470025,41342,801,3,"3"
180.00246241826494,41324,819,1,"1"
194.9567309660045,41288,855,2,"2"
195.12616116636016,41252,891,2,"1-1"
197.00424765462287,41234,909,1,"1"
198.43324279564314,41216,927,1,"1"
209.13970822368802,40622,1521,33,"33"
209.81647410114584,40621,1522,1,"1"
210.77122084754737,40597,1546,2,"1-1"
211.2067479248704,40561,1582,2,"1-1"
212.27421953243902,40560,1583,1,"1"
213.10452753338245,40542,1601,1,"1"
213.50372295353105,40524,1619,1,"1"
214.89535951687233,40506,1637,1,"1"
218.6822783517359,40497,1646,1,"1"
226.80495543156655,40496,1647,1,"1"
226.94597946414058,40495,1648,1,"1"
231.27425709092793,40489,1654,2,"1-1"
235.29490074483525,40471,1672,1,"1"
240.32414657227363,40453,1690,1,"1"
242.44495526850343,40435,1708,1,"1"
247.46800438886291,40417,1726,1,"1"
258.60752081254236,40387,1756,2,"1-1"
259.0110637024589,40386,1757,1,"1"
267.09500813863735,40368,1775,1,"1"
267.27740627492636,40365,1778,1,"1"
275.91215251257387,40355,1788,2,"1-1"
276.21964020334877,40337,1806,1,"1"
280.30072789505698,40319,1824,1,"1"
283.87967820911689,39890,2253,29,"14-10-1-1-1-1-1"
287.29678988697543,39777,2366,7,"7"
287.55370974308147,39759,2384,1,"1"
290.37822934652013,39723,2420,2,"1-1"
292.42100221401694,39687,2456,2,"2"
295.79246640180753,39669,2474,1,"1"
296.21488581956038,39651,2492,1,"1"
299.23481580140401,39608,2535,3,"2-1"
303.66161941059539,39590,2553,1,"1"
304.01176916229088,39572,2571,1,"1"
310.94917897944816,39500,2643,5,"3-1-1"
311.34977556166308,39491,2652,1,"1"
318.21161483250495,39482,2661,1,"1"
318.96737907765987,39472,2671,2,"2"
319.92772119394107,39454,2689,1,"1"
321.00564134236703,39436,2707,1,"1"
322.84167208172977,39418,2725,1,"1"
322.91682514902118,39400,2743,1,"1"
328.51585929623451,39382,2761,1,"1"
328.71307294857451,39364,2779,1,"1"
342.24332190379999,39328,2815,2,"2"
347.25677226436909,39310,2833,1,"1"
356.68993510265733,39304,2839,2,"1-1"
358.66152284220595,39294,2849,1,"1"
362.12017481996219,39240,2903,3,"3"
362.79599884970912,39223,2920,1,"1"
363.7252801368021,39205,2938,1,"1"
364.50840165088891,39187,2956,1,"1"
364.67642925125921,39169,2974,1,"1"
365.409896092022,39151,2992,1,"1"
365.5549368524633,38971,3172,10,"9-1"
367.35715048925351,38953,3190,1,"1"
369.79612875594029,38918,3225,5,"2-1-1-1"
374.56830318092284,38900,3243,1,"1"
377.08250586159579,38882,3261,1,"1"
377.5842298526602,38858,3285,2,"2"
377.65481512854899,38848,3295,2,"2"
387.04573158777686,38830,3313,1,"1"
393.72171453189463,38820,3323,1,"1"
394.80233636746942,38802,3341,1,"1"
401.59791325371651,38781,3362,2,"2"
412.2731577211149,38763,3380,1,"1"
414.80374483243662,36582,5561,126,"117-5-2-1-1"
425.03055404726956,36564,5579,1,"1"
428.98539602177277,36546,5597,1,"1"
430.30688221827853,36510,5633,2,"1-1"
435.30896644516389,36492,5651,1,"1"
437.3862587391651,36474,5669,1,"1"
444.25025826941589,36402,5741,4,"3-1"
444.77875590856667,36380,5763,2,"1-1"
465.58649951201045,36375,5768,1,"1"
475.13315628386147,36068,6075,19,"19"
476.31954522339919,36058,6085,1,"1"
485.58871666183796,35986,6157,4,"2-2"
487.96368315526797,35950,6193,2,"2"
490.70604209746267,35932,6211,1,"1"
491.84386973207961,35920,6223,2,"2"
494.80906090182486,35866,6277,3,"3"
505.55267444348573,35848,6295,1,"1"
514.15205199213051,35830,6313,1,"1"
514.44166679588841,35812,6331,1,"1"
519.45275144971129,35760,6383,6,"4-1-1"
523.13622335402465,35706,6437,3,"3"
526.19829464952306,35688,6455,1,"1"
529.19438133831193,35508,6635,10,"10"
531.38230235013771,35498,6645,1,"1"
534.06184967562501,35480,6663,1,"1"
543.03416247588461,35462,6681,1,"1"
545.7759317000332,35444,6699,2,"2"
550.11160841544745,35372,6771,4,"4"
550.9489455186241,35156,6987,12,"12"
551.81105540888143,35143,7000,1,"1"
553.10313332366388,34873,7270,15,"14-1"
555.18704896799375,34856,7287,1,"1"
565.49593385417177,34853,7290,1,"1"
568.64825771495089,34835,7308,1,"1"
568.79440082962867,33180,8963,92,"70-5-3-3-2-1-1-1-1-1-1-1-1-1"
573.33372134603746,33162,8981,1,"1"
573.82181165242935,33126,9017,2,"2"
574.53939986459955,33108,9035,1,"1"
574.76306803442469,33054,9089,3,"1-1-1"
583.81078356362013,33018,9125,2,"2"
584.66122255589062,32993,9150,3,"1-1-1"
590.56528624122291,32959,9184,2,"1-1"
591.20011899067197,32869,9274,5,"2-1-1-1"
591.49274881686301,32833,9310,2,"1-1"
592.37951994030152,32773,9370,5,"2-2-1"
594.70032093342081,32755,9388,1,"1"
596.23002390210479,32741,9402,2,"1-1"
596.71082008041014,32651,9492,5,"3-2"
600.24412860390885,29526,12617,176,"45-42-21-21-9-5-4-3-3-2-2-2-2-1-1-1-1-1-1-1-1-1-1-1-1-1-1-1"
603.86508037673161,0,42143,1683,"1683"
----------------------------------------------6
0,42143,0,0,"0"
17.557817636222019,41714,429,31,"27-3-1"
38.826141683660545,41696,447,1,"1"
54.448116990190293,41695,448,1,"1"
74.506595982582439,41693,450,2,"2"
77.163015249004403,41692,451,1,"1"
79.455327595542528,41691,452,1,"1"
89.970939497295802,41690,453,1,"1"
94.12540992833469,41672,471,1,"1"
104.08873942763256,41654,489,1,"1"
106.16878415649495,41652,491,2,"2"
118.41867939084175,41638,505,1,"1"
124.33852228920472,41458,685,10,"6-3-1"
127.00571264770956,41457,686,1,"1"
146.1098533712545,41456,687,1,"1"
148.27131751925762,41438,705,1,"1"
153.71057141429034,41437,706,1,"1"
153.78312967448684,41419,724,1,"1"
159.33683183163251,41401,742,1,"1"
161.26201196270191,41383,760,1,"1"
163.63817942219038,41382,761,1,"1"
168.46476333669466,41381,762,1,"1"
168.50676799213181,41363,780,1,"1"
179.57694935484088,41345,798,1,"1"
182.63068282290183,41291,852,3,"3"
186.48633179846399,41286,857,1,"1"
186.5841274375546,41268,875,1,"1"
188.30172781552855,41267,876,1,"1"
188.92485296477946,41249,894,1,"1"
190.5970802737782,41231,912,1,"1"
197.67987392038816,41213,930,1,"1"
197.91427838963838,41208,935,1,"1"
199.33754802845272,41190,953,1,"1"
202.58022268949821,41185,958,1,"1"
204.55652229546754,41167,976,1,"1"
205.05121919563368,41071,1072,6,"6"
210.17399273083927,41053,1090,1,"1"
211.3904539494458,41035,1108,1,"1"
212.58505971113013,41034,1109,1,"1"
215.39046599943541,40986,1157,4,"2-1-1"
219.25329790391299,40937,1206,3,"3"
222.09909618783496,40927,1216,1,"1"
223.04102963911299,40909,1234,1,"1"
226.36184104269216,40891,1252,1,"1"
229.50093833738546,40873,1270,1,"1"
238.82519146367363,40855,1288,1,"1"
240.17472783672022,40837,1306,1,"1"
243.01013918115342,40826,1317,1,"1"
248.16422037061233,40808,1335,1,"1"
257.08041516672102,40807,1336,1,"1"
257.53123154402175,40789,1354,1,"1"
272.42502710472172,40784,1359,1,"1"
273.94653820417517,40783,1360,1,"1"
280.78242339498109,40765,1378,1,"1"
280.91633546745248,40764,1379,1,"1"
283.46801876828727,40763,1380,1,"1"
284.32977772581853,40344,1799,25,"14-10-1"
284.46140123022121,40326,1817,1,"1"
293.37186748810785,40308,1835,1,"1"
294.30494786187398,39987,2156,23,"20-1-1-1"
296.21715576326841,39970,2173,1,"1"
296.67854863575934,39952,2191,1,"1"
300.45595268228675,39949,2194,1,"1"
301.81169663862613,39931,2212,1,"1"
309.83918608803725,39818,2325,7,"7"
313.13447919457218,39800,2343,1,"1"
316.13960666549372,39782,2361,1,"1"
316.68962007769852,38708,3435,62,"56-2-1-1-1-1"
322.54309000401656,38690,3453,1,"1"
325.76165806283069,38672,3471,1,"1"
328.56369693621116,38654,3489,1,"1"
339.29643951220697,38599,3544,5,"5"
341.15882141901039,38578,3565,3,"2-1"
343.32373499969265,38560,3583,1,"1"
344.20342159297007,38544,3599,1,"1"
348.00749335170741,38526,3617,1,"1"
349.9558030266993,38328,3815,11,"9-1-1"
351.2025485370018,38318,3825,2,"2"
351.32836175718813,38264,3879,3,"2-1"
359.72303824737554,38246,3897,1,"1"
361.14536445189447,38245,3898,1,"1"
361.19756748873442,38227,3916,1,"1"
368.89969201519409,38209,3934,1,"1"
372.99491832254932,38173,3970,2,"1-1"
375.70746573567982,37897,4246,20,"13-2-1-1-1-1-1"
380.38921883069662,37807,4336,8,"3-2-2-1"
381.75259297436986,37789,4354,1,"1"
381.86828161173815,37771,4372,1,"1"
383.99498244505071,37753,4390,1,"1"
386.52233325671034,37735,4408,1,"1"
389.69350959418557,37609,4534,7,"3-1-1-1-1"
393.13253950515656,37591,4552,1,"1"
403.6900706048379,37578,4565,1,"1"
406.75011845141887,37560,4583,1,"1"
412.79233390786356,37542,4601,1,"1"
420.34675508647706,37506,4637,2,"1-1"
424.5288384486646,37488,4655,1,"1"
424.64400006891049,37470,4673,1,"1"
425.15248976154652,37452,4691,1,"1"
425.28068680160266,37438,4705,1,"1"
426.6261499139552,37420,4723,1,"1"
427.96581252761354,37402,4741,1,"1"
431.7153853779476,36704,5439,39,"37-2"
432.1508079179917,36668,5475,2,"1-1"
443.51642038088943,36650,5493,1,"1"
445.11674755590121,36640,5503,1,"1"
447.60053809920737,36622,5521,1,"1"
451.97030788379601,36598,5545,2,"2"
454.75710245399864,34994,7149,90,"57-29-1-1-1-1"
454.97722638383101,34958,7185,2,"1-1"
456.85314086866765,34949,7194,1,"1"
466.83693344711179,34928,7215,3,"1-1-1"
473.76957246793,34910,7233,1,"1"
473.83543724134154,34838,7305,4,"2-1-1"
474.89673596909381,34835,7308,1,"1"
478.66241579544754,34825,7318,1,"1"
483.15654575666787,34807,7336,1,"1"
484.18316503129012,34771,7372,2,"1-1"
484.75343598687482,34745,7398,2,"2"
487.99662590011184,34735,7408,1,"1"
489.29379422209894,34718,7425,3,"2-1"
498.44953622838665,34700,7443,1,"1"
499.29122648435168,34682,7461,1,"1"
499.79345506340104,34656,7487,4,"2-1-1"
506.68456024394123,34638,7505,1,"1"
506.86584242843588,34620,7523,1,"1"
508.69860595099419,34584,7559,2,"2"
513.96944873189921,34566,7577,1,"1"
518.80435703641058,34559,7584,1,"1"
520.5022941932441,34554,7589,1,"1"
521.11965338481662,34536,7607,1,"1"
521.12921091391468,34482,7661,3,"3"
528.62562055915259,34464,7679,1,"1"
529.82979987094484,34446,7697,1,"1"
531.48767795430388,32227,9916,130,"109-5-3-2-1-1-1-1-1-1-1-1-1-1-1"
533.07187347497586,32209,9934,1,"1"
541.63446769135635,32152,9991,5,"4-1"
544.19956282146654,29082,13061,173,"84-43-11-9-4-3-3-2-2-2-1-1-1-1-1-1-1-1-1-1"
544.51312149423904,29058,13085,2,"1-1"
545.18670208286824,29040,13103,1,"1"
546.0053664773659,27914,14229,63,"45-9-2-1-1-1-1-1-1-1"
555.14358582754846,27896,14247,1,"1"
555.55731799749879,27806,14337,5,"4-1"
556.840812432044,27784,14359,2,"2"
558.75062857594446,27748,14395,2,"2"
558.84436302627842,27733,14410,1,"1"
559.62382585158366,27643,14500,5,"4-1"
560.27764415508557,27625,14518,1,"1"
560.81348483894089,27609,14534,1,"1"
562.61584819087011,27573,14570,3,"2-1"
563.05916665652626,27555,14588,1,"1"
563.36855325456634,27519,14624,2,"2"
564.14847364898912,27501,14642,1,"1"
564.76283775473678,27483,14660,1,"1"
568.66338337118088,26961,15182,29,"17-10-1-1"
569.69459117015185,26951,15192,1,"1"
570.92009911625121,26933,15210,1,"1"
573.93726785133413,26897,15246,4,"2-1-1"
574.49071722832161,26879,15264,1,"1"
576.03085557250915,26870,15273,1,"1"
576.71697032601173,26528,15615,19,"5-3-2-2-1-1-1-1-1-1-1"
577.20703508401868,26492,15651,2,"2"
578.60200474623207,26474,15669,1,"1"
579.62866572040082,26462,15681,1,"1"
584.1469893726869,26420,15723,3,"3"
585.75170527769933,26402,15741,1,"1"
589.64556462586052,26389,15754,1,"1"
589.98868881960016,26371,15772,1,"1"
592.3406123785403,26353,15790,1,"1"
593.10447640592452,26209,15934,8,"2-2-2-2"
593.36844945910912,0,42143,1485,"1485"
----------------------------------------------7
0,42143,0,0,"0"
27.027472343141341,41697,446,31,"27-3-1"
38.810359122544639,41687,456,1,"1"
39.821239052699767,41597,546,5,"5"
57.576409072044811,41579,564,1,"1"
63.031751035178466,41565,578,1,"1"
63.982780459061146,41561,582,2,"2"
77.865454173121705,41547,596,1,"1"
78.311482868453439,41546,597,1,"1"
83.707200763028851,41528,615,1,"1"
89.872018240476322,41527,616,1,"1"
93.828929989806397,41526,617,1,"1"
108.91809757210413,41508,635,1,"1"
110.69619839109762,41490,653,1,"1"
121.12113833335462,41472,671,1,"1"
125.94507668750138,41471,672,1,"1"
131.6623813493128,41453,690,1,"1"
137.27609959360902,41452,691,1,"1"
138.31626012809608,41449,694,3,"2-1"
142.66225936775078,41448,695,1,"1"
145.0650753138533,41430,713,1,"1"
145.85405702853205,41412,731,1,"1"
149.64383987602352,41286,857,7,"7"
152.2334360347852,41285,858,1,"1"
153.72473225174892,41136,1007,9,"9"
153.84629410556832,41135,1008,1,"1"
154.78415174485846,41133,1010,2,"1-1"
154.83852032778935,41115,1028,1,"1"
160.80171618879712,41097,1046,1,"1"
162.06360479230284,41079,1064,1,"1"
165.23906428681511,41078,1065,1,"1"
170.05350865325158,41060,1083,1,"1"
181.44464903284623,41042,1101,1,"1"
190.59611398407412,41024,1119,1,"1"
191.13875829249989,41023,1120,1,"1"
192.07673996373933,41005,1138,1,"1"
192.54890221810865,40987,1156,1,"1"
206.48260981464423,40969,1174,1,"1"
213.61513693540616,40967,1176,2,"2"
235.87664865104071,40949,1194,1,"1"
236.85636916171109,40932,1211,1,"1"
237.69381236111133,40914,1229,1,"1"
242.77449310433366,40896,1247,1,"1"
242.99642269811264,40806,1337,5,"2-1-1-1"
246.63357714274434,40788,1355,1,"1"
246.87012440402327,40787,1356,1,"1"
247.18518464598563,40741,1402,3,"3"
256.27066452702292,40723,1420,1,"1"
257.82012942540661,40705,1438,1,"1"
258.33847334111067,40704,1439,1,"1"
258.76291250927096,40686,1457,1,"1"
266.25720062222291,40632,1511,3,"3"
268.74119642339161,40616,1527,1,"1"
271.54228155405571,40615,1528,1,"1"
274.04420707908679,40610,1533,1,"1"
276.17464041457629,40495,1648,9,"7-1-1"
277.04419586925326,40481,1662,2,"1-1"
278.01763050186406,40468,1675,1,"1"
278.12806079480737,40463,1680,1,"1"
278.62502166010012,40445,1698,1,"1"
280.97817983974915,40427,1716,1,"1"
285.080366395466,40409,1734,1,"1"
286.50138837256071,40399,1744,1,"1"
290.98327611934764,40303,1840,6,"6"
296.75585053122552,40047,2096,15,"14-1"
298.37331872978359,40029,2114,1,"1"
305.04570894183951,39957,2186,4,"4"
306.6579759519858,39931,2212,2,"1-1"
307.50778051451852,39913,2230,1,"1"
309.9242906386753,39895,2248,1,"1"
311.07524452672357,39842,2301,5,"2-1-1-1"
311.27402758666989,39824,2319,1,"1"
312.66987036763476,39806,2337,1,"1"
313.62529729530297,39788,2355,1,"1"
313.87150722930983,39698,2445,5,"3-1-1"
317.33238551491007,39680,2463,1,"1"
318.20633850031373,39662,2481,1,"1"
318.76735752714472,39642,2501,4,"2-2"
329.00456728683048,39624,2519,1,"1"
332.06618294256708,39606,2537,1,"1"
335.3499315158154,39552,2591,3,"2-1"
348.86539947843033,39534,2609,1,"1"
356.34061787236192,39516,2627,1,"1"
361.12399234079027,39498,2645,1,"1"
361.19926126258667,39480,2663,1,"1"
363.11537923958707,39479,2664,1,"1"
363.15162035858032,39461,2682,1,"1"
378.49421305467229,39411,2732,4,"4"
379.29478249587152,39393,2750,1,"1"
385.41516361273347,39375,2768,1,"1"
387.65591617853039,39374,2769,1,"1"
389.26100914487267,39284,2859,5,"3-1-1"
389.40692013223094,38294,3849,55,"54-1"
389.45903159905561,38276,3867,1,"1"
393.08933726624628,38258,3885,1,"1"
398.54763853858282,38240,3903,1,"1"
399.7399867348164,38222,3921,1,"1"
401.49241354597564,38204,3939,1,"1"
405.84354385803209,38186,3957,1,"1"
407.66820860683305,38168,3975,1,"1"
407.70928149505903,38162,3981,2,"2"
409.90068117333692,38144,3999,1,"1"
411.5595761658991,38139,4004,1,"1"
413.78607513813733,38099,4044,4,"2-2"
417.4557620224769,38027,4116,4,"4"
419.50760418652027,38009,4134,1,"1"
419.5428961189242,37991,4152,1,"1"
421.00516408918861,37974,4169,1,"1"
434.82515711296423,37960,4183,1,"1"
437.56383427658665,37942,4201,1,"1"
440.61473966416366,37888,4255,3,"3"
442.24827428188189,37816,4327,4,"4"
442.27578799722914,37780,4363,2,"2"
442.96142449030287,37744,4399,2,"1-1"
447.20940887741108,37726,4417,1,"1"
447.78441693032454,37690,4453,2,"2"
451.19349023343318,37687,4456,1,"1"
456.07484376029652,37669,4474,1,"1"
459.13954037808196,37615,4528,3,"2-1"
463.09793979925564,37597,4546,1,"1"
465.22328873124951,37579,4564,1,"1"
465.82921876410791,37561,4582,1,"1"
467.96481992424992,37551,4592,1,"1"
476.40632930914728,37533,4610,1,"1"
480.08219625234915,37515,4628,1,"1"
489.08353847134765,37497,4646,1,"1"
494.35960684896219,37461,4682,2,"2"
506.0299504111502,37458,4685,1,"1"
508.21274954660493,35189,6954,131,"127-1-1-1-1"
515.38026752114854,35180,6963,1,"1"
516.59353306575565,35162,6981,1,"1"
520.7758724185943,28977,13166,363,"142-98-30-20-7-7-6-4-4-3-3-2-2-2-2-1-1-1-1-1-1-1-1-1-1-1-1-1-1-1-1-1-1-1-1-1-1-1-1-1-1-1-1-1-1-1"
524.55580210051107,28959,13184,1,"1"
535.86503605422865,28793,13350,17,"6-2-2-2-1-1-1-1-1"
537.58707403280857,28775,13368,1,"1"
543.99627620529134,28766,13377,1,"1"
549.01229793066386,28749,13394,1,"1"
549.83336495139042,28731,13412,1,"1"
550.97822872422785,28713,13430,1,"1"
551.56472600242273,28695,13448,1,"1"
552.75167421793037,28443,13700,14,"12-1-1"
558.37958879482971,28425,13718,1,"1"
558.76788421208209,28407,13736,1,"1"
562.13047314889707,26142,16001,134,"76-9-5-4-3-2-2-2-2-2-2-2-2-2-2-2-2-1-1-1-1-1-1-1-1-1-1-1-1-1"
566.72695106712695,26124,16019,1,"1"
572.11572568894746,0,42143,1475,"1475"
----------------------------------------------8
0,42143,0,0,"0"
20.822498230108678,41701,442,31,"27-3-1"
61.536333430350211,41700,443,1,"1"
68.865593949056588,41682,461,1,"1"
74.860863532546475,41628,515,3,"2-1"
90.969712355435391,41610,533,1,"1"
99.89142233215442,41609,534,1,"1"
103.71874201823739,41591,552,1,"1"
106.34478107081122,41590,553,1,"1"
107.80346893296708,41572,571,1,"1"
108.29553314703401,41404,739,11,"11"
116.22035938806577,41403,740,1,"1"
119.71672701734384,41402,741,1,"1"
122.38701165374152,41401,742,1,"1"
134.15141658707947,41400,743,1,"1"
135.10781427508928,41382,761,1,"1"
154.66943468356743,41381,762,1,"1"
157.69890531619868,41380,763,1,"1"
160.56943372635979,41298,845,5,"5"
161.53541035301396,41297,846,1,"1"
166.7121008493244,41279,864,1,"1"
173.58416760721295,41028,1115,14,"14"
176.15628052376928,41022,1121,2,"1-1"
179.78446275884755,40979,1164,3,"2-1"
182.38723515701585,40974,1169,1,"1"
182.72847844683878,40957,1186,1,"1"
183.28010522321131,40939,1204,1,"1"
185.15218673228503,40934,1209,1,"1"
186.62248786991489,40916,1227,1,"1"
188.9593390773812,40914,1229,2,"2"
190.12523147793598,40909,1234,1,"1"
191.20132538256306,40593,1550,20,"20"
192.14683966649025,40592,1551,1,"1"
197.14956660447376,40574,1569,1,"1"
201.86536040530166,40556,1587,1,"1"
201.89172341950879,40546,1597,1,"1"
222.91648114907184,40528,1615,1,"1"
224.58046050184856,40527,1616,1,"1"
228.31364896246282,40526,1617,1,"1"
230.72918422210179,40521,1622,1,"1"
237.51985242977653,40520,1623,1,"1"
240.86537030880143,40412,1731,6,"3-2-1"
244.60075812030021,40394,1749,1,"1"
245.25697469456932,40340,1803,3,"3"
248.71251775329213,40322,1821,1,"1"
254.80365501076929,40304,1839,1,"1"
255.63168863380329,40286,1857,1,"1"
258.63995992913419,40173,1970,7,"7"
259.22606151400015,40157,1986,4,"2-1-1"
263.65060660340879,40154,1989,1,"1"
264.88612297439977,40153,1990,1,"1"
265.27321517282621,40135,2008,1,"1"
265.33791039116483,40117,2026,1,"1"
266.50291761557537,40115,2028,2,"1-1"
266.96839681956499,40097,2046,1,"1"
276.99543767159491,40079,2064,1,"1"
278.31706200185693,40043,2100,2,"2"
279.92124273020221,40007,2136,2,"1-1"
280.30866393860771,40004,2139,1,"1"
282.86202591586624,39955,2188,3,"3"
289.4598902420783,39937,2206,1,"1"
290.53166162267672,39919,2224,1,"1"
291.03805505626872,39901,2242,1,"1"
291.04783407341426,39883,2260,1,"1"
291.14481059291779,39878,2265,1,"1"
297.36587946116964,39860,2283,1,"1"
297.3801309581811,39842,2301,1,"1"
298.59115094843202,39824,2319,1,"1"
302.08930923727939,39806,2337,1,"1"
304.74378195638843,39770,2373,2,"2"
307.98080025676171,39752,2391,1,"1"
312.80829527356741,39644,2499,6,"6"
316.38962669338935,39626,2517,1,"1"
319.57167795443468,39572,2571,4,"2-1-1"
323.3516972818357,39554,2589,1,"1"
329.3287772166837,39468,2675,8,"6-1-1"
330.18247528333893,39463,2680,1,"1"
330.2423512514514,39445,2698,1,"1"
332.57613298306012,39427,2716,1,"1"
333.05228241152008,39337,2806,5,"4-1"
334.06276830287607,39265,2878,4,"4"
334.26620107208367,39251,2892,2,"1-1"
334.34379543810877,39233,2910,1,"1"
340.00522970666486,39215,2928,1,"1"
342.86425024463506,38963,3180,14,"13-1"
344.0924608863769,38927,3216,2,"2"
344.13969704020889,38909,3234,1,"1"
349.61967331374973,38891,3252,1,"1"
349.89243868559026,38864,3279,3,"1-1-1"
353.79313867940959,38828,3315,2,"2"
355.33688206354242,38810,3333,1,"1"
356.13713043801982,38792,3351,1,"1"
358.43109975430474,38790,3353,2,"1-1"
359.43775559121627,38754,3389,2,"2"
361.78773867203239,38736,3407,1,"1"
362.43695116687451,38718,3425,1,"1"
366.84944757490996,38715,3428,1,"1"
381.13782021984719,38697,3446,1,"1"
385.09283981269641,38679,3464,1,"1"
389.28063640392145,38661,3482,1,"1"
392.46828304812374,38643,3500,1,"1"
393.16655474757016,38625,3518,1,"1"
399.60001583715723,38622,3521,1,"1"
399.8480878010231,38613,3530,1,"1"
404.55742531708188,38577,3566,2,"1-1"
406.862478055069,38572,3571,1,"1"
408.28651308053321,38562,3581,1,"1"
409.27076437634821,38544,3599,1,"1"
413.32823398622713,38531,3612,1,"1"
414.87830613603694,38495,3648,2,"2"
415.27893900457553,38477,3666,1,"1"
421.01530636211783,38457,3686,2,"1-1"
422.8672413239612,38442,3701,3,"2-1"
425.49449871170901,38424,3719,1,"1"
430.86550750981093,38406,3737,1,"1"
443.91118786546105,38388,3755,1,"1"
448.25154511147588,38370,3773,1,"1"
455.02116550777828,38352,3791,1,"1"
458.33349847591683,38334,3809,1,"1"
462.44154562427167,38280,3863,3,"3"
466.14865920001421,38262,3881,1,"1"
467.96863173064924,38244,3899,1,"1"
469.28223787661221,38226,3917,1,"1"
472.12624754419573,38213,3930,1,"1"
472.74833328287269,37421,4722,44,"34-8-2"
476.78234964547966,37394,4749,3,"3"
477.17352270530438,37340,4803,3,"3"
477.22131717591634,37326,4817,2,"1-1"
479.94559336866439,37272,4871,3,"2-1"
480.6358821727577,37182,4961,5,"5"
480.83920790235987,37110,5033,4,"2-2"
481.25557864315294,37092,5051,1,"1"
488.10801434635079,37074,5069,1,"1"
489.41815227011136,37056,5087,1,"1"
494.84485604974788,37044,5099,1,"1"
496.2167959476335,37039,5104,1,"1"
500.50112753968432,36993,5150,3,"3"
507.17838053581374,36957,5186,2,"2"
511.86015259240696,36939,5204,1,"1"
514.5945446183207,36904,5239,2,"2"
516.19904565539298,36868,5275,2,"1-1"
518.12436435694678,36850,5293,1,"1"
524.13465640789536,36832,5311,1,"1"
526.53847896490345,36814,5329,1,"1"
527.10450462389849,36778,5365,2,"2"
528.20453468718745,36773,5370,1,"1"
528.80522018404133,36719,5424,3,"3"
528.99236285968072,36665,5478,3,"3"
531.30852428992557,36647,5496,1,"1"
532.88059512068264,36629,5514,1,"1"
538.94649938798648,36620,5523,1,"1"
539.70303997469387,36602,5541,1,"1"
539.80480734296395,36584,5559,1,"1"
543.75446042209319,36566,5577,1,"1"
543.79091992842189,36548,5595,1,"1"
545.83591698935629,36530,5613,1,"1"
552.68678053797612,36527,5616,1,"1"
560.88490016946764,36522,5621,1,"1"
564.76713025658876,36504,5639,1,"1"
566.81722094591794,36324,5819,10,"10"
567.13007002025665,36304,5839,2,"1-1"
575.03083346721917,36286,5857,1,"1"
576.15751298253406,36234,5909,4,"4"
578.0072638308867,36225,5918,1,"1"
586.52722670309413,36189,5954,2,"2"
588.78625277779156,36153,5990,2,"2"
592.60517525700811,36135,6008,1,"1"
594.30922582423545,36117,6026,1,"1"
597.69789770470857,36099,6044,1,"1"
598.08698270066407,36081,6062,2,"2"
601.43889672409819,36063,6080,1,"1"
601.4440597500635,36054,6089,1,"1"
602.90959459203782,36036,6107,1,"1"
603.51788489205603,36023,6120,1,"1"
612.21397254336591,36005,6138,1,"1"
613.21007887397241,35991,6152,1,"1"
613.35322456243523,35973,6170,1,"1"
624.60832700757453,35963,6180,1,"1"
627.755404665735,35945,6198,1,"1"
629.99247405737117,35855,6288,5,"5"
630.07442213016975,35799,6344,4,"3-1"
631.2876066903674,35781,6362,1,"1"
631.99245082550112,35745,6398,2,"2"
634.12094645589468,34779,7364,57,"52-1-1-1-1-1"
634.97314523973307,34761,7382,1,"1"
636.3707662943641,34743,7400,1,"1"
636.42622656315848,34707,7436,2,"1-1"
638.06775875355436,34563,7580,8,"8"
642.70761247713017,34023,8120,30,"24-3-1-1-1"
645.06810759447342,34018,8125,1,"1"
645.6960479984449,34000,8143,1,"1"
657.35600438813617,33982,8161,1,"1"
658.06960018856489,0,42143,1930,"1930"
----------------------------------------------9
0,42143,0,0,"0"
38.81659480954918,41714,429,31,"27-3-1"
42.121257991928715,41713,430,1,"1"
51.873802242222602,41695,448,1,"1"
61.448204408352083,41694,449,1,"1"
71.541507982823489,41693,450,1,"1"
78.277423024977068,41675,468,1,"1"
79.679264436158107,41657,486,1,"1"
81.210433962091656,41639,504,1,"1"
91.175624656519247,41637,506,2,"2"
92.761387103235762,41636,507,1,"1"
98.432139685835068,41618,525,1,"1"
125.23305734473441,41600,543,1,"1"
130.17055790952654,41582,561,1,"1"
131.2921886574151,41577,566,1,"1"
135.15928301105919,41575,568,2,"2"
136.97132311536296,41574,569,1,"1"
145.8082622095566,41323,820,14,"14"
146.39640988309839,41322,821,1,"1"
160.33167533441747,41304,839,1,"1"
163.14765508633829,41286,857,1,"1"
164.59901628624604,41268,875,1,"1"
164.61536992446827,41250,893,1,"1"
166.87299295071242,41232,911,1,"1"
167.04702353676072,41227,916,3,"3"
172.9913601171271,41078,1065,9,"9"
173.96476925797757,41060,1083,1,"1"
174.52959481107052,41059,1084,1,"1"
176.86547314700587,41041,1102,1,"1"
179.4151937219489,41005,1138,2,"1-1"
183.15108284089888,41004,1139,1,"1"
192.21334406327406,41001,1142,1,"1"
195.7385193510367,40983,1160,1,"1"
197.46956340196525,40978,1165,1,"1"
211.5971701925221,40968,1175,1,"1"
219.67658887649827,40951,1192,3,"2-1"
221.48200722402368,40940,1203,3,"3"
228.29845503207295,40939,1204,1,"1"
229.93255097161739,40921,1222,1,"1"
232.66670681893302,40759,1384,9,"9"
238.05052164629882,40741,1402,1,"1"
240.68993525977473,40723,1420,1,"1"
242.42771449526884,40705,1438,1,"1"
248.12838042355716,40702,1441,1,"1"
248.24191283693384,40697,1446,1,"1"
250.78891890137277,40679,1464,1,"1"
255.04109386920243,40678,1465,1,"1"
266.35800794894965,40676,1467,2,"1-1"
266.46256944160854,40658,1485,1,"1"
267.08308057789606,40604,1539,3,"3"
273.13817628125832,40586,1557,1,"1"
273.25988731801255,40424,1719,9,"4-2-1-1-1"
274.75017844505817,40408,1735,1,"1"
275.03075332233271,40403,1740,1,"1"
275.31038559989395,40385,1758,1,"1"
276.64933892811251,40384,1759,1,"1"
277.36411959735869,40341,1802,3,"2-1"
285.86158329177465,40323,1820,1,"1"
292.39459676461968,40306,1837,1,"1"
298.63344265521067,40288,1855,1,"1"
299.91032837776658,40270,1873,1,"1"
310.45651985161737,40252,1891,1,"1"
311.58770404936331,40234,1909,1,"1"
311.70258589720532,40216,1927,1,"1"
312.70226629353357,40193,1950,2,"1-1"
313.75699953892592,40179,1964,1,"1"
314.22884921404602,40066,2077,7,"7"
318.26439327520501,40048,2095,1,"1"
321.19387301390651,39998,2145,4,"4"
324.06682994603034,39984,2159,1,"1"
327.85013139057082,39966,2177,1,"1"
330.52591805722841,39948,2195,1,"1"
333.7534232003062,39930,2213,1,"1"
334.12090973707018,39912,2231,1,"1"
341.96690376113645,39911,2232,1,"1"
344.26102447077807,39857,2286,3,"3"
344.61602035986346,39856,2287,1,"1"
346.77087912827835,39784,2359,4,"4"
347.2798703922175,39770,2373,1,"1"
349.98542258051179,39752,2391,1,"1"
350.21829434311945,39734,2409,1,"1"
352.52992830571173,39716,2427,1,"1"
354.60114057606643,39698,2445,1,"1"
362.06069922397381,39680,2463,1,"1"
369.17070340293253,39662,2481,1,"1"
374.86062880044011,39317,2826,24,"20-2-1-1"
374.93813543411596,39281,2862,2,"1-1"
375.2702428221632,39263,2880,1,"1"
380.56075091055607,39245,2898,1,"1"
380.72540109841958,39227,2916,1,"1"
390.37263765356215,39209,2934,1,"1"
406.7582959520451,39191,2952,1,"1"
408.13410485482927,39137,3006,3,"3"
408.26708107372122,39136,3007,1,"1"
408.86387105452019,38424,3719,40,"38-1-1"
409.89681907655603,38406,3737,1,"1"
429.4471825175637,38388,3755,1,"1"
443.71788212659129,38334,3809,3,"2-1"
446.0380577703221,38324,3819,1,"1"
458.16697141702832,38198,3945,7,"7"
459.20625280558988,38180,3963,1,"1"
465.20774011793708,38162,3981,1,"1"
473.22176727165345,38144,3999,1,"1"
475.82797841792484,38126,4017,1,"1"
478.98871113783986,38090,4053,2,"2"
490.75138080222337,38060,4083,2,"1-1"
505.33007684809758,38042,4101,1,"1"
507.48637843970732,38024,4119,1,"1"
511.95318013877591,38006,4137,1,"1"
517.33913096012839,37934,4209,4,"4"
517.96712792808876,37898,4245,2,"1-1"
518.37921752667592,37866,4277,4,"2-2"
518.9421334852392,37848,4295,1,"1"
519.60017066204307,37830,4313,1,"1"
524.15160253270199,37803,4340,5,"2-1-1-1"
527.0457702420174,37793,4350,1,"1"
528.12729735943333,37765,4378,2,"1-1"
532.20257340506748,37729,4414,2,"1-1"
535.46598295947069,37711,4432,1,"1"
540.33300473283657,36129,6014,90,"55-23-3-1-1-1-1-1-1-1-1-1"
543.27128168873207,35967,6176,9,"4-3-1-1"
544.78094381028586,35950,6193,1,"1"
547.6039036195333,34906,7237,58,"37-12-3-2-1-1-1-1"
550.54845582556243,34888,7255,1,"1"
550.8774548861004,34870,7273,1,"1"
553.94326465258905,34852,7291,1,"1"
554.2652961004253,34834,7309,1,"1"
560.14457430996106,34816,7327,1,"1"
572.18299610385407,34717,7426,8,"5-1-1-1"
574.77366605675957,34699,7444,1,"1"
577.66612658332917,34681,7462,1,"1"
581.67377435921048,34645,7498,2,"1-1"
583.96180730452625,34635,7508,1,"1"
586.14724904863635,33092,9051,93,"42-23-3-3-3-2-2-1-1-1-1-1-1-1-1-1-1-1-1-1-1-1"
588.89502552395345,33020,9123,4,"2-1-1"
590.07333333890767,32804,9339,12,"10-1-1"
590.36683768007106,32786,9357,1,"1"
593.72770111044747,32773,9370,1,"1"
596.74840850263479,32755,9388,1,"1"
598.22341584274648,32737,9406,1,"1"
600.82684049846068,32719,9424,1,"1"
601.37022270176089,32701,9442,1,"1"
602.87956803359009,32683,9460,1,"1"
604.02841039495922,32661,9482,2,"2"
604.71183354697644,32643,9500,1,"1"
607.93433778811607,30987,11156,92,"30-27-10-8-5-4-2-1-1-1-1-1-1"
608.16838319387762,30982,11161,1,"1"
609.76341432090203,30515,11628,31,"11-7-3-3-2-1-1-1-1-1"
609.93537870424996,30502,11641,1,"1"
612.56265533572082,30456,11687,3,"3"
616.68233390676858,30438,11705,1,"1"
617.40566231093612,30366,11777,4,"2-2"
617.60366484546626,30320,11823,3,"1-1-1"
623.83830116411798,30288,11855,3,"3"
624.69182734879485,30283,11860,1,"1"
624.73880420577132,30265,11878,1,"1"
629.88325011847883,30247,11896,1,"1"
633.78925774413983,30211,11932,2,"1-1"
634.19840076547848,30193,11950,1,"1"
634.58572163203621,30175,11968,1,"1"
636.93126912018568,30062,12081,8,"3-2-1-1-1"
640.07511657799876,30044,12099,1,"1"
645.79088698121973,0,42143,1706,"1706"
