f,num_active_particles,num_deleted_particles,total_deleted_rods,avalanche_sizes
0,30380,0,0,"0"
2.9296605297227636,30343,37,3,"2-1"
50.01792260444256,30325,55,1,"1"
51.931755695107952,30307,73,1,"1"
61.935252407884327,30306,74,1,"1"
74.394179693976923,30296,84,1,"1"
76.48274665397409,30278,102,1,"1"
77.581852474422092,30277,103,1,"1"
90.033687263778546,30276,104,1,"1"
94.224397786292144,30258,122,1,"1"
97.309896664804015,30244,136,1,"1"
112.68037087061587,30243,137,1,"1"
119.26585068259013,30225,155,1,"1"
120.71163187878608,30207,173,1,"1"
121.81659935696443,30189,191,1,"1"
125.31326466453147,30188,192,1,"1"
129.48302933342907,30187,193,1,"1"
145.12423697992901,30186,194,1,"1"
146.71564622784487,28712,1668,89,"85-1-1-1-1"
148.56296611152288,28698,1682,1,"1"
157.31339233478766,28248,2132,25,"24-1"
159.2478489043242,28144,2236,6,"6"
164.11716880173657,28126,2254,1,"1"
171.00309454701409,28108,2272,1,"1"
174.8381701705824,28090,2290,1,"1"
179.22814260173359,28080,2300,1,"1"
182.04634282641138,28062,2318,1,"1"
186.03725357696567,28044,2336,1,"1"
193.80131774646168,28026,2354,1,"1"
193.89556837510867,28008,2372,1,"1"
195.22475097617288,27998,2382,1,"1"
202.9807879732256,27980,2400,1,"1"
203.89976354021587,27952,2428,4,"4"
207.14578550547449,27950,2430,2,"2"
221.30419246364616,27932,2448,1,"1"
224.26460346486488,27920,2460,1,"1"
226.58891083663187,27902,2478,1,"1"
230.96591534578215,27884,2496,1,"1"
233.68931203459974,27802,2578,5,"5"
233.78602223033212,27786,2594,1,"1"
241.6651940505204,27785,2595,1,"1"
242.18669122405163,27767,2613,1,"1"
243.85100482599915,27749,2631,1,"1"
244.33024063254067,27731,2649,1,"1"
245.65166096302701,26254,4126,83,"80-1-1-1"
248.35950549212507,26251,4129,1,"1"
253.49677917761389,26233,4147,1,"1"
256.04591769347803,26228,4152,1,"1"
256.44391703828103,26210,4170,1,"1"
257.82870932615799,26192,4188,1,"1"
260.50866833529886,26174,4206,1,"1"
264.73783570990247,26156,4224,1,"1"
265.22759925576429,26138,4242,1,"1"
267.07549314611953,26120,4260,1,"1"
267.19574896758246,26102,4278,1,"1"
268.4381506595829,26095,4285,1,"1"
268.78917759532743,26077,4303,1,"1"
277.79179602269733,26076,4304,1,"1"
278.32190304599516,26075,4305,1,"1"
278.48979929260821,26057,4323,1,"1"
282.28166164833823,26039,4341,1,"1"
284.37687432756627,26029,4351,1,"1"
284.83103670927113,26011,4369,1,"1"
287.5754759997007,25993,4387,1,"1"
290.53482417916655,25927,4453,5,"2-2-1"
291.6795692695996,25909,4471,1,"1"
291.72161925491292,25884,4496,2,"2"
294.917734785552,25866,4514,1,"1"
296.609810315902,25830,4550,2,"2"
304.2857548661031,25825,4555,1,"1"
305.91663486816316,25807,4573,1,"1"
308.61267729575525,25804,4576,1,"1"
313.83982072646535,25786,4594,1,"1"
319.67853782519262,25750,4630,2,"1-1"
320.41212531657919,25372,5008,21,"19-2"
321.91728150368891,25336,5044,2,"2"
328.95073538652736,25300,5080,2,"2"
330.50430671707642,25282,5098,1,"1"
346.03947098645625,25264,5116,1,"1"
351.13039192693094,25246,5134,1,"1"
353.46388495100479,25240,5140,2,"2"
356.23433335194602,25186,5194,3,"2-1"
359.68168968363017,25168,5212,1,"1"
364.41884008687532,25150,5230,1,"1"
364.64675097324169,25140,5240,1,"1"
365.64299290915596,25123,5257,1,"1"
365.85926944506616,25118,5262,1,"1"
371.83021773826198,25104,5276,1,"1"
376.08508493939053,25090,5290,1,"1"
376.73374729228829,25072,5308,1,"1"
377.28035724010624,25054,5326,1,"1"
378.4391827138287,25043,5337,1,"1"
385.95356776632099,25025,5355,1,"1"
386.07597768957248,25007,5373,1,"1"
388.74757647523217,24989,5391,1,"1"
394.38460756550802,24971,5409,1,"1"
400.36574353853695,24917,5463,3,"2-1"
401.95564539958889,24899,5481,1,"1"
403.64789777339155,24377,6003,29,"22-5-1-1"
411.50645353021514,23243,7137,63,"41-9-4-3-2-1-1-1-1"
419.30534932421352,23225,7155,1,"1"
420.0518696592215,23220,7160,1,"1"
420.62662253296446,23202,7178,1,"1"
422.93140672958452,23187,7193,1,"1"
425.77590888028487,23175,7205,2,"1-1"
432.35648558109966,22950,7430,15,"11-3-1"
433.6459133118974,22932,7448,1,"1"
434.96502627333604,22914,7466,1,"1"
437.60803441815938,22896,7484,1,"1"
439.73310740805829,22878,7502,1,"1"
448.05211627496624,22770,7610,6,"5-1"
449.87371678229272,22734,7646,2,"2"
449.95606246902196,22716,7664,1,"1"
451.85274072827099,22698,7682,1,"1"
452.89624064830281,22693,7687,1,"1"
457.27656127372109,22670,7710,3,"2-1"
458.38812210613486,22633,7747,5,"3-2"
461.39279443370526,22619,7761,1,"1"
464.93283351805024,22391,7989,18,"8-5-2-1-1-1"
465.65583733968316,22373,8007,1,"1"
466.41369214779644,22355,8025,1,"1"
467.49030102474853,22346,8034,1,"1"
468.93685999634266,22341,8039,1,"1"
472.05100447977128,22261,8119,6,"3-1-1-1"
474.49829797667695,22243,8137,1,"1"
476.51234010394273,0,30380,1284,"1115-169"
----------------------------------------------1
0,30380,0,0,"0"
25.181030892688284,30308,72,4,"2-1-1"
33.960608765522508,30290,90,1,"1"
62.949356197098943,30289,91,1,"1"
66.338200232485121,30271,109,1,"1"
77.333460756104657,30257,123,1,"1"
78.80071555131299,30248,132,1,"1"
80.471192361473442,30247,133,1,"1"
81.704476296837129,30063,317,15,"15"
86.870957541934203,30045,335,1,"1"
114.47544133999929,30044,336,1,"1"
116.76499198275361,30026,354,1,"1"
119.94895915053556,30008,372,1,"1"
127.7921037769042,29996,384,1,"1"
128.88798912299293,29995,385,1,"1"
131.692879653104,29977,403,1,"1"
135.36469851716546,29959,421,1,"1"
135.68446338674963,29957,423,2,"2"
135.7842160292295,29939,441,1,"1"
141.34165092425519,29921,459,1,"1"
143.63286440406529,29911,469,1,"1"
149.52653541379897,29910,470,1,"1"
151.5186008485239,29892,488,1,"1"
153.92775475550954,29856,524,2,"1-1"
154.1463444541906,29853,527,1,"1"
156.8224880670268,29852,528,1,"1"
159.02812437727235,29834,546,1,"1"
160.43159138720617,29816,564,1,"1"
161.78666910935775,29802,578,1,"1"
162.40859712013926,29784,596,1,"1"
177.56002279033521,29766,614,1,"1"
186.90305474960417,29748,632,1,"1"
188.36566369174679,29738,642,1,"1"
191.00726248238277,29720,660,1,"1"
194.32224093584904,29702,678,1,"1"
197.43723288905883,29692,688,1,"1"
199.59144788198606,29674,706,1,"1"
203.8785376369226,29570,810,6,"6"
206.62638120556028,29552,828,1,"1"
210.1958954956803,29534,846,1,"1"
211.10180492420253,29408,972,7,"7"
212.15312433254007,29372,1008,2,"2"
217.49770043443166,29354,1026,1,"1"
226.46604357766284,29336,1044,1,"1"
230.54861806585771,29300,1080,2,"1-1"
230.96082145779917,29299,1081,1,"1"
232.56433320121261,28914,1466,22,"17-2-1-1-1"
233.8328305340176,28896,1484,1,"1"
234.86840803284696,27461,2919,86,"83-1-1-1"
235.10990633640577,27443,2937,1,"1"
242.23499923799173,27425,2955,1,"1"
244.12580835865947,27407,2973,1,"1"
245.42945620607972,27406,2974,1,"1"
246.49300074685956,27388,2992,1,"1"
247.52928734051088,27370,3010,1,"1"
251.6992579607502,27353,3027,1,"1"
251.95554570244784,27335,3045,1,"1"
253.67065979662007,27227,3153,6,"5-1"
253.79207055893318,27209,3171,1,"1"
254.19688876951403,27191,3189,1,"1"
254.62788498163741,27173,3207,1,"1"
257.85480476304753,27152,3228,3,"2-1"
260.54699696368078,27070,3310,5,"5"
264.86804066067879,26980,3400,5,"4-1"
265.60867221342329,26969,3411,1,"1"
273.0139454636747,26951,3429,1,"1"
274.3408146651168,26933,3447,1,"1"
275.43366183632986,26897,3483,2,"1-1"
277.51572253272712,26879,3501,1,"1"
280.73617001274056,26861,3519,1,"1"
280.89274683594056,26429,3951,24,"23-1"
281.46738741029804,26414,3966,1,"1"
282.92586296925396,26396,3984,1,"1"
287.98156704689757,26389,3991,1,"1"
295.02154050027355,26371,4009,1,"1"
297.26919101216907,26353,4027,1,"1"
301.93576786284609,26347,4033,2,"2"
302.0019782656189,26311,4069,2,"2"
304.58074274566104,25387,4993,54,"39-13-1-1"
312.70056145998774,25369,5011,1,"1"
312.94294320979958,25351,5029,1,"1"
319.53218474752305,25331,5049,2,"2"
320.13720222509016,25317,5063,1,"1"
320.25626774921847,25303,5077,1,"1"
322.20318019025439,25285,5095,1,"1"
336.51625497771772,25231,5149,3,"3"
336.78124066207471,25213,5167,1,"1"
342.47411020530564,25195,5185,1,"1"
345.36126347315809,25177,5203,1,"1"
347.05351966731064,25174,5206,1,"1"
350.2922226884416,24760,5620,23,"23"
350.60473276820358,24757,5623,1,"1"
351.24645878545931,24739,5641,1,"1"
356.1122363610433,24729,5651,1,"1"
357.00458767714065,24675,5705,3,"2-1"
368.88899186043841,24672,5708,1,"1"
371.06380092451155,24663,5717,1,"1"
372.34257719791827,24645,5735,1,"1"
374.52602969647899,24615,5765,4,"3-1"
379.94006200217848,24590,5790,3,"3"
382.39524248414983,24558,5822,3,"3"
385.7382458478815,24542,5838,1,"1"
388.9603542439761,24539,5841,1,"1"
390.1523725364774,24440,5940,6,"6"
392.01349318690757,24422,5958,1,"1"
392.11287479162826,24417,5963,1,"1"
392.83506486517831,24400,5980,1,"1"
393.88519162525301,21595,8785,163,"146-2-2-1-1-1-1-1-1-1-1-1-1-1-1-1"
394.25910093337166,21577,8803,1,"1"
395.36440174844842,21559,8821,1,"1"
404.16346364997321,21541,8839,1,"1"
408.75379990729442,21531,8849,1,"1"
409.08588244059519,21513,8867,1,"1"
412.26710073512908,21495,8885,1,"1"
413.63287020749851,21484,8896,3,"3"
414.67478403546625,21466,8914,1,"1"
420.77944533988381,21304,9076,9,"8-1"
420.87590272963672,20230,10150,60,"58-1-1"
425.52513982951592,20216,10164,1,"1"
431.4810113316874,20198,10182,1,"1"
432.68964733174175,20120,10260,5,"5"
438.0616129036211,20102,10278,1,"1"
439.01042358276385,20084,10296,1,"1"
439.31544512733535,20030,10350,3,"2-1"
440.80927003569747,20020,10360,2,"1-1"
441.40883495516488,19964,10416,4,"3-1"
442.25455226711449,19588,10792,21,"12-6-1-1-1"
449.52487503843093,19578,10802,2,"1-1"
454.53287913755383,19560,10820,1,"1"
457.81210335962754,17567,12813,120,"71-22-5-2-2-1-1-1-1-1-1-1-1-1-1-1-1-1-1-1-1-1-1"
458.67496681012642,17549,12831,1,"1"
458.72642829051586,17531,12849,1,"1"
462.64871326275272,17526,12854,1,"1"
467.66085860077021,17516,12864,1,"1"
471.61377128863268,17474,12906,3,"2-1"
472.73100734270923,17440,12940,2,"2"
475.68390157354088,17430,12950,1,"1"
478.24959190929548,0,30380,999,"999"
----------------------------------------------2
0,30380,0,0,"0"
10.926970397544194,30326,54,3,"2-1"
23.460001240129191,30308,72,1,"1"
26.914285060645543,30307,73,1,"1"
33.392138816778179,30302,78,1,"1"
47.169787527787847,30301,79,1,"1"
48.32270954302615,30283,97,1,"1"
55.91036519375541,30274,106,1,"1"
82.166879088810774,30260,120,1,"1"
82.3446331384405,30259,121,1,"1"
94.343539990737455,30249,131,1,"1"
104.59558311384568,30231,149,1,"1"
106.88916797480498,30213,167,1,"1"
110.43268499791598,30212,168,1,"1"
110.48636927964311,30211,169,1,"1"
113.88461320937184,30206,174,1,"1"
127.37659710489622,30188,192,1,"1"
130.25484407724454,30178,202,1,"1"
133.73632045114257,30160,220,1,"1"
136.23381740138831,30150,230,1,"1"
136.86273500735905,30149,231,1,"1"
136.93650539192544,30148,232,1,"1"
137.46655574009526,30147,233,1,"1"
137.84980850175825,30129,251,1,"1"
138.98264931450768,30111,269,1,"1"
141.40245197196404,30101,279,1,"1"
141.67218842203795,30096,284,1,"1"
145.70890049085091,30086,294,1,"1"
150.77325928672388,30085,295,1,"1"
150.86968102760989,30084,296,1,"1"
151.73766920129609,30083,297,1,"1"
154.10280592905062,30065,315,1,"1"
157.88116987821738,30047,333,1,"1"
172.06323290724163,29975,405,4,"2-1-1"
175.68560461683126,29957,423,1,"1"
176.82901653472271,29939,441,1,"1"
179.23931684249672,29867,513,4,"3-1"
189.82972506722547,29849,531,1,"1"
192.54252202078212,29831,549,1,"1"
195.24317700486776,28326,2054,85,"82-2-1"
202.80650492667331,28323,2057,1,"1"
203.04843697569231,28305,2075,1,"1"
213.85625013677964,28287,2093,1,"1"
214.97625495438905,28269,2111,1,"1"
216.07168444512234,28147,2233,7,"6-1"
223.13377719166996,26681,3699,87,"81-1-1-1-1-1-1"
228.97716352984349,26663,3717,1,"1"
229.72807882012151,26645,3735,1,"1"
230.73220616860891,26627,3753,1,"1"
242.40279403762278,26609,3771,1,"1"
243.21251544134134,26573,3807,2,"1-1"
244.22600200077224,26555,3825,1,"1"
249.44743904602441,26537,3843,1,"1"
252.86110129089977,26536,3844,1,"1"
254.37409250478802,26508,3872,4,"4"
255.72333021738737,26382,3998,7,"6-1"
256.45428498584857,26368,4012,2,"2"
261.51062462395709,26350,4030,1,"1"
266.21443049767333,26332,4048,1,"1"
269.96296916233325,26314,4066,1,"1"
272.34992055184074,26296,4084,1,"1"
279.82043502978541,26278,4102,1,"1"
281.07317914983645,26250,4130,2,"2"
281.56056571175895,26232,4148,1,"1"
284.82279510092934,26200,4180,3,"3"
286.02310291616465,26197,4183,1,"1"
288.06444298444137,26179,4201,1,"1"
290.94366493297008,26143,4237,2,"1-1"
291.27221840041386,26125,4255,1,"1"
297.06494681044364,26107,4273,1,"1"
298.55535128616106,26104,4276,1,"1"
302.99469750879291,26095,4285,3,"2-1"
303.74975276942371,26081,4299,1,"1"
304.41545396517165,26071,4309,1,"1"
308.67654476115547,26053,4327,1,"1"
309.02684578661098,26043,4337,1,"1"
329.36100988009201,26029,4351,1,"1"
329.78888710001615,26011,4369,2,"2"
334.36426971167793,25975,4405,2,"2"
336.01968792242945,25957,4423,1,"1"
336.82964030662163,25939,4441,1,"1"
350.06526204961995,25908,4472,2,"1-1"
351.64704501859848,25890,4490,1,"1"
355.37336723781078,25878,4502,2,"1-1"
361.81971791600273,25860,4520,1,"1"
372.79713240935052,25855,4525,1,"1"
383.43796719398983,25837,4543,1,"1"
383.64134720161866,25783,4597,3,"3"
386.2233264604194,25769,4611,1,"1"
388.78771790741069,25751,4629,1,"1"
392.44699975303206,25733,4647,1,"1"
395.22504332401138,25643,4737,5,"5"
400.41733918200561,25625,4755,1,"1"
402.82699620284239,25607,4773,1,"1"
403.13593143819725,25593,4787,1,"1"
404.178241821619,25575,4805,1,"1"
413.40359776189212,25557,4823,1,"1"
419.70805712426414,25552,4828,1,"1"
421.51454944837985,25516,4864,2,"2"
422.95293155510615,25498,4882,1,"1"
424.51477222006793,25480,4900,1,"1"
426.08565029931475,25462,4918,1,"1"
427.08640371072198,25453,4927,1,"1"
428.70736369452351,25435,4945,1,"1"
432.1683903949816,25336,5044,11,"5-2-1-1-1-1"
435.12319975938874,25300,5080,2,"1-1"
437.03326262352863,25264,5116,2,"2"
447.79824412346545,25240,5140,2,"2"
452.19772224729019,25104,5276,10,"4-2-1-1-1-1"
452.71500259281834,25086,5294,1,"1"
453.3727654904298,25079,5301,1,"1"
456.01859074742322,25025,5355,3,"3"
456.19297376918638,25020,5360,1,"1"
459.53137779677593,24622,5758,30,"13-6-2-2-1-1-1-1-1-1-1"
461.10284405657586,22368,8012,131,"103-10-2-2-2-1-1-1-1-1-1-1-1-1-1-1-1"
461.99150094220147,22296,8084,4,"3-1"
462.18782821297606,22278,8102,1,"1"
462.30355370032356,22260,8120,1,"1"
463.94300610465757,22224,8156,2,"1-1"
465.45903853586424,22135,8245,7,"6-1"
467.76591987274276,22117,8263,1,"1"
467.98733157979245,21559,8821,31,"24-2-1-1-1-1-1"
470.23429498991186,21541,8839,1,"1"
475.72610448136402,21091,9289,25,"13-4-4-2-1-1"
476.70992333927018,21073,9307,1,"1"
477.30331198509577,21001,9379,4,"3-1"
478.89674659085523,20983,9397,1,"1"
482.20083202051228,20965,9415,1,"1"
482.87154933572202,20947,9433,1,"1"
484.34144368452996,20911,9469,2,"2"
484.74308118358624,20885,9495,2,"2"
487.73399747465726,0,30380,1196,"1116-80"
----------------------------------------------3
0,30380,0,0,"0"
30.130932441628907,30343,37,3,"2-1"
45.391180820251144,30342,38,1,"1"
55.407154527883414,30324,56,1,"1"
56.94129088859497,30323,57,1,"1"
64.058107132001922,30305,75,1,"1"
76.780515196400401,30295,85,1,"1"
80.752404750486377,30277,103,1,"1"
86.185380386422622,30267,113,1,"1"
95.93360900725385,30266,114,1,"1"
99.637931300709539,30265,115,1,"1"
104.04112754137296,30247,133,1,"1"
106.28214309820873,30245,135,2,"1-1"
113.97255003991376,30227,153,1,"1"
116.77040498693826,30123,257,6,"6"
118.44631704168651,28686,1694,88,"86-2"
118.78150684499505,28668,1712,1,"1"
121.56901312987135,28650,1730,1,"1"
123.61832482140282,28647,1733,1,"1"
137.97243118302774,28646,1734,1,"1"
142.83977979331456,27127,3253,86,"83-1-1-1"
143.11224317484695,27124,3256,1,"1"
152.19708982530335,27106,3274,1,"1"
155.2904324480686,27088,3292,1,"1"
163.09100938619804,27042,3338,3,"3"
166.23862425665246,27024,3356,1,"1"
168.5421414300809,27006,3374,1,"1"
170.26812395813135,26988,3392,1,"1"
170.84451371102622,26985,3395,1,"1"
180.20328776942418,26967,3413,1,"1"
184.83808622995633,26950,3430,1,"1"
192.96742171908301,26878,3502,4,"2-1-1"
195.77011495471314,26860,3520,1,"1"
202.81585380654403,26842,3538,1,"1"
207.35049548545931,26832,3548,1,"1"
207.7529722596492,26831,3549,1,"1"
208.34743785792168,26813,3567,1,"1"
210.79409856448316,26795,3585,1,"1"
212.79767384820991,26461,3919,20,"16-2-1-1"
214.46570916915715,26455,3925,2,"2"
223.50338772419158,26419,3961,2,"1-1"
224.97201065782377,26401,3979,1,"1"
225.01016384045022,26383,3997,1,"1"
225.73739485869595,26365,4015,1,"1"
228.33494736783047,26347,4033,1,"1"
232.11445627870313,26346,4034,1,"1"
238.5596945664185,26328,4052,1,"1"
242.04138365849124,26292,4088,2,"1-1"
244.99937043334799,26282,4098,1,"1"
249.01360973274339,26264,4116,1,"1"
251.55238307564665,26261,4119,1,"1"
252.00692590675328,26256,4124,1,"1"
257.38033018251264,26238,4142,1,"1"
260.81259547300448,26194,4186,4,"4"
263.53397543912956,26179,4201,1,"1"
263.91291915038687,26161,4219,1,"1"
268.74815767619083,26143,4237,1,"1"
270.15547833999653,26125,4255,1,"1"
270.25594930519873,26107,4273,1,"1"
271.40852246075696,26097,4283,1,"1"
274.1104513006369,26092,4288,1,"1"
275.72891353353521,25984,4396,6,"3-1-1-1"
281.3265221883272,25971,4409,1,"1"
286.30654321637491,25936,4444,4,"3-1"
287.34618890024097,25900,4480,2,"2"
292.54175379444661,25864,4516,2,"1-1"
301.3521290179342,25857,4523,1,"1"
301.70764924426925,25839,4541,1,"1"
310.69320213664491,25821,4559,1,"1"
311.29403772651034,25803,4577,1,"1"
314.13565956598222,25792,4588,1,"1"
331.17902798773548,25789,4591,1,"1"
331.51348873247605,25735,4645,3,"2-1"
331.77394068156525,25699,4681,4,"4"
343.43626444603342,25685,4695,1,"1"
348.04534983019209,25667,4713,1,"1"
349.90028900698371,25649,4731,1,"1"
351.38533881135805,25631,4749,1,"1"
357.17681027726633,25613,4767,1,"1"
357.39112172421153,25595,4785,1,"1"
365.18958960394144,25590,4790,1,"1"
370.68528542916187,25450,4930,12,"7-3-2"
371.51578210759413,25432,4948,1,"1"
372.60871450811266,25222,5158,12,"12"
373.26660475094349,25212,5168,2,"2"
373.39092402896017,25176,5204,2,"1-1"
375.19205760816442,25158,5222,1,"1"
385.72082117724608,25106,5274,5,"4-1"
386.72126376914275,25096,5284,1,"1"
390.90507649804596,24678,5702,25,"21-4"
391.80840552672311,24660,5720,1,"1"
394.41696893264748,24649,5731,3,"2-1"
397.2890505965259,24583,5797,6,"6"
398.87438978768699,24565,5815,1,"1"
400.64339816394443,24547,5833,1,"1"
401.32644415246807,24529,5851,1,"1"
403.67132060058748,24493,5887,2,"2"
405.79629076256276,24465,5915,2,"2"
408.70210885993691,24452,5928,1,"1"
413.91697960779112,24443,5937,1,"1"
415.48029989515192,24425,5955,1,"1"
421.82466573741931,24407,5973,1,"1"
423.87616212019674,24281,6099,7,"3-3-1"
427.04151259585353,24263,6117,1,"1"
427.64344537823865,24245,6135,1,"1"
430.76069727212587,24227,6153,1,"1"
430.86553563035369,24191,6189,2,"2"
430.96358317331317,24181,6199,1,"1"
431.47262234898255,23335,7045,47,"32-4-3-2-1-1-1-1-1-1"
437.00631239252891,23330,7050,1,"1"
441.05923541080097,23294,7086,2,"2"
442.43972049516412,22756,7624,31,"23-3-1-1-1-1-1"
446.04496853105741,21883,8497,50,"23-8-7-4-4-1-1-1-1"
454.09902340465862,21865,8515,1,"1"
454.38023773486663,0,30380,1258,"1095-163"
----------------------------------------------4
0,30380,0,0,"0"
16.387119656197058,30330,50,3,"2-1"
40.827601661300541,30186,194,8,"8"
53.024868665477548,30168,212,1,"1"
55.069576710395069,30150,230,1,"1"
73.173163126701411,30140,240,1,"1"
76.112332263111355,30122,258,1,"1"
78.461627981514965,30121,259,1,"1"
80.213275798182082,30120,260,1,"1"
86.378724692245356,30119,261,1,"1"
89.525390080333835,30117,263,2,"1-1"
90.088532146163899,30116,264,1,"1"
111.37588545935991,30115,265,1,"1"
113.55732358752869,30112,268,1,"1"
124.16291912529391,30111,269,1,"1"
126.59032797851764,30106,274,1,"1"
139.8154790268311,30096,284,1,"1"
141.93986713951824,30095,285,1,"1"
143.47885646934472,30077,303,1,"1"
145.8882710064606,30067,313,1,"1"
148.60943387325949,30066,314,1,"1"
155.96439854891344,30048,332,1,"1"
159.73120483220535,29994,386,3,"1-1-1"
162.52236653687177,29976,404,1,"1"
164.23152513801745,29975,405,1,"1"
166.44755160285229,29921,459,3,"2-1"
167.22352532526446,29903,477,1,"1"
172.67875252000428,29885,495,1,"1"
174.3157976168377,29873,507,1,"1"
176.03770687018067,29855,525,1,"1"
181.20491959013549,29854,526,1,"1"
186.50042784594217,29750,630,6,"6"
189.35435048483723,29732,648,1,"1"
189.51252951465619,29727,653,1,"1"
192.18973530627412,29601,779,7,"4-3"
194.21577450027399,29598,782,1,"1"
195.33955224712932,29580,800,1,"1"
199.87110103195056,29566,814,1,"1"
200.91620398350685,29548,832,1,"1"
206.64409490107423,29512,868,2,"2"
209.94224057005292,26442,3938,176,"84-82-3-1-1-1-1-1-1-1"
211.42005188021074,26388,3992,3,"2-1"
211.56251445384709,26370,4010,1,"1"
213.86365150088974,26352,4028,1,"1"
221.45844365355731,26334,4046,1,"1"
226.34545417836179,26316,4064,1,"1"
230.75241704537351,26308,4072,4,"2-1-1"
232.13102397433033,26290,4090,1,"1"
234.42974725289659,26272,4108,1,"1"
239.08421422765468,26263,4117,1,"1"
242.84517693444303,26245,4135,1,"1"
243.21182612583442,26227,4153,1,"1"
244.35275176935488,26177,4203,3,"2-1"
251.32183216040298,26159,4221,1,"1"
251.909220863087,26141,4239,1,"1"
254.6025882291288,26138,4242,1,"1"
255.82619216078837,26111,4269,3,"3"
261.00488389099223,26110,4270,1,"1"
265.47607559599038,26103,4277,1,"1"
266.32618587040793,26085,4295,1,"1"
268.12630450247599,26084,4296,1,"1"
268.90449685011833,26066,4314,1,"1"
269.58381277994494,26048,4332,1,"1"
269.96144166518843,26043,4337,1,"1"
273.38383999422007,26025,4355,1,"1"
274.63747121661828,26007,4373,1,"1"
277.3803175447905,25989,4391,1,"1"
288.44583821470883,25935,4445,3,"2-1"
290.54827249809392,25899,4481,2,"2"
293.40103854396301,25809,4571,5,"5"
295.58087898542362,25787,4593,2,"2"
296.99904111316334,25778,4602,1,"1"
301.30799723141411,25760,4620,1,"1"
303.66343215443419,25743,4637,1,"1"
305.12374759748559,25725,4655,1,"1"
307.1758732490589,25707,4673,1,"1"
310.65922917558635,25685,4695,2,"1-1"
314.89929035400849,25667,4713,1,"1"
315.21874675668687,25595,4785,4,"4"
317.94743052886366,25577,4803,1,"1"
325.95603681170473,25559,4821,1,"1"
333.63730446861337,25415,4965,8,"6-1-1"
334.97065898576886,25408,4972,1,"1"
336.20785284676373,25382,4998,4,"4"
338.93885973801866,25379,5001,1,"1"
339.4051296860531,25372,5008,1,"1"
343.71585893905325,25354,5026,1,"1"
350.59593662453813,25349,5031,1,"1"
352.15233399937938,25277,5103,4,"2-1-1"
359.46144817256112,25241,5139,2,"2"
359.62680634757635,25223,5157,1,"1"
359.71381793928214,25133,5247,5,"2-2-1"
360.60241630805069,25097,5283,2,"2"
361.14645235666717,25092,5288,1,"1"
363.60275593884256,25086,5294,2,"1-1"
371.27016860330059,25068,5312,1,"1"
371.2784161766499,25014,5366,3,"3"
373.97248203516949,24996,5384,1,"1"
375.70103909605575,24979,5401,1,"1"
380.01304344457969,24964,5416,1,"1"
386.42306713042518,24946,5434,1,"1"
386.50933896118363,24910,5470,2,"1-1"
386.88151690117184,24784,5596,7,"6-1"
387.0448321667962,24760,5620,2,"2"
391.30080610220051,24724,5656,2,"1-1"
396.48642521470049,24706,5674,1,"1"
397.89470868590558,24324,6056,23,"17-4-1-1"
403.95325617470843,24144,6236,10,"5-2-2-1"
409.27122564838254,24126,6254,1,"1"
411.12597451580024,24108,6272,1,"1"
414.66813670113879,24072,6308,2,"1-1"
416.14103393913575,24054,6326,1,"1"
419.90014474738842,23748,6632,17,"17"
422.28533774122513,23730,6650,1,"1"
422.42016243389884,23712,6668,1,"1"
422.58694389100282,23694,6686,1,"1"
427.23550503059323,23676,6704,1,"1"
430.05835216004846,23550,6830,7,"6-1"
431.5788280206765,23226,7154,20,"19-1"
435.36180122671482,23208,7172,1,"1"
435.55025103684596,23118,7262,5,"2-2-1"
437.13129614876874,22956,7424,9,"4-1-1-1-1-1"
441.1474439235584,22794,7586,9,"3-2-2-1-1"
442.53359867334899,22758,7622,2,"2"
443.14510415350674,22686,7694,4,"4"
444.50172792963622,22482,7898,12,"11-1"
446.8907571716378,22464,7916,1,"1"
452.73251267678285,22446,7934,1,"1"
458.96780827825449,19358,11022,179,"123-16-10-4-3-2-2-2-1-1-1-1-1-1-1-1-1-1-1-1-1-1-1-1-1"
462.58345013007272,19340,11040,1,"1"
464.24902559532046,19325,11055,1,"1"
472.06028303619149,0,30380,1121,"964-157"
----------------------------------------------5
0,30380,0,0,"0"
42.866935338208492,30326,54,3,"2-1"
55.834029073095245,30308,72,1,"1"
62.641109690968456,30290,90,1,"1"
64.149239669209692,30110,270,10,"10"
71.504445414027231,29858,522,14,"9-4-1"
74.791545176218818,29857,523,1,"1"
87.566480974918107,28419,1961,87,"86-1"
88.546218204569456,28418,1962,1,"1"
99.221498875316712,28417,1963,1,"1"
99.483551924877645,28416,1964,1,"1"
102.01192103589344,28398,1982,1,"1"
106.0154670407068,28380,2000,1,"1"
112.76631063970794,28379,2001,1,"1"
117.40517052551849,28347,2033,3,"3"
121.80558265630475,28233,2147,7,"6-1"
122.87483410668061,28215,2165,1,"1"
135.66190286731882,28214,2166,1,"1"
137.583073634687,28213,2167,1,"1"
147.89875914945029,28199,2181,1,"1"
150.36384621496208,28198,2182,1,"1"
153.20696659218663,28180,2200,1,"1"
161.62524556254161,28170,2210,1,"1"
163.85254936283218,28158,2222,1,"1"
175.59032189534233,28140,2240,1,"1"
182.53028103220871,28122,2258,1,"1"
185.03778212161509,28104,2276,1,"1"
190.28886450549066,28068,2312,2,"2"
190.31120442669913,28050,2330,1,"1"
192.83764326874186,28032,2348,1,"1"
199.3277350961659,28014,2366,1,"1"
210.20614409128103,27978,2402,2,"1-1"
210.5843126889857,27960,2420,1,"1"
212.35269227762427,27950,2430,1,"1"
216.22718953097424,27932,2448,1,"1"
221.30708050729282,27931,2449,1,"1"
223.53439803420764,27913,2467,1,"1"
224.55722597332857,27911,2469,2,"2"
227.34268160502077,27893,2487,1,"1"
229.75972506297549,27875,2505,1,"1"
234.25435951576486,27857,2523,1,"1"
237.21305958849311,27839,2541,1,"1"
237.69888859959201,27695,2685,8,"8"
242.82847725864212,27677,2703,1,"1"
248.40641816079298,27659,2721,1,"1"
249.05487367898843,27658,2722,1,"1"
252.80569571102356,27640,2740,1,"1"
253.43647343120236,27622,2758,1,"1"
255.71632634327094,27604,2776,1,"1"
258.07142996646689,27586,2794,1,"1"
259.10585436115139,27581,2799,1,"1"
262.70954801205164,27578,2802,1,"1"
264.06931957086982,27577,2803,1,"1"
271.8696974335819,27559,2821,1,"1"
277.62158385356832,27541,2839,1,"1"
286.03966411602772,27519,2861,2,"2"
289.01526748492807,27501,2879,1,"1"
296.87410672037981,27484,2896,1,"1"
297.00885657470371,27473,2907,3,"2-1"
297.17534287931016,27455,2925,1,"1"
303.14288599334577,27452,2928,1,"1"
307.60369921267272,27434,2946,1,"1"
309.23460822032439,27404,2976,4,"3-1"
313.91709351081641,27206,3174,13,"12-1"
324.12814289893817,27116,3264,5,"3-2"
326.59068972334444,27008,3372,6,"5-1"
328.05531880816483,26995,3385,1,"1"
335.95482586993876,26977,3403,1,"1"
340.05006710565436,26959,3421,1,"1"
343.29792460925012,25484,4896,83,"81-1-1"
345.34762879916116,25466,4914,1,"1"
349.26972456327775,25448,4932,1,"1"
350.54571626395148,25430,4950,1,"1"
355.21032877964706,25412,4968,1,"1"
355.34205614551331,25394,4986,1,"1"
357.39594179602665,25383,4997,1,"1"
357.57074284257573,25371,5009,2,"1-1"
358.55453315361325,25353,5027,1,"1"
360.91971010955507,25335,5045,1,"1"
361.72207816106311,25330,5050,1,"1"
367.97824300177973,25325,5055,1,"1"
371.65800197622718,24668,5712,41,"29-5-2-2-2-1"
379.77612055322209,24650,5730,1,"1"
382.55049185953965,24632,5748,1,"1"
384.01599355744992,24524,5856,6,"5-1"
386.34269272801777,24506,5874,1,"1"
389.24207841670381,24488,5892,1,"1"
391.97266949687497,24474,5906,1,"1"
394.21153653601033,24438,5942,2,"2"
395.70993709776172,24420,5960,1,"1"
396.75708326430487,24384,5996,2,"1-1"
401.11479418403025,24330,6050,3,"2-1"
401.58242877957065,24312,6068,1,"1"
401.99605592151181,24298,6082,1,"1"
403.07741557474225,24198,6182,6,"6"
404.95401195226759,24188,6192,1,"1"
405.0144134795417,24170,6210,1,"1"
405.56437364268635,24134,6246,2,"2"
405.85026168523103,24110,6270,2,"2"
408.64207200414745,24092,6288,1,"1"
410.54235970711079,24074,6306,1,"1"
417.48935846985341,24067,6313,1,"1"
417.77998423214626,24049,6331,1,"1"
418.96833938131465,24031,6349,1,"1"
419.96345600259548,24013,6367,1,"1"
420.27933359689706,23875,6505,13,"5-4-1-1-1-1"
421.54680708987968,23857,6523,1,"1"
421.56170260255647,23227,7153,35,"21-6-5-1-1-1"
427.34901540220352,23173,7207,3,"1-1-1"
436.95947702396325,23155,7225,1,"1"
437.11985290901299,23137,7243,1,"1"
442.27541724569335,23083,7297,3,"2-1"
445.846713791132,23013,7367,5,"2-2-1"
453.26447871496634,22683,7697,19,"14-4-1"
454.82859714740891,22673,7707,1,"1"
455.27839373287355,22648,7732,3,"2-1"
456.10758280502182,21983,8397,43,"34-2-2-1-1-1-1-1"
459.13488821573077,21947,8433,2,"2"
459.57679951593803,21929,8451,1,"1"
461.42234974567816,21924,8456,1,"1"
462.55263473014753,21906,8474,1,"1"
467.96197032886016,21888,8492,1,"1"
468.21787003446508,21877,8503,1,"1"
469.66977461679085,0,30380,1257,"1121-136"
----------------------------------------------6
0,30380,0,0,"0"
37.276486204973587,30343,37,3,"2-1"
65.263029544305894,30325,55,1,"1"
66.13177148377595,30307,73,1,"1"
66.590400803677753,30289,91,1,"1"
66.736520964909047,30271,109,1,"1"
74.702895082953731,30270,110,1,"1"
78.647220844580531,30252,128,1,"1"
79.889737685229534,30250,130,2,"2"
81.341826076556003,30236,144,1,"1"
83.48260840064593,30226,154,1,"1"
92.284947490625143,30208,172,1,"1"
92.468094784430662,30207,173,1,"1"
92.533547761618664,30189,191,1,"1"
97.307425527062904,30177,203,1,"1"
103.09531749933686,30176,204,1,"1"
105.36100964480973,28723,1657,87,"86-1"
106.58059084372994,28705,1675,1,"1"
107.82874756345124,28702,1678,1,"1"
114.22677105363702,28684,1696,1,"1"
121.76699804583522,28681,1699,1,"1"
125.12356969773199,28663,1717,1,"1"
126.59411237401238,28645,1735,1,"1"
126.93056657170227,28609,1771,2,"2"
128.2459898287851,28591,1789,1,"1"
130.81438076708542,28574,1806,1,"1"
134.94356769162337,28556,1824,1,"1"
135.92773170584488,28555,1825,1,"1"
141.67534186359163,28545,1835,1,"1"
142.46888288289463,28544,1836,1,"1"
144.36645117823483,28426,1954,7,"6-1"
144.69719487666165,28416,1964,1,"1"
144.98765102131026,28398,1982,1,"1"
152.24422572568091,28397,1983,1,"1"
152.74402130237578,28379,2001,1,"1"
154.27900691938322,28197,2183,13,"13"
159.47282468806867,28143,2237,3,"2-1"
163.18852351264707,28107,2273,2,"2"
172.520554498282,28106,2274,1,"1"
173.47271038216854,28088,2292,1,"1"
185.04696354608657,28070,2310,1,"1"
196.17146100552421,28052,2328,1,"1"
197.94092996412286,28042,2338,1,"1"
200.2235759021591,28024,2356,1,"1"
200.6961067232167,28006,2374,1,"1"
202.79046226970857,27970,2410,2,"2"
203.35150471886277,27952,2428,1,"1"
207.56185237588357,27934,2446,1,"1"
219.51743019817022,27916,2464,1,"1"
221.46197404854755,27898,2482,1,"1"
223.87252076294723,27884,2496,1,"1"
223.90603821927928,27883,2497,1,"1"
226.73362968125096,27865,2515,1,"1"
229.49371695155259,27847,2533,1,"1"
230.21977135468347,27829,2551,1,"1"
234.55619231125593,27811,2569,1,"1"
239.42158332128633,27793,2587,1,"1"
242.00873624665934,27361,3019,24,"23-1"
243.92489522953392,27235,3145,7,"7"
245.92126872297109,27234,3146,1,"1"
255.26542497727129,27135,3245,6,"6"
260.12188435574996,27117,3263,1,"1"
264.48604166520255,27099,3281,1,"1"
279.61629669352476,27081,3299,1,"1"
280.04839363875061,27063,3317,1,"1"
283.05323581439882,27045,3335,1,"1"
291.59369153655621,27027,3353,1,"1"
293.82234450531507,27009,3371,1,"1"
298.99098014040476,26970,3410,4,"4"
301.31675205566904,26934,3446,2,"1-1"
305.69152177853096,26916,3464,1,"1"
306.65334310851256,26898,3482,1,"1"
314.36267759516704,26891,3489,1,"1"
318.7472906528601,26873,3507,1,"1"
319.18498909295937,26855,3525,1,"1"
322.43686987265318,26837,3543,1,"1"
324.24110611092863,26831,3549,2,"2"
325.072241936127,26751,3629,10,"4-3-1-1-1"
334.7972667903253,26733,3647,1,"1"
336.73375699348776,26697,3683,2,"2"
338.08416110452777,26671,3709,2,"2"
340.9625278147214,26653,3727,1,"1"
342.06425226301877,26635,3745,1,"1"
344.23462010264677,26617,3763,1,"1"
349.28846273276935,26581,3799,2,"2"
354.6743390202077,26564,3816,1,"1"
367.1015818949997,26540,3840,3,"2-1"
368.21025821320768,26537,3843,1,"1"
370.84486822112399,26051,4329,27,"15-5-2-1-1-1-1-1"
372.04761448500818,26033,4347,1,"1"
376.35076144655659,26015,4365,1,"1"
377.73237281063484,25984,4396,3,"2-1"
377.80663569205893,25930,4450,3,"3"
383.13812871429855,25912,4468,1,"1"
385.34691409061452,25848,4532,4,"4"
388.14135835459359,25702,4678,9,"4-2-1-1-1"
390.62497168830805,25693,4687,1,"1"
396.83523771598186,25683,4697,2,"1-1"
399.66665160152144,25665,4715,1,"1"
404.946578717264,24245,6135,91,"79-2-2-1-1-1-1-1-1-1-1"
405.61215357189292,23378,7002,54,"41-2-2-2-2-1-1-1-1-1"
406.35020586059238,23360,7020,1,"1"
406.53166323285456,23351,7029,1,"1"
408.79090425049321,23333,7047,1,"1"
413.39600570380475,23323,7057,1,"1"
416.67047629817364,23250,7130,7,"4-1-1-1"
422.66591894127356,23232,7148,1,"1"
424.01977939150771,23214,7166,1,"1"
431.42954588414409,23196,7184,1,"1"
434.52985575923702,23186,7194,1,"1"
436.49327746995283,23150,7230,2,"1-1"
437.22668676379135,23132,7248,1,"1"
441.15852301339163,23114,7266,1,"1"
444.61848746952313,23094,7286,2,"2"
445.69237350515544,23058,7322,2,"2"
449.36063702833633,23040,7340,1,"1"
449.62608803186117,22994,7386,3,"3"
451.55802842834578,22976,7404,1,"1"
452.3841079558498,22958,7422,1,"1"
455.76575182001454,22886,7494,4,"4"
457.62127270114934,22490,7890,22,"21-1"
460.05350357984901,22468,7912,2,"2"
461.21298052137325,22450,7930,1,"1"
463.93020877003158,22432,7948,1,"1"
469.80860362028812,22390,7990,3,"1-1-1"
470.51519267535411,22282,8098,6,"4-1-1"
471.43572571008133,22264,8116,1,"1"
476.33882119701349,20576,9804,97,"80-9-2-1-1-1-1-1-1"
476.34135026494846,20567,9813,1,"1"
476.41508079336251,20549,9831,1,"1"
477.96347259799376,20531,9849,1,"1"
478.79483851804713,20513,9867,1,"1"
485.75545287467963,20477,9903,2,"2"
486.2052977190873,20459,9921,1,"1"
487.6827982368668,20441,9939,1,"1"
493.29792627626875,20423,9957,1,"1"
496.21707617085451,20207,10173,12,"10-2"
496.49942926987529,20099,10281,6,"3-1-1-1"
499.07731695380573,20063,10317,2,"1-1"
500.09045185255849,20045,10335,1,"1"
500.54317134439384,20027,10353,1,"1"
501.30523035268533,20009,10371,1,"1"
502.11591694113588,19955,10425,3,"2-1"
502.61215155144532,19937,10443,1,"1"
506.25766160745417,19883,10497,4,"2-2"
507.7142036846156,19865,10515,1,"1"
507.87349328065477,19847,10533,1,"1"
508.13387935778007,19829,10551,1,"1"
508.47454732692745,19811,10569,1,"1"
508.54840301172118,19715,10665,8,"2-2-1-1-1-1"
509.13253413581799,19701,10679,2,"2"
512.59581701255547,19665,10715,2,"2"
516.78687547768482,19653,10727,1,"1"
518.31560433465597,19635,10745,1,"1"
518.72016483993468,0,30380,1116,"1047-69"
----------------------------------------------7
0,30380,0,0,"0"
32.758834548436326,30326,54,3,"2-1"
34.026277061216163,30316,64,1,"1"
43.573639603482782,30298,82,1,"1"
57.488946444875687,30262,118,2,"2"
65.934703764237028,30252,128,1,"1"
68.493465429810726,30234,146,1,"1"
68.524581031571557,30216,164,1,"1"
69.607607955364657,30215,165,1,"1"
71.713756765718131,30111,269,6,"6"
76.487395965153681,30101,279,1,"1"
77.158731859407936,30096,284,1,"1"
89.915226949884797,30095,285,1,"1"
93.1226263343422,30077,303,1,"1"
94.779566946034635,30076,304,1,"1"
96.040333538390783,30064,316,1,"1"
106.77967994161546,30046,334,1,"1"
108.02556922736358,30028,352,1,"1"
108.94737486258283,30010,370,1,"1"
110.11724090735689,29992,388,1,"1"
118.29383528871159,29974,406,1,"1"
120.92720897555118,29964,416,1,"1"
121.96917221913398,29963,417,1,"1"
127.03887825700983,28544,1836,87,"85-1-1"
138.49930822849964,28526,1854,1,"1"
140.92099752999096,28512,1868,1,"1"
142.63453481030746,28494,1886,1,"1"
143.69455365824103,28476,1904,1,"1"
146.80343128307356,28458,1922,1,"1"
148.13028324558468,28457,1923,1,"1"
150.23694649172532,28455,1925,2,"2"
152.40834683173938,28437,1943,1,"1"
156.32157587740812,28436,1944,1,"1"
156.98382176020144,28426,1954,2,"2"
157.95982236222696,28012,2368,27,"26-1"
162.44070586350074,27994,2386,1,"1"
162.60677808750793,27976,2404,1,"1"
163.19654655554677,27958,2422,1,"1"
164.00313719220776,27940,2440,1,"1"
166.10267273525392,27922,2458,1,"1"
170.74716375503829,27496,2884,25,"20-1-1-1-1-1"
171.92397383420641,27487,2893,1,"1"
173.24056648856094,27469,2911,1,"1"
176.70847382374123,27451,2929,1,"1"
178.16530182360461,27433,2947,1,"1"
182.33690380662674,27325,3055,6,"4-1-1"
182.66254484889149,27320,3060,1,"1"
188.87581627392163,27302,3078,1,"1"
189.02700821936307,27301,3079,1,"1"
193.14639716027119,26728,3652,34,"16-16-1-1"
194.25859680462847,26718,3662,1,"1"
198.19304008434301,26700,3680,1,"1"
201.03116190406925,26682,3698,1,"1"
201.23605576413249,26681,3699,1,"1"
211.56154172072644,26657,3723,2,"1-1"
223.70516940313289,26656,3724,1,"1"
227.01664844675102,26620,3760,2,"2"
230.70770507421827,26614,3766,2,"1-1"
234.34106871418268,26223,4157,25,"22-3"
235.69979351554031,26205,4175,1,"1"
236.76495252094671,26188,4192,1,"1"
240.10152916669648,26185,4195,1,"1"
243.22927763244795,26149,4231,2,"1-1"
244.60333370298468,26131,4249,1,"1"
245.33838374524748,26113,4267,1,"1"
246.34749808790102,25645,4735,26,"24-2"
250.78405412310906,25627,4753,1,"1"
254.79039464410079,25624,4756,1,"1"
261.20795173535993,25606,4774,1,"1"
266.03775882673716,25601,4779,1,"1"
266.35581636984159,24886,5494,45,"44-1"
266.74773001584566,24883,5497,1,"1"
282.18374347066833,24873,5507,1,"1"
283.24731118482435,24867,5513,2,"2"
286.78752958816148,24849,5531,1,"1"
289.00336618905402,24839,5541,1,"1"
291.44385391037173,24821,5559,1,"1"
296.4345860946928,24803,5577,1,"1"
302.57090010550388,24776,5604,3,"3"
302.78762357199395,24720,5660,8,"2-2-1-1-1-1"
304.24002324325608,24702,5678,1,"1"
306.95413908322303,24693,5687,1,"1"
307.82132634923789,24680,5700,1,"1"
309.57379415622728,24662,5718,1,"1"
309.87954481559717,24608,5772,3,"2-1"
315.38010541183371,24590,5790,1,"1"
315.7280312245349,24572,5808,1,"1"
317.31014638615488,24536,5844,2,"2"
327.76315033572689,24509,5871,3,"2-1"
333.25058057506163,24437,5943,4,"1-1-1-1"
333.39614041266259,24419,5961,1,"1"
340.28432304292545,24404,5976,1,"1"
343.34734425533861,24399,5981,1,"1"
349.60301361533982,24381,5999,1,"1"
349.9369052438575,24372,6008,1,"1"
351.15613968137649,24354,6026,1,"1"
352.16126132844499,24300,6080,3,"3"
353.66451624664199,24264,6116,2,"1-1"
356.88907286280323,24259,6121,1,"1"
362.06243285252185,24241,6139,1,"1"
362.74817540621785,24227,6153,1,"1"
363.35469911259474,24209,6171,1,"1"
364.08141057078234,24109,6271,6,"6"
365.46035357842084,24091,6289,1,"1"
366.39808532614461,24073,6307,1,"1"
370.4471253945494,24055,6325,1,"1"
371.02367612976911,24046,6334,1,"1"
374.04802263260166,24028,6352,1,"1"
374.8830868394536,23992,6388,2,"1-1"
378.14835801660524,23974,6406,1,"1"
378.88661565204757,23956,6424,1,"1"
379.06240233100203,23920,6460,2,"1-1"
381.2212242301955,23915,6465,1,"1"
382.07171168658169,23897,6483,1,"1"
386.44659417444984,23735,6645,9,"8-1"
395.29274786644322,23717,6663,1,"1"
404.10314018190314,23689,6691,2,"1-1"
407.67578923026582,23605,6775,5,"5"
418.33655934805756,23587,6793,1,"1"
419.12935044929594,23396,6984,12,"9-1-1-1"
420.28722355236738,23391,6989,1,"1"
425.29104736295227,23373,7007,1,"1"
429.37067360602038,23319,7061,3,"3"
436.74349599947442,23193,7187,7,"6-1"
440.80637604067414,23179,7201,2,"2"
442.64007058145802,23161,7219,1,"1"
444.93677219383437,23151,7229,1,"1"
449.15431423025706,23072,7308,5,"5"
449.16267634548416,23054,7326,1,"1"
454.32510627157535,19860,10520,178,"99-19-13-11-7-6-4-3-3-2-1-1-1-1-1-1-1-1-1-1-1"
456.58068100377761,19842,10538,1,"1"
462.56658466160133,19824,10556,1,"1"
465.15884788318345,19446,10934,21,"11-7-1-1-1"
465.7247672435152,19392,10988,3,"3"
465.85667729213861,19387,10993,1,"1"
470.17334687652942,19369,11011,1,"1"
470.98242560887093,19315,11065,3,"2-1"
473.87124067322907,19310,11070,1,"1"
478.1975129493656,19238,11142,4,"1-1-1-1"
478.77735495443272,0,30380,1102,"971-131"
----------------------------------------------8
0,30380,0,0,"0"
23.759516587456393,30326,54,3,"2-1"
34.552234774678432,28890,1490,87,"86-1"
53.234607163575987,28889,1491,1,"1"
55.597098027812265,28871,1509,1,"1"
60.321240441465889,28870,1510,1,"1"
61.109751626330514,28816,1564,3,"2-1"
62.036438269704497,28798,1582,1,"1"
62.569501801916488,28780,1600,1,"1"
87.823673100254652,28762,1618,1,"1"
90.619611152863769,28761,1619,1,"1"
91.686645453407067,28758,1622,1,"1"
93.364014691403,28740,1640,1,"1"
105.77143064856897,28722,1658,1,"1"
110.65967446308791,28721,1659,1,"1"
115.12851685559232,28720,1660,1,"1"
119.14660229657916,28702,1678,1,"1"
127.16555955435639,28701,1679,1,"1"
128.71722702638007,28629,1751,4,"4"
130.74090319439227,28593,1787,2,"1-1"
141.208500374186,28575,1805,1,"1"
142.38072138680539,28572,1808,1,"1"
145.19609791732776,28558,1822,2,"1-1"
153.52016895297498,28557,1823,1,"1"
153.68091273761348,28556,1824,1,"1"
155.03321174320246,28304,2076,14,"12-1-1"
155.26639403629048,28286,2094,1,"1"
159.90163479258976,28268,2112,1,"1"
167.07133941392306,28250,2130,1,"1"
169.74912678657884,28232,2148,1,"1"
172.67248149352545,28214,2166,1,"1"
173.13993112791135,28196,2184,1,"1"
174.97721671425555,28178,2202,1,"1"
176.16188505707856,28160,2220,1,"1"
184.03082004816278,28159,2221,1,"1"
186.97308809114938,28105,2275,3,"2-1"
189.12193984076535,28095,2285,1,"1"
191.76536849213883,28059,2321,2,"2"
192.16537975635421,28049,2331,1,"1"
193.65585911561044,28035,2345,1,"1"
197.01906514015451,28017,2363,1,"1"
197.53608671817634,28005,2375,1,"1"
200.11744493929984,27987,2393,1,"1"
202.31409220409716,27969,2411,1,"1"
205.22046088878045,27915,2465,3,"2-1"
205.59948617467055,27897,2483,1,"1"
205.69531794517755,27879,2501,1,"1"
209.28917197645472,27861,2519,1,"1"
210.29947106084342,27717,2663,8,"7-1"
210.40852082027197,27699,2681,1,"1"
212.79292018191737,27681,2699,1,"1"
213.91508232350736,27680,2700,1,"1"
216.59405156223721,27666,2714,1,"1"
218.09763740264023,27648,2732,1,"1"
221.23011488691921,27638,2742,1,"1"
225.76702462709611,27624,2756,1,"1"
234.24941524669504,27520,2860,6,"6"
235.96483402940808,27502,2878,1,"1"
246.69018699903407,27484,2896,1,"1"
251.86577121260461,27466,2914,1,"1"
252.2486940805654,27340,3040,7,"6-1"
254.70362887720003,27335,3045,1,"1"
257.41991927792941,27299,3081,2,"2"
260.04290559770789,27263,3117,2,"2"
261.46998728624544,27245,3135,1,"1"
264.00888778858791,27209,3171,2,"1-1"
265.62548867098889,27204,3176,1,"1"
269.88628328476125,27186,3194,1,"1"
271.63251071388373,27183,3197,1,"1"
275.39986268420841,27165,3215,1,"1"
276.11496805790955,27147,3233,1,"1"
281.68635586363536,26733,3647,23,"22-1"
282.81856545421363,26717,3663,4,"2-1-1"
284.97725997007853,26699,3681,1,"1"
289.36065404518052,26694,3686,1,"1"
290.11629215866998,26678,3702,2,"1-1"
291.13459850041829,26642,3738,2,"2"
296.21601564764632,26624,3756,1,"1"
308.20066541026296,26606,3774,1,"1"
308.20376185459429,26596,3784,1,"1"
313.56189772676044,26560,3820,2,"2"
318.57338482131269,26542,3838,1,"1"
320.34955667436583,26524,3856,1,"1"
321.85053690810082,26506,3874,1,"1"
321.96075174902563,26488,3892,1,"1"
326.50993538545788,26483,3897,1,"1"
328.95497817830443,26477,3903,2,"2"
331.34351778909689,26468,3912,1,"1"
339.84571632976645,26450,3930,1,"1"
346.0094585692384,26432,3948,1,"1"
347.42487281330392,26414,3966,1,"1"
358.76486272549715,26378,4002,2,"2"
359.30787297120116,26375,4005,1,"1"
360.90893870697374,25835,4545,30,"24-2-1-1-1-1"
361.81246191735892,25821,4559,1,"1"
363.04759684538129,25749,4631,4,"4"
363.32994046053318,25731,4649,1,"1"
370.38079848802744,25713,4667,1,"1"
370.57960328912162,25710,4670,1,"1"
374.7042710889761,25697,4683,1,"1"
377.66826473154765,25535,4845,9,"9"
381.36417799930535,25517,4863,1,"1"
381.85490262436326,25506,4874,1,"1"
384.8715862243634,25470,4910,2,"2"
384.99649079552194,25443,4937,3,"3"
386.57547761592957,25425,4955,1,"1"
389.4858080841741,25408,4972,1,"1"
390.98112571777818,25218,5162,11,"11"
395.11132574356031,25182,5198,2,"2"
395.21216617128147,25164,5216,1,"1"
399.28958306749558,25128,5252,2,"2"
404.19534472652572,25114,5266,1,"1"
409.97644436746629,25111,5269,1,"1"
417.82404436759731,24821,5559,17,"9-3-3-1-1"
419.13026557228187,24533,5847,16,"12-2-1-1"
421.28529501166071,24479,5901,3,"1-1-1"
425.16795081628845,24472,5908,1,"1"
425.53363683567932,24454,5926,1,"1"
425.68417466928435,24436,5944,1,"1"
429.22708357364223,23775,6605,41,"20-13-3-2-1-1-1"
431.35264305852758,23757,6623,1,"1"
433.61063000523745,23721,6659,2,"2"
435.87364443484023,23703,6677,1,"1"
443.3962218153797,23401,6979,21,"9-5-2-1-1-1-1-1"
446.77605310753182,23383,6997,1,"1"
452.91352699536799,23378,7002,1,"1"
454.96594620004652,23365,7015,3,"3"
457.89826655699329,23295,7085,5,"2-1-1-1"
464.4252076624087,23277,7103,1,"1"
481.57822566033366,23139,7241,12,"8-1-1-1-1"
482.70926367784443,23121,7259,1,"1"
484.18070748118964,23103,7277,1,"1"
488.50846208831911,23067,7313,2,"2"
488.79947220240501,23049,7331,1,"1"
491.77128448729502,23031,7349,1,"1"
492.1541110789907,22754,7626,16,"13-2-1"
493.72787608117062,22736,7644,1,"1"
495.57661464269512,22646,7734,5,"3-1-1"
496.15142901334121,22562,7818,5,"5"
499.65337285972561,21955,8425,38,"25-3-2-1-1-1-1-1-1-1-1"
502.53314295336594,21944,8436,1,"1"
503.30382745435679,21926,8454,1,"1"
504.11468417726064,21870,8510,6,"2-2-1-1"
504.37142660414924,21816,8564,3,"1-1-1"
506.00709808374501,21780,8600,2,"2"
511.29585563924292,21771,8609,1,"1"
512.92076915034772,21753,8627,1,"1"
519.43614393714586,21609,8771,8,"6-1-1"
520.03927312807616,21598,8782,1,"1"
521.93543539979032,21580,8800,1,"1"
526.67027633610735,21562,8818,1,"1"
527.82790567365134,21400,8980,9,"8-1"
528.07958363311752,0,30380,1225,"1110-115"
----------------------------------------------9
0,30380,0,0,"0"
14.064096167412893,30326,54,3,"2-1"
40.3849398148175,30325,55,1,"1"
40.815161910049447,30315,65,1,"1"
41.175421031203804,30301,79,1,"1"
41.898366331352271,30283,97,1,"1"
42.768026817069,30265,115,1,"1"
48.195598567805746,30251,129,1,"1"
53.267701502845995,30233,147,1,"1"
58.297269754419936,30232,148,1,"1"
63.287867085441384,30214,166,1,"1"
68.028196892497562,30213,167,1,"1"
76.200749157114885,30208,172,1,"1"
80.179807817211483,30190,190,1,"1"
93.901930289654246,28755,1625,86,"86"
103.86753862720251,28754,1626,1,"1"
115.72062024808895,28753,1627,1,"1"
118.61690212323194,28735,1645,1,"1"
119.61211475695733,28723,1657,1,"1"
122.21415152926068,28709,1671,1,"1"
130.61978496103038,28708,1672,1,"1"
133.8948019296773,28690,1690,1,"1"
135.95241728543195,28672,1708,1,"1"
140.77603998609288,28671,1709,1,"1"
141.1607332773211,28617,1763,3,"3"
142.35543346219978,28616,1764,1,"1"
148.32918873327381,28598,1782,1,"1"
150.50114484687319,28580,1800,1,"1"
151.0104216957084,28562,1818,1,"1"
151.99561241208906,28544,1836,1,"1"
152.65583923715008,28532,1848,1,"1"
152.96289027845776,28514,1866,1,"1"
160.87358611532392,28494,1886,2,"1-1"
161.34597170578783,28489,1891,1,"1"
163.2020600852195,28471,1909,1,"1"
170.58780337921104,28435,1945,2,"1-1"
174.2257726936522,28086,2294,20,"17-2-1"
176.18439403220879,28068,2312,1,"1"
187.96095730485573,28065,2315,1,"1"
189.49401502172444,28047,2333,1,"1"
193.9875610921529,28029,2351,1,"1"
195.49676020096857,28028,2352,1,"1"
198.61555866254099,28008,2372,2,"1-1"
207.17061056193415,27990,2390,1,"1"
208.26433816174537,27738,2642,14,"11-1-1-1"
212.08238694520213,27720,2660,1,"1"
213.58838053130202,27702,2678,1,"1"
214.2322100232835,27684,2696,1,"1"
214.43595071611819,27666,2714,1,"1"
217.29850096724877,27652,2728,1,"1"
217.75876138463116,27634,2746,1,"1"
219.2681440672641,27607,2773,3,"3"
226.26457935605711,27589,2791,1,"1"
228.30380123488766,27485,2895,6,"6"
231.14331928025186,27467,2913,1,"1"
235.24775972915967,27464,2916,1,"1"
236.10221152689812,27446,2934,1,"1"
236.79030890745722,27428,2952,1,"1"
238.9731437153556,27410,2970,1,"1"
239.68879085082025,27392,2988,1,"1"
241.4602959630615,27029,3351,23,"20-2-1"
247.68405868485371,27011,3369,1,"1"
249.92149184015221,26975,3405,2,"1-1"
251.8717792189376,26957,3423,1,"1"
252.11279171652259,26953,3427,4,"3-1"
252.41911175832527,26935,3445,1,"1"
253.54945957271622,26925,3455,1,"1"
254.06853124395522,26924,3456,1,"1"
256.74629458554961,26914,3466,1,"1"
266.07209800679038,26904,3476,1,"1"
277.85069229126594,26886,3494,1,"1"
280.13254620453597,26862,3518,2,"2"
281.82929203502357,26844,3536,1,"1"
288.60155090091587,26268,4112,32,"24-4-3-1"
290.27503142172611,26250,4130,1,"1"
291.94646225481432,26232,4148,1,"1"
295.04192115597186,26196,4184,2,"2"
309.10586729953587,26178,4202,1,"1"
309.5214976161862,26142,4238,2,"1-1"
309.57622755532219,26139,4241,1,"1"
316.34973741836103,26121,4259,1,"1"
316.44922767970866,26103,4277,1,"1"
316.49973907558046,26085,4295,1,"1"
317.30608879040676,26053,4327,2,"1-1"
319.56080382966144,26017,4363,2,"2"
328.01158570955977,25999,4381,1,"1"
331.70640224332368,25981,4399,1,"1"
334.41563212901923,25976,4404,1,"1"
336.6044101431051,25958,4422,1,"1"
337.19200927644079,25940,4440,1,"1"
345.7333901476938,25922,4458,1,"1"
348.78507438858298,25919,4461,1,"1"
349.08329296350468,25901,4479,1,"1"
358.03922972518421,25837,4543,4,"4"
358.23536625672,25369,5011,26,"23-1-1-1"
367.43736019830538,25351,5029,1,"1"
371.63320731330964,25333,5047,1,"1"
372.41695099965608,25315,5065,1,"1"
377.18055802947208,25297,5083,1,"1"
379.00068125673658,25243,5137,3,"3"
396.00412574768109,22983,7397,127,"95-6-3-3-3-2-1-1-1-1-1-1-1-1-1-1-1-1-1-1-1"
396.45111687617123,22980,7400,1,"1"
400.86624053210335,22577,7803,27,"25-1-1"
403.43817050025814,22469,7911,6,"6"
408.21395027476393,22455,7925,1,"1"
411.78062794313422,22401,7979,3,"3"
415.2270431626103,22396,7984,1,"1"
416.5320022290154,21770,8610,35,"24-8-2-1"
418.31410042859903,21734,8646,2,"2"
423.05732770245351,21716,8664,1,"1"
425.35720396256369,21702,8678,1,"1"
425.92186617154465,21090,9290,34,"25-3-2-1-1-1-1"
426.57487007944655,21054,9326,2,"2"
428.75631715920991,21036,9344,1,"1"
429.2485952896011,21018,9362,1,"1"
429.37214238254728,20980,9400,3,"2-1"
430.57071953024496,0,30380,1222,"1043-179"
