f,num_active_particles,num_deleted_particles,total_deleted_rods,avalanche_sizes
0,35758,0,0,"0"
20.19873495415845,35740,18,1,"1"
33.845050410820896,35726,32,1,"1"
80.044389848397302,35716,42,1,"1"
108.80794806587011,35698,60,1,"1"
110.8246406495486,35689,69,1,"1"
113.07357155466973,35671,87,1,"1"
115.66588993613955,35670,88,1,"1"
118.36843296323465,35652,106,1,"1"
118.65013411696506,35634,124,1,"1"
119.6706388155615,35616,142,1,"1"
121.24179916622113,35603,155,1,"1"
128.39901088797154,35585,173,1,"1"
136.93738148601966,35575,183,1,"1"
148.15101723348704,35557,201,1,"1"
150.32356424150316,35556,202,1,"1"
150.33745052333285,35538,220,1,"1"
150.69564291057222,35520,238,1,"1"
152.95837815079832,35514,244,2,"2"
153.76261519675793,35496,262,1,"1"
154.26580057048687,34796,962,39,"39"
155.22156489578867,34456,1302,19,"18-1"
156.97252862832576,34440,1318,1,"1"
159.60425907599958,34422,1336,1,"1"
161.221784136548,34404,1354,1,"1"
165.01133901809777,34386,1372,1,"1"
171.11908959972988,34385,1373,1,"1"
177.35997845150172,34367,1391,1,"1"
177.69726877673324,34349,1409,1,"1"
178.43030655015562,34337,1421,1,"1"
178.7656392979452,34319,1439,1,"1"
182.21523395616501,34309,1449,1,"1"
184.93248995221811,34306,1452,1,"1"
185.38417679867743,34270,1488,2,"2"
186.62570776058357,34252,1506,1,"1"
187.08991640820338,34234,1524,1,"1"
188.04665029180745,34162,1596,4,"4"
190.67756885415938,34148,1610,1,"1"
193.35994517278482,34130,1628,1,"1"
196.03006091794759,34112,1646,1,"1"
196.70113399759052,34102,1656,1,"1"
205.34112512616741,34066,1692,2,"2"
207.36971168492011,34048,1710,1,"1"
210.71329567996409,34030,1728,1,"1"
219.02139315997246,34012,1746,1,"1"
219.88631744807759,33994,1764,1,"1"
224.03652624869068,33976,1782,1,"1"
226.20231917683159,33958,1800,1,"1"
238.84249410737581,33957,1801,1,"1"
239.38762602890884,33939,1819,1,"1"
239.80321360255672,33921,1837,1,"1"
242.2598399801891,33903,1855,1,"1"
244.86883753269274,33838,1920,4,"4"
245.39231335038099,33820,1938,1,"1"
245.43884883536899,33802,1956,1,"1"
249.0493393437699,33784,1974,1,"1"
251.5212636550612,33766,1992,1,"1"
257.03082701498283,33748,2010,1,"1"
265.0965935168756,33747,2011,1,"1"
270.30160844396249,33744,2014,1,"1"
271.98608217365182,33741,2017,1,"1"
274.92967395140124,33723,2035,1,"1"
275.44792704179338,33705,2053,1,"1"
279.85201879044536,33687,2071,1,"1"
280.30644701025716,33677,2081,1,"1"
280.33139975416481,33665,2093,1,"1"
288.91263798761457,33647,2111,1,"1"
289.46032016198177,33629,2129,1,"1"
292.89372262067417,33611,2147,1,"1"
294.67373189617621,33593,2165,1,"1"
295.15804072607312,33557,2201,2,"2"
296.63477673191073,33539,2219,1,"1"
298.74159497651328,33521,2237,1,"1"
299.35231648991254,33503,2255,1,"1"
301.47601022625724,33485,2273,1,"1"
302.12601101682702,33467,2291,1,"1"
302.2971862116022,33413,2345,3,"1-1-1"
304.07835198542648,33395,2363,1,"1"
304.80729070470016,33392,2366,1,"1"
323.52504983766676,33372,2386,2,"1-1"
326.91958298330894,33354,2404,1,"1"
329.18733078734516,33336,2422,1,"1"
338.46108933018081,33325,2433,1,"1"
342.00200811191911,33253,2505,4,"4"
345.46420173399895,33235,2523,1,"1"
347.0342187935525,33217,2541,1,"1"
349.43672458436401,33214,2544,1,"1"
356.7119088139649,33201,2557,1,"1"
359.2284286799586,33190,2568,1,"1"
359.79329616902476,33172,2586,1,"1"
363.62196700469752,33154,2604,1,"1"
364.0799968545856,33147,2611,1,"1"
365.1580179008007,33129,2629,1,"1"
368.05168957810326,33111,2647,1,"1"
377.59139708317616,33093,2665,1,"1"
393.36968019285541,33088,2670,1,"1"
395.99460742754343,33081,2677,1,"1"
397.49087965805785,32923,2835,10,"8-2"
405.22826063682919,32905,2853,1,"1"
405.43114284046698,32895,2863,1,"1"
411.18307175795303,32877,2881,1,"1"
411.81544712583764,32859,2899,1,"1"
411.98317814394528,32787,2971,4,"3-1"
415.53818314442759,32769,2989,1,"1"
424.24393136562901,32766,2992,1,"1"
426.85803627407552,32748,3010,1,"1"
435.56592993076504,32732,3026,1,"1"
437.21534113329858,32696,3062,2,"2"
438.01501614061686,32678,3080,1,"1"
444.02025614987133,32662,3096,1,"1"
445.16334777367376,32644,3114,1,"1"
447.93176773103363,32635,3123,1,"1"
454.49154313911697,32617,3141,1,"1"
454.8646319859655,32599,3159,1,"1"
456.05426501895329,32455,3303,8,"5-2-1"
457.08732332133417,32437,3321,1,"1"
457.12764289766807,32434,3324,1,"1"
457.89753496518108,32398,3360,2,"2"
460.56330815850635,32380,3378,1,"1"
467.62048914135005,32362,3396,1,"1"
475.20879207083874,32348,3410,2,"2"
475.52390631164093,32342,3416,2,"2"
479.47380593130958,32324,3434,1,"1"
480.33281211123972,32232,3526,6,"2-2-1-1"
482.70860475988417,32004,3754,13,"11-1-1"
488.10753947858785,31999,3759,1,"1"
492.59901184896074,31987,3771,1,"1"
493.89842933873064,31969,3789,1,"1"
501.26927630239743,31951,3807,1,"1"
502.32135528888199,31933,3825,1,"1"
503.63873126469144,31915,3843,1,"1"
509.7102622173461,31897,3861,1,"1"
512.54592451808981,31879,3879,1,"1"
512.88671238907727,31849,3909,2,"2"
518.83309221829222,31843,3915,2,"2"
519.44845472690156,31825,3933,1,"1"
520.2542300318064,31799,3959,2,"1-1"
521.8186574392837,31792,3966,1,"1"
522.22999748682378,31774,3984,1,"1"
525.94170120410638,31756,4002,1,"1"
534.43015145393576,31698,4060,4,"2-1-1"
534.44807976102913,31688,4070,2,"1-1"
536.71594341493221,31670,4088,1,"1"
544.74896911208612,31364,4394,17,"15-1-1"
549.33271886628029,31357,4401,1,"1"
550.14547433787106,31339,4419,1,"1"
551.97424516962599,31321,4437,1,"1"
552.97378663905056,31311,4447,1,"1"
553.33455532837854,31302,4456,1,"1"
553.84771046804542,31296,4462,2,"2"
554.45368863793783,31278,4480,1,"1"
555.56764749939498,31260,4498,1,"1"
557.54168765869713,30006,5752,74,"55-10-4-2-1-1-1"
559.66673364713427,29898,5860,6,"4-2"
568.81641627621889,29772,5986,8,"4-1-1-1-1"
569.67937833165138,29754,6004,1,"1"
573.04886486082114,29718,6040,2,"2"
579.4435408079288,29700,6058,1,"1"
580.8632555446834,0,35758,1718,"1589-129"
----------------------------------------------1
0,35758,0,0,"0"
48.179279742233575,35740,18,1,"1"
51.851646019893224,35722,36,1,"1"
52.528058405300669,35712,46,1,"1"
56.360200576622191,35711,47,1,"1"
71.610199394191511,35693,65,1,"1"
77.39759421333892,35679,79,2,"2"
88.349006453024245,35678,80,1,"1"
92.254764130178643,35606,152,4,"2-2"
94.292174839655701,35588,170,1,"1"
97.688284437161457,35570,188,1,"1"
100.16075215975674,35569,189,1,"1"
101.51885360735396,35559,199,1,"1"
103.51447476105443,35541,217,1,"1"
108.05129759288276,35523,235,1,"1"
110.96923400559683,35505,253,1,"1"
113.97900768444289,35165,593,19,"18-1"
118.47666345716009,35147,611,1,"1"
121.11293505916947,35129,629,1,"1"
124.83542251220787,35111,647,1,"1"
134.89196813618011,35095,663,1,"1"
135.01060186372695,33871,1887,74,"58-11-2-1-1-1"
140.28056577573031,33853,1905,1,"1"
140.55060759220487,33835,1923,1,"1"
154.24049295386737,33821,1937,1,"1"
155.92892570457531,33803,1955,1,"1"
157.62149834174923,33785,1973,1,"1"
162.21960759148084,33784,1974,1,"1"
167.12886669262394,33781,1977,1,"1"
173.14741029065678,33745,2013,2,"2"
176.27805410680483,33727,2031,1,"1"
178.56848808322317,33717,2041,1,"1"
180.64534505496275,33699,2059,1,"1"
181.14563077443029,33645,2113,3,"1-1-1"
183.35105781707028,33635,2123,1,"1"
184.06502608119564,33617,2141,1,"1"
188.77969592885054,33591,2167,2,"1-1"
199.70164575490159,33588,2170,1,"1"
203.37009745364068,33570,2188,1,"1"
204.24500224958166,33534,2224,2,"2"
208.41734329862021,33518,2240,1,"1"
211.53512194571499,33500,2258,1,"1"
214.00182042524887,33497,2261,1,"1"
215.21069440082618,33479,2279,1,"1"
227.10451570078058,33461,2297,1,"1"
230.00894508499007,33449,2309,1,"1"
240.18631840688593,33431,2327,1,"1"
242.37597876981434,33413,2345,1,"1"
245.00937868756887,33395,2363,1,"1"
249.76802727319944,33359,2399,2,"1-1"
249.78367669019531,33341,2417,1,"1"
254.18413790839384,33323,2435,1,"1"
258.39316697502034,33305,2453,1,"1"
259.96393888093189,33287,2471,1,"1"
262.69709404247959,33269,2489,1,"1"
263.42187157135868,33251,2507,1,"1"
268.17455207217193,33248,2510,1,"1"
268.51179068999909,33230,2528,1,"1"
268.87931036347175,33212,2546,1,"1"
273.4399821315925,33194,2564,1,"1"
273.8840619786377,33185,2573,1,"1"
274.2118812200921,33167,2591,1,"1"
276.4862541645183,33149,2609,1,"1"
280.47554556775486,33131,2627,1,"1"
282.03299472041203,33113,2645,1,"1"
284.71204420833459,33059,2699,3,"3"
284.77674696690502,33041,2717,1,"1"
289.51723318902452,32945,2813,6,"6"
292.84491691052892,32927,2831,1,"1"
294.17304238212171,32909,2849,1,"1"
295.97998660314789,32891,2867,1,"1"
297.32373182898129,32855,2903,2,"2"
298.87267975230577,32819,2939,2,"1-1"
299.01749051704536,32801,2957,1,"1"
300.23661313117151,32765,2993,2,"2"
300.80059377428762,32747,3011,1,"1"
314.52994821126066,32746,3012,1,"1"
315.42041996196974,32728,3030,1,"1"
316.03396888714985,32710,3048,1,"1"
321.72361167820685,32705,3053,1,"1"
324.53788422549258,32687,3071,1,"1"
326.04098897704029,32669,3089,1,"1"
329.31700307651465,32651,3107,1,"1"
331.66488600758993,32615,3143,2,"2"
333.19168218069217,32602,3156,1,"1"
337.09189943065309,32584,3174,1,"1"
339.85819360006337,32575,3183,1,"1"
343.74953163716646,32557,3201,1,"1"
344.74592512917525,32539,3219,1,"1"
351.58584275174957,32521,3237,1,"1"
351.8662229229684,32503,3255,1,"1"
354.03369539131364,31659,4099,47,"39-7-1"
357.32271338512504,31641,4117,1,"1"
361.04073658677856,31631,4127,2,"2"
361.46198942709083,31613,4145,1,"1"
362.86866770256881,31566,4192,3,"3"
373.16440144727329,31548,4210,1,"1"
373.43990012911354,31537,4221,1,"1"
373.77932513197732,31530,4228,1,"1"
377.19112382073075,31516,4242,1,"1"
393.89888562788138,31502,4256,1,"1"
396.30371716723727,31484,4274,1,"1"
396.79808121070158,31466,4292,1,"1"
402.82161578449848,31430,4328,2,"2"
403.95548547542359,31412,4346,1,"1"
405.85953199598924,31376,4382,2,"2"
409.16911063445144,31366,4392,1,"1"
409.97241189878309,31348,4410,1,"1"
413.46968298156384,31092,4666,15,"11-2-1-1"
418.02248713090114,31077,4681,1,"1"
419.03477990933413,31041,4717,2,"1-1"
421.3041904124334,30987,4771,3,"2-1"
423.37946684020187,30865,4893,8,"6-1-1"
430.63006356563568,30847,4911,1,"1"
433.4507715533947,30829,4929,1,"1"
439.76300580829025,30749,5009,5,"5"
440.597805107022,30735,5023,1,"1"
441.16512826811919,30717,5041,1,"1"
441.64465950519093,30699,5059,1,"1"
441.66240185356713,30663,5095,2,"1-1"
445.76899763388911,30645,5113,1,"1"
457.11901743718187,30633,5125,1,"1"
459.84803153776238,30630,5128,1,"1"
462.75078849077693,30620,5138,1,"1"
466.00329310714869,30602,5156,1,"1"
467.05993195343723,30527,5231,5,"5"
469.9878121948542,30524,5234,1,"1"
472.44655353807497,30488,5270,2,"2"
473.01180426013229,30470,5288,1,"1"
477.68695942341805,30423,5335,3,"3"
478.45523361296063,30405,5353,1,"1"
480.95913816520374,30387,5371,1,"1"
496.95747861945779,30105,5653,16,"15-1"
499.15768206010631,30087,5671,1,"1"
502.18257588806983,30084,5674,1,"1"
503.31815843638213,30066,5692,1,"1"
503.66866452283097,29995,5763,7,"5-2"
507.82340833067298,29988,5770,1,"1"
510.22896233542912,29981,5777,1,"1"
511.29696984368422,29963,5795,1,"1"
512.43237841439634,29948,5810,1,"1"
512.91803731370692,29937,5821,1,"1"
513.37323516135814,29811,5947,7,"5-2"
513.77368034419237,29777,5981,2,"2"
519.30227306772917,29759,5999,1,"1"
520.87365727322845,29743,6015,1,"1"
522.66083974686262,29725,6033,1,"1"
522.91282703705394,29707,6051,1,"1"
526.86185799992586,29653,6105,3,"3"
528.97827229802851,29631,6127,2,"1-1"
530.70041961985964,0,35758,1718,"1588-130"
----------------------------------------------2
0,35758,0,0,"0"
28.461304835574968,35741,17,3,"3"
37.678321097090169,35740,18,1,"1"
39.386234115221384,35728,30,1,"1"
54.893295552473326,35710,48,1,"1"
60.169820948805871,35697,61,1,"1"
76.840231206699798,35687,71,1,"1"
82.730309520354552,35677,81,1,"1"
90.694920355486943,35674,84,1,"1"
90.99758579726398,35656,102,1,"1"
92.026125193605267,35334,424,18,"17-1"
94.733131574997188,35316,442,1,"1"
97.805940179799592,35298,460,1,"1"
98.734311113571181,35190,568,6,"5-1"
99.858174435189241,35172,586,1,"1"
100.68000209099706,35154,604,1,"1"
103.89231901077042,35140,618,1,"1"
105.21837652478339,35122,636,1,"1"
105.28269466459984,35104,654,1,"1"
107.45366772109082,35086,672,1,"1"
113.04966544285161,35068,690,1,"1"
123.73851550824574,35050,708,1,"1"
128.31709332153758,35032,726,1,"1"
129.87940664795062,35014,744,1,"1"
133.88835388153066,34978,780,2,"2"
135.60818841822572,34960,798,1,"1"
139.82679713531687,34959,799,1,"1"
143.35738380934094,34941,817,1,"1"
148.47870798939846,34940,818,1,"1"
175.12969652842207,34922,836,1,"1"
183.80243750299988,34921,837,1,"1"
185.35680858479515,34920,838,1,"1"
188.97386551990229,34902,856,1,"1"
192.67064533590943,34884,874,1,"1"
193.58022055169943,34858,900,2,"1-1"
194.26789690548989,34840,918,1,"1"
194.9697266509238,34822,936,1,"1"
203.1635335751042,34804,954,1,"1"
204.47518314197291,34558,1200,15,"15"
217.9846807594011,34540,1218,1,"1"
218.58342564092681,34522,1236,1,"1"
221.98465527062169,34504,1254,1,"1"
227.52140448417285,34486,1272,1,"1"
229.07425282409233,34468,1290,1,"1"
229.3374687859436,34452,1306,1,"1"
232.76577256053122,34434,1324,1,"1"
233.52784295875054,34398,1360,2,"2"
237.75475597191297,34380,1378,1,"1"
239.24305849831751,34362,1396,1,"1"
242.78381136550257,34344,1414,1,"1"
243.2013445945467,34308,1450,2,"2"
250.37677591938649,34290,1468,1,"1"
251.23347933782341,34272,1486,1,"1"
252.87537037311546,34262,1496,1,"1"
252.96834970469882,34251,1507,1,"1"
259.18726194847153,34125,1633,7,"5-2"
260.08811913857448,34107,1651,1,"1"
261.7897689963761,34104,1654,1,"1"
262.62641759095675,34068,1690,2,"1-1"
263.26440605197104,34050,1708,1,"1"
263.31452426408561,34049,1709,1,"1"
264.66465147381382,34031,1727,1,"1"
266.68860911474525,34013,1745,1,"1"
267.61054573892409,33995,1763,1,"1"
268.25670888750619,33977,1781,1,"1"
270.34142108435969,33959,1799,1,"1"
271.4607675844,33941,1817,1,"1"
278.47459311562721,33895,1863,3,"3"
279.91220732068967,33859,1899,2,"2"
283.14109259405296,33841,1917,1,"1"
288.12920186099052,33823,1935,1,"1"
291.43955585585803,33805,1953,1,"1"
296.32224707151511,33787,1971,1,"1"
302.43558985775553,33769,1989,1,"1"
306.60881403110022,33733,2025,2,"2"
309.03954184271419,33715,2043,1,"1"
312.81776286447933,33697,2061,1,"1"
312.87710959938698,33681,2077,1,"1"
318.39663924198766,33669,2089,1,"1"
319.74306602285844,33660,2098,1,"1"
319.9667957742447,33642,2116,1,"1"
332.33717575607972,33639,2119,1,"1"
332.67590789093629,33636,2122,1,"1"
339.57950487294687,33599,2159,3,"2-1"
345.74388390972422,33596,2162,1,"1"
351.6583722157593,33580,2178,1,"1"
359.25513000737288,33544,2214,2,"1-1"
360.22636048641345,33526,2232,1,"1"
363.98553200757664,33508,2250,1,"1"
364.08848437728716,33490,2268,1,"1"
365.28657576668752,33462,2296,2,"2"
373.18162621424796,33444,2314,1,"1"
373.40968365507905,33426,2332,1,"1"
379.89970006841372,33414,2344,1,"1"
380.15981489102148,33396,2362,1,"1"
382.6445908378858,33383,2375,1,"1"
384.05643737776785,33365,2393,1,"1"
389.53978504360379,31463,4295,107,"93-5-4-2-1-1-1"
391.1658277057582,31427,4331,2,"1-1"
392.82658729149313,31409,4349,1,"1"
397.02771420630086,31406,4352,1,"1"
399.70790080223367,31388,4370,1,"1"
404.82911774745008,31370,4388,1,"1"
412.5117996568751,31334,4424,2,"1-1"
413.19042632938272,31298,4460,2,"2"
415.6882271958188,31295,4463,1,"1"
417.68317081692464,31292,4466,1,"1"
418.66090487428966,31274,4484,1,"1"
445.53459358694607,31238,4520,2,"2"
448.43073939246182,31220,4538,1,"1"
449.44721596575403,31213,4545,1,"1"
450.1149113301791,31177,4581,2,"2"
451.91410212552478,31159,4599,1,"1"
451.92147405003209,31141,4617,1,"1"
452.98154551218579,29566,6192,94,"58-28-3-2-1-1-1"
456.74383890355961,29559,6199,1,"1"
457.37329635378899,29541,6217,1,"1"
460.01192769319982,29505,6253,2,"2"
460.23676129152176,29487,6271,1,"1"
465.63549874254312,29475,6283,1,"1"
467.78552263820046,28595,7163,49,"39-3-2-1-1-1-1-1"
468.47374677098287,28577,7181,1,"1"
471.5758778864876,28415,7343,9,"8-1"
473.3113347450967,28397,7361,1,"1"
475.08239786226267,28394,7364,1,"1"
480.16913564533758,28322,7436,4,"2-2"
480.52294048057422,28178,7580,8,"6-2"
483.93913836564099,28160,7598,1,"1"
490.27542391313659,28124,7634,2,"1-1"
490.86951273454144,28106,7652,1,"1"
491.67156305273221,28090,7668,1,"1"
493.72013044799041,28000,7758,5,"4-1"
494.29008258831061,27982,7776,1,"1"
494.87076006333552,27970,7788,1,"1"
495.33146343608757,27826,7932,8,"6-1-1"
496.52438548657312,27808,7950,1,"1"
498.2999903947906,27790,7968,1,"1"
500.74945450148067,27772,7986,1,"1"
501.18331351775868,27754,8004,1,"1"
502.41965364072149,27741,8017,1,"1"
505.89379297925734,27730,8028,1,"1"
512.0843743591729,27712,8046,1,"1"
517.49096166575464,27676,8082,2,"1-1"
521.69790967727261,27658,8100,1,"1"
532.82779513541493,27622,8136,2,"2"
533.04713605771894,27486,8272,10,"6-3-1"
533.97735697077667,27456,8302,2,"2"
535.60268648010867,27438,8320,1,"1"
542.99767456595509,27420,8338,1,"1"
547.50919375863077,27402,8356,1,"1"
548.01891844958629,27384,8374,1,"1"
549.72116479315707,0,35758,1595,"1468-127"
----------------------------------------------3
0,35758,0,0,"0"
49.204009286095513,35740,18,1,"1"
62.11145526112994,35722,36,1,"1"
63.541845511087736,35704,54,1,"1"
70.281748519005887,35686,72,1,"1"
92.227946686883669,35668,90,1,"1"
95.87406808082828,35650,108,1,"1"
99.342542090865336,35649,109,1,"1"
105.25331530114721,35613,145,2,"2"
106.13709052225767,35595,163,1,"1"
107.76818112042851,35577,181,1,"1"
108.60384458657434,35541,217,2,"1-1"
118.79731346260846,35525,233,1,"1"
133.0716120579543,35509,249,1,"1"
135.11892261863269,35506,252,1,"1"
139.45891298709276,35488,270,1,"1"
146.09072930714444,35470,288,1,"1"
157.42348931503651,35458,300,1,"1"
158.4047846975445,35118,640,19,"18-1"
158.66026468390817,35108,650,1,"1"
166.40174764391767,35090,668,1,"1"
169.07580291248365,35076,682,2,"2"
169.27857094553681,35058,700,1,"1"
183.64068684089759,35057,701,1,"1"
189.57937613019999,35039,719,1,"1"
192.0609229509858,35036,722,1,"1"
194.63775132527502,35035,723,1,"1"
200.59344607221456,35025,733,1,"1"
201.58535075119278,35007,751,1,"1"
202.95440742170669,34989,769,1,"1"
205.90721392349752,34971,787,1,"1"
207.30498505460795,34953,805,1,"1"
211.54368157861674,34935,823,1,"1"
212.05452312540302,34917,841,1,"1"
214.73019409621637,34899,859,1,"1"
221.59460596649376,34881,877,1,"1"
223.44633394270664,34871,887,1,"1"
225.63668711941474,34853,905,1,"1"
230.92141781374747,34817,941,2,"1-1"
234.85569190486257,34799,959,1,"1"
235.05631527611948,34796,962,1,"1"
243.25230994540277,34778,980,1,"1"
252.35752984726273,34764,994,1,"1"
253.74884287413192,34728,1030,2,"2"
257.47530426059734,34710,1048,1,"1"
259.134425295759,34656,1102,3,"2-1"
260.22120546198533,34638,1120,1,"1"
263.89655293578971,34620,1138,1,"1"
268.44590212055022,34608,1150,1,"1"
270.98858685355503,34572,1186,2,"2"
273.89001034776601,34554,1204,1,"1"
278.31154926148776,34488,1270,4,"4"
281.51753971293164,34470,1288,1,"1"
284.01590942381262,34452,1306,1,"1"
285.21278990720498,34434,1324,1,"1"
286.23164709065185,34431,1327,1,"1"
291.39913656445748,34413,1345,1,"1"
294.42389634189766,34400,1358,1,"1"
297.2265866457218,34382,1376,1,"1"
298.27503820589442,34381,1377,1,"1"
300.32129210466314,34363,1395,1,"1"
300.55639487499468,34345,1413,1,"1"
300.89854326311905,34327,1431,1,"1"
303.93651783903897,34324,1434,1,"1"
304.71936217282013,34323,1435,1,"1"
310.35170916766083,33084,2674,74,"57-9-2-1-1-1-1-1-1"
313.50760662218511,33048,2710,2,"2"
314.23540510605721,33030,2728,1,"1"
317.07029213761803,32976,2782,3,"2-1"
319.30203974456282,32940,2818,3,"3"
320.46911322709786,32922,2836,1,"1"
321.46420013285615,32904,2854,1,"1"
323.76191408830891,32886,2872,1,"1"
326.68133087534846,32760,2998,7,"5-2"
330.86626252348498,32688,3070,4,"2-1-1"
331.33402925273288,32670,3088,1,"1"
334.78535217624972,32652,3106,1,"1"
338.23631478788388,32638,3120,1,"1"
339.93120135025998,32620,3138,1,"1"
343.58979704183429,32602,3156,1,"1"
347.06182634938256,32588,3170,1,"1"
348.01412290308537,32570,3188,1,"1"
356.48678071386041,32552,3206,1,"1"
356.70109661276229,32530,3228,2,"2"
358.09792393830548,32512,3246,1,"1"
358.78382582509562,32494,3264,1,"1"
362.32824070010275,32476,3282,1,"1"
364.79169359767104,32232,3526,15,"12-2-1"
371.7922256340558,32229,3529,1,"1"
374.71798707948483,32220,3538,1,"1"
377.48256000432491,32202,3556,1,"1"
378.63141049437888,32184,3574,1,"1"
379.20844019599093,32174,3584,1,"1"
384.34891185760739,32156,3602,1,"1"
384.72280414936142,32012,3746,8,"8"
385.51753953306064,31886,3872,8,"6-1-1"
386.29034044440681,31850,3908,2,"1-1"
386.89876309445771,31828,3930,2,"2"
394.41169601469915,31810,3948,1,"1"
398.3304871538457,31792,3966,1,"1"
399.50983878340963,31756,4002,2,"1-1"
402.53253151745253,31738,4020,1,"1"
402.91840306634123,31720,4038,1,"1"
407.26106310522829,31648,4110,4,"4"
408.12909792618984,31643,4115,1,"1"
409.76043097840079,31625,4133,1,"1"
423.08759608100513,31607,4151,1,"1"
424.98120769402414,31589,4169,1,"1"
436.69042933318821,31571,4187,1,"1"
436.74102738373512,31553,4205,1,"1"
445.5169275814593,31535,4223,1,"1"
445.63156783389752,31517,4241,1,"1"
448.31061911403117,31463,4295,3,"3"
448.47375469732299,31451,4307,2,"1-1"
451.20266437198319,31433,4325,1,"1"
452.27995332171758,31430,4328,1,"1"
453.10563793646679,31412,4346,1,"1"
453.79995218704209,31394,4364,1,"1"
454.11132638138685,31362,4396,2,"1-1"
456.97592930542208,31344,4414,1,"1"
464.71129163055747,31326,4432,1,"1"
467.13638127223334,31308,4450,1,"1"
468.96098077285927,31292,4466,1,"1"
470.43606475631412,31094,4664,11,"9-1-1"
471.34505787676738,31091,4667,1,"1"
472.6658642095818,30983,4775,6,"5-1"
472.82162085132939,30965,4793,1,"1"
474.91234151998668,30929,4829,2,"2"
475.30165386367526,30893,4865,2,"2"
475.73136699299141,30857,4901,2,"2"
482.70052147653149,30839,4919,1,"1"
484.7965558029245,30836,4922,1,"1"
487.39550001151815,30818,4940,1,"1"
488.50846876770976,30811,4947,1,"1"
492.20574430097491,30793,4965,1,"1"
496.3615490068172,30775,4983,1,"1"
497.08504088355016,30772,4986,1,"1"
507.58412136191021,30754,5004,2,"1-1"
507.9692300563504,30747,5011,1,"1"
512.93952116685944,30729,5029,1,"1"
513.32993553065285,30675,5083,3,"1-1-1"
516.14598480587279,30657,5101,1,"1"
516.40124576172479,30639,5119,1,"1"
517.3871182887068,30621,5137,1,"1"
521.82873620906582,30567,5191,3,"3"
522.46100249892959,30549,5209,1,"1"
523.04755484256702,30531,5227,1,"1"
525.41635085119844,30499,5259,3,"2-1"
530.06852214403295,29979,5779,29,"29"
531.27634503715842,29833,5925,13,"5-5-1-1-1"
535.19104378190855,29828,5930,1,"1"
535.48042251769698,29823,5935,1,"1"
538.34691635851368,29763,5995,4,"2-2"
542.06040293792307,29748,6010,1,"1"
548.98444806012628,29730,6028,1,"1"
559.83230739661951,29712,6046,1,"1"
560.86526865396502,29696,6062,1,"1"
562.13572965241258,29400,6358,17,"12-2-1-1-1"
564.60871913309768,29364,6394,2,"2"
573.71580643481923,29142,6616,15,"3-3-2-2-2-1-1-1"
576.9549941786704,29124,6634,1,"1"
578.61855508150006,29115,6643,1,"1"
581.49965665112279,29079,6679,2,"2"
582.10116524440355,29061,6697,1,"1"
582.5173997186223,29050,6708,1,"1"
583.04393372595371,29014,6744,2,"2"
584.97161520108125,28968,6790,3,"3"
587.66278475458603,28948,6810,2,"2"
591.02273459729327,28930,6828,1,"1"
596.82851894058479,28857,6901,7,"6-1"
597.63300404018935,28839,6919,1,"1"
599.84438235599691,28832,6926,1,"1"
599.99339051204367,28827,6931,1,"1"
600.29833699359642,28815,6943,1,"1"
606.18903859795978,28788,6970,5,"2-2-1"
609.74343374413343,28716,7042,4,"3-1"
611.41609886420542,28698,7060,1,"1"
612.19625229639223,28680,7078,1,"1"
624.50402812883056,28633,7125,3,"3"
625.67571551913079,28525,7233,6,"4-1-1"
627.15064323048091,28507,7251,1,"1"
628.41347828568246,28471,7287,2,"1-1"
631.36203116813647,28435,7323,2,"1-1"
632.19372011970779,28417,7341,1,"1"
632.9843002595876,28363,7395,3,"1-1-1"
633.83789935634968,28356,7402,1,"1"
634.24753902724353,28338,7420,1,"1"
635.81719113823897,28306,7452,3,"2-1"
639.6020493779622,28054,7704,14,"13-1"
642.18200043474098,28023,7735,2,"2"
644.49480107490353,28005,7753,1,"1"
645.47288855100203,28002,7756,1,"1"
646.30085262124385,27984,7774,1,"1"
650.94901875431754,27966,7792,1,"1"
652.35598542871048,27948,7810,1,"1"
657.37991568849634,27930,7828,1,"1"
659.68078665473013,27912,7846,1,"1"
659.7216434718971,27905,7853,1,"1"
660.37377454012267,27851,7907,3,"2-1"
660.60964811628901,27840,7918,1,"1"
660.97753453467487,27837,7921,1,"1"
662.07524099776958,27819,7939,1,"1"
662.78471869474402,27729,8029,5,"5"
670.34189200820856,27675,8083,3,"2-1"
671.66903408227677,27657,8101,1,"1"
673.62870100730163,27646,8112,1,"1"
677.79237981472681,27628,8130,1,"1"
680.56711650937177,27286,8472,19,"17-1-1"
680.99656280070292,27279,8479,1,"1"
684.13046308453374,27276,8482,1,"1"
686.58365000643846,27258,8500,1,"1"
686.69561207556455,27168,8590,5,"4-1"
689.11932606062499,27150,8608,1,"1"
690.13345677078894,27143,8615,1,"1"
690.21868218344514,27125,8633,1,"1"
690.31620927466884,0,35758,1554,"1334-115-105"
----------------------------------------------4
0,35758,0,0,"0"
47.72413620758126,35740,18,1,"1"
51.744398510727642,35737,21,1,"1"
55.555090033089584,35736,22,1,"1"
74.489347615636134,35731,27,1,"1"
74.835911518592269,35695,63,2,"1-1"
86.581551363215411,35355,403,19,"18-1"
89.676360960446672,35337,421,1,"1"
93.584102403633551,35336,422,1,"1"
96.364904575528527,35333,425,1,"1"
100.72998423083966,35297,461,2,"2"
107.88112450228159,35294,464,1,"1"
107.99758738854349,35276,482,1,"1"
112.99444185567275,35258,500,1,"1"
121.07669671616559,35248,510,1,"1"
122.75363366374194,35230,528,1,"1"
123.62141559912145,35212,546,1,"1"
130.55846629514232,35176,582,2,"2"
131.1770797029105,35164,594,1,"1"
137.53548670746088,35146,612,1,"1"
139.16834719208967,35110,648,2,"2"
143.99168142709581,35092,666,1,"1"
151.98485958522375,35074,684,1,"1"
153.70604292565767,35064,694,1,"1"
157.98307087420756,35046,712,1,"1"
160.08292436256448,35032,726,1,"1"
160.84217864567617,35007,751,3,"3"
162.07970554446842,34993,765,2,"2"
166.62742031720097,34992,766,1,"1"
168.236864388394,34982,776,1,"1"
169.74320316395355,34966,792,1,"1"
172.65278644228221,34948,810,1,"1"
172.94895958437519,34924,834,2,"2"
178.25798369769456,34906,852,1,"1"
185.54833381688186,34888,870,1,"1"
189.7329214918513,34870,888,1,"1"
193.98639580417688,34852,906,1,"1"
198.20600891211436,34834,924,1,"1"
201.69280331076925,34816,942,1,"1"
204.43652932335817,34780,978,2,"2"
204.76532720984937,34762,996,1,"1"
205.81176677898097,34726,1032,2,"2"
227.5815466614369,34708,1050,1,"1"
227.95416694327116,34690,1068,1,"1"
233.38627961493452,34672,1086,1,"1"
236.29543877162587,34669,1089,1,"1"
238.17809603332401,34651,1107,1,"1"
239.8862254422159,34633,1125,1,"1"
240.43644994164347,34507,1251,8,"6-1-1"
243.74557539548442,34489,1269,1,"1"
244.53681682288101,34471,1287,1,"1"
257.70544044278381,34453,1305,1,"1"
262.0012969816525,34219,1539,14,"13-1"
265.91004335806991,34201,1557,1,"1"
268.12951463203939,34183,1575,1,"1"
272.665586552663,34174,1584,1,"1"
275.40395952358364,34156,1602,1,"1"
277.5824090260864,34138,1620,1,"1"
280.94491940638574,34120,1638,1,"1"
281.04987990199299,33366,2392,42,"39-1-1-1"
281.86258537089623,33354,2404,1,"1"
281.93492647234973,33297,2461,4,"4"
282.45644249071017,33279,2479,1,"1"
283.71323791591175,33261,2497,1,"1"
285.41455944612642,33191,2567,4,"4"
286.22695659235978,33173,2585,1,"1"
288.04700365411639,33155,2603,1,"1"
288.92034495639177,33137,2621,1,"1"
289.29931584842723,33134,2624,1,"1"
289.52162676567286,33116,2642,1,"1"
290.01136441400683,33098,2660,1,"1"
293.56056728474715,33080,2678,1,"1"
295.02765580979718,33077,2681,1,"1"
301.55813039676042,33059,2699,1,"1"
302.66828278262523,33058,2700,1,"1"
303.97968911395242,32974,2784,6,"4-1-1"
304.76303101168145,32956,2802,1,"1"
304.83594212954864,32938,2820,1,"1"
305.4139321072156,32920,2838,1,"1"
310.31336852107989,32902,2856,1,"1"
320.88001151774728,32884,2874,1,"1"
323.01583261520193,32866,2892,1,"1"
324.926154334778,32848,2910,1,"1"
326.04787011159351,32843,2915,1,"1"
328.49737195160486,32825,2933,1,"1"
330.58912417656558,32807,2951,1,"1"
330.82358454248157,32797,2961,1,"1"
339.34721943029507,32794,2964,1,"1"
345.275361306592,32776,2982,1,"1"
348.84228694827902,32704,3054,4,"2-1-1"
364.38814564823161,32686,3072,1,"1"
365.80614845500736,32683,3075,1,"1"
380.43356715122286,32665,3093,1,"1"
380.56046925509389,32649,3109,1,"1"
381.95206795018606,32646,3112,1,"1"
384.29638920559751,32628,3130,1,"1"
386.5535566526039,32610,3148,1,"1"
394.36320555134728,32607,3151,1,"1"
394.8134720862144,32589,3169,1,"1"
397.43692909154902,32576,3182,1,"1"
406.21872101686336,32564,3194,1,"1"
413.51680085662178,32546,3212,1,"1"
414.06545189289943,32528,3230,1,"1"
414.54352624647782,32510,3248,1,"1"
419.70294465091695,32456,3302,3,"3"
420.90676078506374,32402,3356,3,"3"
422.48232176691442,32348,3410,3,"2-1"
422.65168908934282,32330,3428,1,"1"
426.87068452564631,32312,3446,1,"1"
430.77645459731832,32294,3464,1,"1"
431.13438075184041,32242,3516,3,"3"
431.90684640760674,30731,5027,90,"63-12-6-2-2-1-1-1-1-1"
435.38755582354793,30715,5043,1,"1"
438.91592011178165,30589,5169,7,"4-2-1"
439.14178888712098,30583,5175,2,"2"
441.2570813964266,30580,5178,1,"1"
445.68197665156214,30562,5196,1,"1"
446.10817926745392,30544,5214,1,"1"
448.71905956437206,30526,5232,1,"1"
452.40958598514175,30521,5237,1,"1"
455.99519786390647,30510,5248,1,"1"
461.19367341260323,30428,5330,5,"3-2"
461.26454006765294,30418,5340,2,"2"
461.41021255986658,30387,5371,2,"1-1"
465.87985486388493,30295,5463,6,"6"
466.77555943080682,30277,5481,1,"1"
470.66508115081848,30259,5499,1,"1"
471.75320574278004,30241,5517,1,"1"
473.10153410820982,30223,5535,1,"1"
477.26916079813219,30187,5571,2,"1-1"
489.5771186935724,30169,5589,1,"1"
491.97487924232871,30157,5601,1,"1"
511.17830817240076,30121,5637,2,"2"
512.28228788486308,30103,5655,1,"1"
517.63519048285491,30096,5662,1,"1"
518.70516462804915,30093,5665,1,"1"
521.05621248139062,30075,5683,1,"1"
521.44042598541364,30057,5701,1,"1"
524.53911074925361,30021,5737,2,"2"
524.9384161026079,29583,6175,25,"24-1"
528.24706265163582,29576,6182,1,"1"
529.68275646610243,29540,6218,2,"2"
537.64616635740174,29529,6229,1,"1"
545.66070239661883,29475,6283,3,"2-1"
546.5568170358107,29439,6319,2,"1-1"
546.90792644132398,29421,6337,1,"1"
549.95203895884447,29403,6355,1,"1"
551.63181692983562,29385,6373,1,"1"
552.9380790058508,29295,6463,5,"3-2"
553.02887736955836,29283,6475,1,"1"
559.14403503242715,28657,7101,36,"24-7-1-1-1-1-1"
563.12863477539554,28621,7137,2,"2"
563.87825404508408,28603,7155,1,"1"
567.57474211615829,0,35758,1656,"1523-133"
----------------------------------------------5
0,35758,0,0,"0"
28.753252890370128,35740,18,1,"1"
31.583783336000295,35739,19,1,"1"
32.071889362029687,35705,53,2,"2"
34.813476132970216,35687,71,1,"1"
57.895800584469548,35682,76,1,"1"
60.065995168356203,35628,130,3,"2-1"
63.816870193476454,35614,144,1,"1"
66.597733752039375,35598,160,1,"1"
78.002162283287404,35580,178,1,"1"
79.040609295506854,35579,179,1,"1"
79.694686417126547,35561,197,1,"1"
82.393259202527304,35525,233,2,"2"
89.329037448890233,35507,251,1,"1"
96.692538326998303,35167,591,19,"18-1"
104.47530355724425,35157,601,1,"1"
125.037865910403,35139,619,1,"1"
126.61769992278235,35138,620,1,"1"
130.0041208249246,35120,638,1,"1"
132.86359203972293,35102,656,1,"1"
143.57425107743484,35084,674,1,"1"
152.42533085596895,35066,692,1,"1"
153.99574866179128,35065,693,1,"1"
154.7301232670421,33859,1899,73,"59-11-2-1"
158.91083995422963,33841,1917,1,"1"
162.14493921346283,33831,1927,1,"1"
167.29365974462812,33813,1945,1,"1"
177.90303591292596,33810,1948,1,"1"
178.24660199961917,33792,1966,1,"1"
179.37368850898855,33778,1980,2,"2"
179.65131210465776,33775,1983,1,"1"
191.66615982424912,33757,2001,1,"1"
193.48673402510269,33752,2006,1,"1"
199.78525489371066,33742,2016,1,"1"
200.27664642635207,33706,2052,2,"2"
201.65029251093338,33688,2070,1,"1"
202.87667998129245,33580,2178,6,"3-2-1"
210.23904155174259,33562,2196,1,"1"
211.9881427701994,33544,2214,1,"1"
215.1711686386592,33532,2226,1,"1"
216.44232299254151,33529,2229,1,"1"
224.35490111844911,33511,2247,1,"1"
234.6372702831388,33493,2265,1,"1"
239.71440982247094,33475,2283,1,"1"
241.00132562211493,33466,2292,1,"1"
242.68866760645366,33448,2310,1,"1"
242.74810304553736,33430,2328,1,"1"
242.85804353213396,33412,2346,1,"1"
243.68040147320301,33394,2364,1,"1"
243.7922968596522,33340,2418,3,"3"
249.15092366666639,33322,2436,1,"1"
250.94025674022731,33268,2490,3,"1-1-1"
254.90385598657696,33250,2508,1,"1"
255.63098546682315,33232,2526,1,"1"
257.30105573521803,33229,2529,1,"1"
257.75431538761319,33193,2565,2,"1-1"
259.21885749453162,33157,2601,2,"1-1"
259.65713083128571,33139,2619,1,"1"
266.39570939139116,33125,2633,1,"1"
272.69293591299953,33107,2651,1,"1"
274.78714980113665,33092,2666,1,"1"
274.98029648119984,33074,2684,1,"1"
276.88536045780177,33056,2702,1,"1"
279.88018939442094,33000,2758,4,"4"
281.75408221474441,32997,2761,1,"1"
282.81544287064736,32996,2762,1,"1"
283.12204614684873,32978,2780,1,"1"
285.76599232011029,32960,2798,1,"1"
286.58754429847295,32522,3236,25,"24-1"
290.07135612315511,32504,3254,1,"1"
290.87525184092192,32486,3272,1,"1"
291.10948564363582,32483,3275,1,"1"
292.01925924470947,32465,3293,1,"1"
298.71280759587455,32195,3563,15,"14-1"
300.07260839530159,32177,3581,1,"1"
301.15135218156945,32165,3593,1,"1"
304.56919699844923,32149,3609,1,"1"
312.79448396500885,32131,3627,1,"1"
313.19830462171814,32113,3645,1,"1"
313.5915288998163,32095,3663,1,"1"
316.02289528121656,32077,3681,1,"1"
316.46391193285581,32059,3699,1,"1"
323.61412068038811,32041,3717,1,"1"
326.64018309065898,32023,3735,1,"1"
327.85889042186324,31979,3779,3,"3"
344.89788598973951,31976,3782,1,"1"
347.56145634206484,31967,3791,1,"1"
354.26358934825112,31931,3827,2,"1-1"
354.53603215615976,31926,3832,1,"1"
359.771477416229,31656,4102,17,"13-2-1-1"
360.46750351413044,31625,4133,2,"1-1"
376.58351149633449,31622,4136,1,"1"
376.68987923954575,31604,4154,1,"1"
384.82938993798388,31601,4157,1,"1"
396.43015839041135,31583,4175,1,"1"
399.33672117178025,31565,4193,1,"1"
412.47773690546427,31475,4283,5,"2-1-1-1"
417.5345311267746,31447,4311,4,"2-2"
421.07597655446273,31429,4329,1,"1"
437.34054062446558,31411,4347,1,"1"
439.7973657388024,31393,4365,1,"1"
443.38792975765404,31375,4383,1,"1"
448.68930415100425,31249,4509,7,"6-1"
448.96290890530344,31246,4512,1,"1"
449.64741746565829,31228,4530,1,"1"
449.67579565325758,31217,4541,1,"1"
452.04858209017556,31199,4559,1,"1"
461.42140912908923,31187,4571,1,"1"
464.04272351315774,31140,4618,3,"3"
469.45964040601342,31137,4621,1,"1"
471.9471977796432,31119,4639,1,"1"
473.58271128505322,31101,4657,1,"1"
478.9887703334565,30275,5483,46,"39-2-2-2-1"
482.19487785786532,30257,5501,1,"1"
490.71315534455778,30222,5536,5,"5"
493.63115801493495,30078,5680,9,"6-1-1-1"
499.52577795666377,29754,6004,18,"16-1-1"
506.72003934284834,29736,6022,1,"1"
510.10579120372046,29585,6173,10,"5-2-2-1"
510.86941844950712,29573,6185,1,"1"
511.83908634597992,29537,6221,2,"2"
512.41668477287033,29198,6560,19,"18-1"
526.01999019138032,29180,6578,1,"1"
529.20854518500801,29144,6614,2,"2"
529.41099919413932,29036,6722,6,"3-2-1"
536.93271772628304,29018,6740,1,"1"
540.86781473253836,29004,6754,1,"1"
542.24419627322925,28986,6772,1,"1"
544.65250408987629,28968,6790,1,"1"
547.09520162065144,28950,6808,1,"1"
553.28983916251195,28932,6826,1,"1"
555.54057969403709,28770,6988,9,"8-1"
560.30656374410762,28662,7096,6,"4-2"
561.02442910696618,28634,7124,2,"1-1"
565.29778612218558,28256,7502,21,"8-5-4-2-1-1"
568.86651352331853,28220,7538,2,"1-1"
577.15380729457536,27902,7856,18,"15-2-1"
578.46088211229255,27884,7874,1,"1"
580.27655976853111,27866,7892,1,"1"
581.13244641043218,26596,9162,75,"34-10-5-3-3-2-2-2-2-1-1-1-1-1-1-1-1-1-1-1-1"
581.57493220403023,0,35758,1541,"1419-122"
----------------------------------------------6
0,35758,0,0,"0"
15.716806719640537,35753,5,1,"1"
33.607835606641217,35735,23,1,"1"
40.007586491185194,35717,41,1,"1"
43.764208166276156,35699,59,1,"1"
56.552689878328849,35681,77,1,"1"
72.978976727860726,35663,95,1,"1"
80.706460923852632,35662,96,1,"1"
92.986175435449823,35661,97,1,"1"
96.109696104896514,35625,133,2,"2"
103.40427024413295,35624,134,1,"1"
121.60054690382708,35606,152,1,"1"
127.3619502842005,35588,170,1,"1"
135.59718210362593,35570,188,1,"1"
136.01688975970305,35560,198,1,"1"
136.91603996024944,35542,216,1,"1"
137.39503093303523,35530,228,1,"1"
150.52191761141648,35516,242,2,"2"
153.6361083651654,35408,350,6,"4-1-1"
155.58549205566183,35390,368,1,"1"
156.45980921815075,35372,386,1,"1"
156.86079083283406,35362,396,1,"1"
165.45096369411775,35355,403,1,"1"
168.99694622567119,35354,404,1,"1"
173.1604242807841,35353,405,1,"1"
183.60233963896076,35343,415,1,"1"
184.4435793952174,35325,433,1,"1"
189.36177871396572,35307,451,1,"1"
194.4241564766042,35289,469,1,"1"
199.00267910358593,35271,487,1,"1"
199.09719608795385,35134,624,10,"10"
200.00695008019096,35120,638,1,"1"
200.756931154287,33816,1942,75,"39-30-1-1-1-1-1-1"
201.35148644610655,33798,1960,1,"1"
201.97818194204095,33780,1978,1,"1"
202.81866189636196,33690,2068,5,"2-1-1-1"
205.8690281927596,33672,2086,1,"1"
206.02776150384528,33654,2104,1,"1"
206.76390178211253,33636,2122,1,"1"
212.86867200366572,33618,2140,1,"1"
216.3495885850877,29670,6088,233,"146-49-17-11-2-1-1-1-1-1-1-1-1"
219.22439966208717,29652,6106,1,"1"
220.01124404708344,29616,6142,2,"2"
220.5156283391978,29598,6160,1,"1"
229.59638672902901,29580,6178,1,"1"
231.67778933939212,29570,6188,1,"1"
236.51544807396706,29563,6195,1,"1"
236.84972426981633,29509,6249,3,"2-1"
245.13363029755971,29491,6267,1,"1"
249.3220537075585,29473,6285,1,"1"
250.56330368586299,29455,6303,1,"1"
250.79138240866243,29437,6321,1,"1"
254.2879769122064,29434,6324,1,"1"
255.83764369462031,29416,6342,1,"1"
265.24493898419632,29380,6378,2,"1-1"
268.99092576223188,29362,6396,1,"1"
270.65372312290776,29344,6414,1,"1"
272.26644727319223,29326,6432,1,"1"
272.72295210269982,29310,6448,1,"1"
274.53846502236303,29285,6473,3,"3"
274.76934840655582,29282,6476,1,"1"
274.79313383713702,29246,6512,2,"1-1"
275.08906905447549,29228,6530,1,"1"
282.7854598476298,29210,6548,1,"1"
288.65019272163858,29192,6566,1,"1"
294.97371562432045,29174,6584,1,"1"
296.23932685335274,29138,6620,2,"1-1"
298.97406736915002,29117,6641,2,"1-1"
303.76016759849387,29099,6659,1,"1"
304.3981337587644,29090,6668,1,"1"
309.01426427541884,29072,6686,1,"1"
310.81008210661531,29066,6692,2,"1-1"
311.34892344152593,29042,6716,2,"1-1"
313.19709810555003,29024,6734,1,"1"
318.79345642493803,28832,6926,14,"14"
320.11446281266052,28796,6962,2,"2"
327.78615702657777,28793,6965,1,"1"
337.15483255087742,28775,6983,1,"1"
338.24339156468233,28760,6998,1,"1"
338.43524874559597,28742,7016,1,"1"
338.75833241577055,28724,7034,1,"1"
345.09992097095676,28706,7052,1,"1"
345.72013843069578,28688,7070,1,"1"
350.17418822820377,28681,7077,1,"1"
357.57353972976932,28653,7105,4,"2-1-1"
362.33409638670059,28599,7159,3,"2-1"
369.21422296481404,28576,7182,5,"2-2-1"
380.32755435844592,28565,7193,1,"1"
383.898018444103,28511,7247,3,"1-1-1"
387.18658322635974,28493,7265,1,"1"
387.50645932011139,28490,7268,1,"1"
391.61128675337523,28472,7286,1,"1"
392.39552919006422,28454,7304,1,"1"
394.48599400964252,28451,7307,1,"1"
395.88262786526587,28433,7325,1,"1"
405.1668783295508,28187,7571,15,"11-3-1"
408.47657712138454,28169,7589,1,"1"
413.3635609681038,28151,7607,1,"1"
414.86132826050761,28133,7625,1,"1"
419.82292857476705,28115,7643,1,"1"
422.61357867953507,28103,7655,1,"1"
427.0645415111689,28049,7709,3,"3"
427.636815190471,28031,7727,1,"1"
428.31980720810066,27977,7781,3,"3"
433.67355817803656,0,35758,1614,"1614"
----------------------------------------------7
0,35758,0,0,"0"
43.862837863926131,35755,3,1,"1"
47.341033061283284,35737,21,1,"1"
50.216788295603358,35719,39,1,"1"
55.213252965642759,35685,73,2,"2"
59.907019779943369,35649,109,2,"1-1"
64.301508216130102,35646,112,1,"1"
70.821077899032062,35643,115,1,"1"
75.517522771241445,35625,133,1,"1"
76.866178535009794,35624,134,1,"1"
77.274411389076192,35588,170,2,"1-1"
78.951348907189072,35570,188,1,"1"
79.937358653981633,35552,206,1,"1"
80.289523210190154,35534,224,1,"1"
86.841893756194594,35533,225,1,"1"
88.42580740655653,35497,261,2,"2"
101.03492009372975,35485,273,1,"1"
102.12435903700899,35467,291,1,"1"
103.29159125651604,35449,309,1,"1"
119.80165136377789,35109,649,19,"18-1"
121.49173594896229,35091,667,1,"1"
141.47190174909019,35081,677,1,"1"
141.53518255373507,35067,691,2,"2"
154.52190910993991,35049,709,1,"1"
155.36922759458673,35035,723,1,"1"
155.42137868088267,35017,741,1,"1"
157.40137603245981,35016,742,1,"1"
165.79749047078519,34998,760,1,"1"
176.01468622601661,34980,778,1,"1"
179.6957549960965,34962,796,1,"1"
184.05807450622279,34944,814,1,"1"
186.05190072078472,34941,817,1,"1"
186.31599317899344,34905,853,2,"1-1"
201.43217160360757,34895,863,1,"1"
204.16104833192094,34877,881,1,"1"
211.319924066618,34859,899,1,"1"
217.65146699169574,34841,917,1,"1"
217.87970217369761,34823,935,1,"1"
217.89348179051092,34805,953,1,"1"
220.00696526255257,34787,971,1,"1"
222.98328192638115,34715,1043,4,"3-1"
223.08780055773366,34651,1107,5,"4-1"
223.37917021858337,34633,1125,1,"1"
223.50764076815358,34632,1126,1,"1"
224.39096342436599,34614,1144,1,"1"
232.25826682439987,34560,1198,3,"2-1"
241.29344350365557,34542,1216,1,"1"
245.82261995428678,34535,1223,1,"1"
246.2786027668499,34517,1241,1,"1"
247.20009260438206,34514,1244,1,"1"
248.66447664283831,34509,1249,1,"1"
249.72112792703211,34491,1267,1,"1"
250.07881275914787,34437,1321,3,"3"
257.34980407243239,34419,1339,1,"1"
258.06143684104609,34418,1340,1,"1"
258.53000401712501,34400,1358,1,"1"
261.39735998661388,34382,1376,1,"1"
265.61573498138125,34328,1430,3,"1-1-1"
267.89652113307881,34310,1448,1,"1"
271.4363895572763,34238,1520,4,"4"
273.34392777664038,34202,1556,2,"1-1"
276.09090349939913,34184,1574,1,"1"
276.26155594743017,34130,1628,3,"3"
280.09479873280367,34112,1646,1,"1"
290.59923323750638,34094,1664,1,"1"
292.76446943622301,34076,1682,1,"1"
293.48306960338431,34058,1700,1,"1"
294.82263127963074,34040,1718,1,"1"
295.25718937135116,34027,1731,1,"1"
296.58880608485583,33991,1767,2,"2"
298.10213938234943,33973,1785,1,"1"
299.78394842423171,33955,1803,1,"1"
301.6237213002932,33937,1821,1,"1"
309.22811016870952,33927,1831,2,"1-1"
309.64301726408831,33909,1849,1,"1"
317.7487786635736,33893,1865,4,"2-1-1"
319.54337687433696,33877,1881,1,"1"
323.37737277605288,33841,1917,2,"2"
340.40967621302173,33395,2363,29,"26-2-1"
341.91756735182383,33377,2381,1,"1"
342.70802457900527,33359,2399,1,"1"
343.91179274359837,33323,2435,2,"2"
348.35739053171187,33305,2453,1,"1"
349.62388105180401,33287,2471,1,"1"
349.89934131501627,33269,2489,1,"1"
352.62441032657551,33231,2527,3,"1-1-1"
355.45476853224307,33225,2533,2,"1-1"
357.90790853994798,33216,2542,1,"1"
358.1158654147049,33198,2560,1,"1"
365.39272813010268,33133,2625,4,"4"
369.11093889382624,33126,2632,1,"1"
369.57670734493331,33090,2668,2,"1-1"
379.8039768228594,32964,2794,7,"7"
381.41260415166295,32264,3494,39,"39"
383.54418376198095,32246,3512,1,"1"
386.33627955134403,32235,3523,1,"1"
390.07132309951663,32230,3528,1,"1"
392.49731413962917,32212,3546,1,"1"
397.40230824045261,32183,3575,4,"2-1-1"
405.98653864384062,32165,3593,1,"1"
406.31600572080293,32147,3611,1,"1"
411.22764767618594,32129,3629,1,"1"
411.36610134350514,32003,3755,7,"4-3"
414.14478841541705,31985,3773,1,"1"
421.70801006373313,31975,3783,1,"1"
422.13654807143661,31957,3801,1,"1"
432.18246154514901,31951,3807,2,"1-1"
435.49262710809126,31897,3861,3,"2-1"
437.57239280779152,31894,3864,1,"1"
440.83875927556926,31858,3900,2,"2"
441.18310800299196,31739,4019,7,"6-1"
443.52702756419905,31613,4145,7,"7"
444.81165874528295,28975,6783,156,"132-5-4-2-2-2-1-1-1-1-1-1-1-1-1"
449.00677588652195,28891,6867,8,"7-1"
454.54481159680768,28876,6882,1,"1"
456.53674484850592,28861,6897,1,"1"
456.99543136357266,28843,6915,1,"1"
466.83168430261679,28825,6933,1,"1"
467.72288615576343,28813,6945,1,"1"
472.10042146297252,28427,7331,23,"12-7-1-1-1-1"
473.74639293277608,28422,7336,1,"1"
475.04596702674746,28403,7355,3,"2-1"
475.16795624179554,28385,7373,1,"1"
475.63234281497097,28367,7391,1,"1"
476.11843338890759,28331,7427,4,"4"
476.3094748903585,28313,7445,1,"1"
478.28547794995524,28295,7463,1,"1"
479.37666743799997,28259,7499,2,"1-1"
485.62800326556896,28256,7502,1,"1"
486.74939660315539,28249,7509,1,"1"
488.11741650479735,28231,7527,1,"1"
492.31560512749729,28143,7615,5,"2-1-1-1"
492.92718325174127,28125,7633,1,"1"
493.32691910018104,28107,7651,1,"1"
495.27398766554251,28071,7687,2,"2"
495.88703322469019,28056,7702,1,"1"
497.80126456997664,27978,7780,5,"4-1"
501.19544181743026,27834,7924,8,"7-1"
509.45820792673823,27816,7942,1,"1"
509.48306462386239,27798,7960,1,"1"
512.24686029574934,27770,7988,2,"2"
515.56070335131085,27754,8004,1,"1"
517.76487671433642,27736,8022,1,"1"
519.94916894328969,27718,8040,1,"1"
527.01170664101016,27682,8076,2,"2"
528.36521929078015,27653,8105,2,"1-1"
530.75978153117103,27635,8123,1,"1"
531.65617068333245,27617,8141,1,"1"
535.43610463345999,27563,8195,3,"3"
537.44730792707833,27545,8213,1,"1"
544.67311339716139,27394,8364,13,"5-3-2-1-1-1"
548.76778255896079,27376,8382,1,"1"
550.33833835472694,27358,8400,1,"1"
551.58619914492135,27340,8418,1,"1"
556.86812031452371,27322,8436,1,"1"
557.40573299171831,27304,8454,1,"1"
558.54953638652444,27286,8472,1,"1"
563.49006973771338,27268,8490,1,"1"
568.22411185045462,27250,8508,1,"1"
571.12795160614451,27232,8526,1,"1"
572.12140675631588,27214,8544,1,"1"
577.94910791267159,27196,8562,1,"1"
587.33154769735643,27180,8578,1,"1"
592.48122435579455,27162,8596,1,"1"
595.69168082437204,27144,8614,1,"1"
596.70780223324789,27126,8632,1,"1"
599.70420323089991,26834,8924,18,"12-2-2-1-1"
600.15293133736884,26816,8942,1,"1"
601.71906323144322,26805,8953,1,"1"
603.02616064687174,26769,8989,2,"2"
606.21328214163191,26733,9025,2,"2"
606.91833030639862,26722,9036,1,"1"
609.30976407062747,26711,9047,1,"1"
609.64482864619413,0,35758,1529,"1438-91"
----------------------------------------------8
0,35758,0,0,"0"
8.4216323322410389,35755,3,1,"1"
20.132968304438677,35737,21,1,"1"
51.108764373956589,35719,39,1,"1"
62.011251845881027,35701,57,1,"1"
77.023652204421779,35626,132,5,"5"
81.253608680594411,35286,472,19,"18-1"
81.57288450747447,35268,490,1,"1"
89.471495807464095,35265,493,1,"1"
89.857757353774474,35247,511,1,"1"
102.38319163000807,35229,529,1,"1"
121.56566718343373,35228,530,1,"1"
121.72294548027777,35192,566,2,"2"
126.92929128632605,35174,584,1,"1"
135.92371268767212,35156,602,1,"1"
139.16988124296378,34706,1052,25,"23-1-1"
140.39588940727458,34688,1070,1,"1"
144.42596876198377,34676,1082,1,"1"
144.67090156587383,34640,1118,2,"2"
146.6062945904221,34622,1136,1,"1"
150.40398927256615,34612,1146,1,"1"
151.63633339603456,34594,1164,1,"1"
162.15700401417618,34584,1174,1,"1"
164.34144789738855,34566,1192,1,"1"
168.04300792719181,34565,1193,1,"1"
170.73505640676521,34564,1194,1,"1"
171.46607768345635,34563,1195,1,"1"
173.34512903204387,34545,1213,1,"1"
173.74158853003021,34495,1263,3,"3"
177.20320348165248,34477,1281,1,"1"
183.09940854727634,34474,1284,1,"1"
190.37568052884336,34456,1302,1,"1"
195.59531011795991,34438,1320,1,"1"
197.8916725794175,34424,1334,1,"1"
201.196694623665,34406,1352,1,"1"
201.95435378755604,34388,1370,1,"1"
202.20943059635374,34374,1384,2,"2"
203.47310781758762,34373,1385,1,"1"
204.36920187716782,34319,1439,3,"2-1"
204.46672232052163,34301,1457,1,"1"
208.92001643148242,34247,1511,3,"2-1"
209.5845833655986,34229,1529,1,"1"
213.33256331340769,34211,1547,1,"1"
215.13332874144677,34175,1583,2,"2"
219.80131071799826,34031,1727,8,"6-2"
220.37831229900178,34017,1741,1,"1"
221.46103241318124,33999,1759,1,"1"
222.20735409253834,33981,1777,1,"1"
223.27585895169892,33971,1787,1,"1"
231.53360863937951,33953,1805,1,"1"
237.29486352611565,33935,1823,1,"1"
241.15156487827483,33917,1841,1,"1"
241.58143069666102,33899,1859,1,"1"
243.47741819105596,33863,1895,2,"2"
248.98548640526604,33845,1913,1,"1"
250.58266453920581,33827,1931,1,"1"
253.81062271279592,33817,1941,1,"1"
255.19387929414341,33752,2006,4,"4"
255.32136749249247,33734,2024,1,"1"
257.46607548106431,33716,2042,1,"1"
260.2060964987059,33698,2060,1,"1"
261.60003360548666,33680,2078,1,"1"
264.09870210642976,33662,2096,1,"1"
271.31780507330177,33659,2099,1,"1"
277.45604277019402,33641,2117,1,"1"
286.24481919228958,33629,2129,1,"1"
288.75566458883316,33611,2147,1,"1"
289.11533974751001,33485,2273,8,"6-1-1"
291.43267182144609,33467,2291,1,"1"
294.16895500189901,33449,2309,1,"1"
296.39154128488138,33431,2327,1,"1"
297.98253858671512,33413,2345,1,"1"
303.20541045586134,33087,2671,19,"12-3-2-1-1"
303.84903789817275,33051,2707,2,"2"
307.42530989562681,33015,2743,2,"1-1"
309.07117721177002,32997,2761,1,"1"
316.34276269118061,32979,2779,1,"1"
325.53016743774634,32970,2788,1,"1"
327.20846198018558,32952,2806,1,"1"
328.59121718580712,32945,2813,1,"1"
330.16859879984395,32942,2816,1,"1"
331.18918039776889,32924,2834,1,"1"
334.13598031762172,32906,2852,1,"1"
335.85766801513176,32888,2870,1,"1"
342.68541058777032,32872,2886,1,"1"
343.89917450791825,32862,2896,1,"1"
344.49941775382746,32850,2908,1,"1"
351.58907771070602,32780,2978,4,"4"
356.73611934184015,32762,2996,1,"1"
357.7333300806348,32744,3014,1,"1"
358.56144504959616,32737,3021,1,"1"
362.87821622676717,32723,3035,1,"1"
370.95709611009073,32683,3075,3,"2-1"
373.28272875813127,32647,3111,2,"2"
376.20131007643226,32641,3117,2,"1-1"
376.73657627056002,32623,3135,1,"1"
379.25824795852407,32620,3138,1,"1"
379.74899090478237,32617,3141,1,"1"
380.88875341235888,32599,3159,1,"1"
386.06103286864538,32545,3213,3,"3"
391.18766335784221,32527,3231,1,"1"
393.32293751015942,32514,3244,1,"1"
403.8919237406439,32496,3262,1,"1"
411.19213892879799,32452,3306,3,"1-1-1"
412.61312591375491,32434,3324,1,"1"
418.59726051256774,32414,3344,2,"2"
422.20876364556699,32306,3452,6,"5-1"
432.27391900559644,32288,3470,1,"1"
433.34487351249004,32270,3488,1,"1"
440.61129563108284,32252,3506,1,"1"
446.67118340324788,32234,3524,1,"1"
446.86601526881503,32225,3533,1,"1"
447.1129286509331,32207,3551,1,"1"
454.2719581619408,32189,3569,1,"1"
455.20567849831582,32182,3576,1,"1"
457.1804528057508,32164,3594,1,"1"
470.56496146597902,28375,7383,220,"121-55-12-5-4-2-2-2-2-1-1-1-1-1-1-1-1-1-1-1-1-1-1-1"
479.41981360699936,28365,7393,2,"2"
480.91470851638485,28349,7409,1,"1"
484.52884655271464,27469,8289,49,"39-4-1-1-1-1-1-1"
486.5789631477931,27451,8307,1,"1"
488.05177764237402,27433,8325,1,"1"
489.66586453143054,27397,8361,2,"1-1"
491.69343185168361,27379,8379,1,"1"
492.15887462641234,27348,8410,5,"4-1"
495.86709184970198,27312,8446,2,"1-1"
497.73551284950344,27297,8461,1,"1"
498.24466602948354,25075,10683,132,"106-8-2-2-2-1-1-1-1-1-1-1-1-1-1-1-1"
499.42208985260316,25070,10688,1,"1"
502.1988050014682,25052,10706,1,"1"
503.67498392989654,24936,10822,9,"4-2-2-1"
505.57680596099237,24920,10838,1,"1"
506.04330081416231,24884,10874,2,"1-1"
506.53321505979301,24866,10892,1,"1"
511.55105436670198,24812,10946,3,"3"
512.16958110938185,24794,10964,1,"1"
518.69755087909687,24776,10982,1,"1"
519.629485360221,24758,11000,1,"1"
521.86970108552475,24740,11018,1,"1"
524.75563181420409,24733,11025,1,"1"
533.64230702394434,24255,11503,32,"28-1-1-1-1"
535.09200164942149,24117,11641,8,"6-1-1"
536.38722799458071,24081,11677,2,"2"
552.42853217477193,24063,11695,1,"1"
553.34824463749965,24045,11713,1,"1"
554.4901065529524,23973,11785,4,"3-1"
556.10594887324794,23925,11833,3,"3"
557.64718557750484,23914,11844,1,"1"
559.44789962282391,23896,11862,1,"1"
562.10805192944395,23878,11880,1,"1"
562.14156966169992,23820,11938,4,"3-1"
566.81598836747401,23802,11956,1,"1"
566.9972978306904,23791,11967,1,"1"
568.98512387624487,23759,11999,4,"2-2"
569.80193689233681,23688,12070,7,"6-1"
569.84612002866641,0,35758,1360,"1267-93"
----------------------------------------------9
0,35758,0,0,"0"
22.270746119102949,35740,18,1,"1"
25.132509455141491,35739,19,1,"1"
60.939618284793468,35721,37,1,"1"
64.07249895100226,35707,51,1,"1"
74.309021093119028,35689,69,1,"1"
89.802510287083749,35671,87,1,"1"
95.011635510756193,35670,88,1,"1"
95.09778641615145,35652,106,1,"1"
99.864489717809775,35640,118,1,"1"
108.33475959785562,35604,154,2,"1-1"
113.5458596120712,35568,190,2,"1-1"
121.49638566957636,35558,200,1,"1"
129.7409454092321,35542,216,1,"1"
138.59436135114626,35532,226,1,"1"
139.56709489308736,35523,235,1,"1"
146.66845991160633,35505,253,1,"1"
149.88667015098622,35500,258,1,"1"
151.88012064719987,35482,276,1,"1"
158.42155361660613,35464,294,1,"1"
160.29015212877081,35446,312,1,"1"
160.47919520930998,35428,330,1,"1"
164.32975283689268,35410,348,1,"1"
165.75414203614363,35392,366,1,"1"
174.78571444678818,35391,367,1,"1"
178.4442547826992,35373,385,1,"1"
179.04290064358293,35355,403,1,"1"
179.55306291572037,35337,421,1,"1"
187.04206725732678,35319,439,1,"1"
187.76790481143584,35301,457,1,"1"
188.08046571467443,35283,475,1,"1"
194.93950479627759,35265,493,1,"1"
195.84094176841538,35247,511,1,"1"
200.57089127045356,35237,521,1,"1"
202.11541961017906,35219,539,1,"1"
203.82222228016786,35201,557,1,"1"
203.97570822644647,35187,571,1,"1"
204.12723934386491,35169,589,1,"1"
205.58686730584179,35133,625,2,"2"
206.19740405271807,35115,643,1,"1"
206.95872397800224,35097,661,1,"1"
212.79809046424703,35087,671,1,"1"
216.4890005273912,35069,689,1,"1"
219.032508120817,35055,703,2,"2"
220.08316281378822,35037,721,1,"1"
223.37695556301921,35019,739,1,"1"
225.62692013378722,35003,755,1,"1"
227.63078763191572,34985,773,1,"1"
229.68224046811414,34973,785,1,"1"
232.43238604857066,34669,1089,17,"16-1"
237.34459719055783,34651,1107,1,"1"
242.74356942006858,34650,1108,1,"1"
246.77006459494217,34632,1126,1,"1"
247.88525829446345,34621,1137,1,"1"
249.39042191365229,34603,1155,1,"1"
249.95165658468326,34585,1173,1,"1"
251.88148782105711,34567,1191,1,"1"
252.32668064989213,34549,1209,1,"1"
260.61386574220558,34531,1227,1,"1"
262.09943028245704,34513,1245,1,"1"
263.48165177276172,34495,1263,1,"1"
267.15149006018851,34477,1281,1,"1"
269.93231338009872,34459,1299,1,"1"
270.52366266944011,34441,1317,1,"1"
272.96609666849957,34429,1329,1,"1"
276.45690574791649,34416,1342,1,"1"
282.13392611588716,34398,1360,1,"1"
282.41554340622514,34391,1367,1,"1"
284.19518301043757,34373,1385,1,"1"
285.20265102878676,34355,1403,1,"1"
286.20121726967704,34337,1421,1,"1"
287.48486634543258,34319,1439,1,"1"
288.13678266848478,34301,1457,1,"1"
294.14877015940215,34283,1475,1,"1"
295.77996464688567,34265,1493,1,"1"
295.8341261007343,34229,1529,2,"2"
299.97289268052083,32966,2792,77,"59-12-2-1-1-1-1"
305.25890487798267,32948,2810,1,"1"
305.38023811940485,32930,2828,1,"1"
310.71797355372837,32865,2893,4,"4"
310.94910155723659,32847,2911,1,"1"
313.26344947228699,32829,2929,1,"1"
313.84564862580612,32828,2930,1,"1"
315.70325172656067,32819,2939,1,"1"
319.1267042826579,32801,2957,1,"1"
323.41234319578808,32798,2960,1,"1"
326.377791792793,32780,2978,1,"1"
327.0916285831006,32777,2981,1,"1"
328.7098717199317,32741,3017,2,"1-1"
332.71272963997598,32738,3020,1,"1"
333.40531838746455,32720,3038,1,"1"
335.41657552072638,32702,3056,1,"1"
335.93056511569773,32699,3059,1,"1"
335.94238190067784,32645,3113,3,"3"
340.38404994014081,32627,3131,1,"1"
355.27549786105772,32609,3149,1,"1"
362.26309058615732,32606,3152,1,"1"
364.9011145848695,32552,3206,3,"3"
366.00784840623629,32549,3209,1,"1"
369.49130937603798,32520,3238,2,"2"
376.20726642067342,31802,3956,40,"39-1"
382.7065387226686,31585,4173,17,"15-1-1"
384.26018094796524,31531,4227,3,"2-1"
386.28835497254954,31528,4230,1,"1"
406.38445802974917,31492,4266,2,"1-1"
409.14285399306198,31474,4284,1,"1"
415.19306406994684,31393,4365,7,"5-1-1"
415.9294440266255,31375,4383,1,"1"
422.49657634627596,31357,4401,1,"1"
435.39379605590909,31339,4419,1,"1"
437.48743114878613,31336,4422,1,"1"
438.58664639832438,30407,5351,54,"46-2-1-1-1-1-1-1"
440.38585084334284,30375,5383,4,"4"
440.91984190784473,30369,5389,2,"2"
445.74508059012283,30351,5407,1,"1"
447.41042239973922,29767,5991,38,"29-8-1"
448.92505431011449,29749,6009,1,"1"
454.50009268444018,29713,6045,2,"2"
454.92973341271147,29695,6063,1,"1"
455.36229412112419,29597,6161,6,"3-1-1-1"
467.12335188540197,29561,6197,2,"1-1"
472.75032343464915,29335,6423,14,"8-4-1-1"
472.83461520677821,29317,6441,1,"1"
483.63646495414946,29299,6459,1,"1"
485.19960757036591,29281,6477,1,"1"
491.10440605049814,29263,6495,1,"1"
493.2170187003004,28734,7024,40,"28-3-2-2-2-1-1-1"
493.54457611044796,28729,7029,1,"1"
494.10004678832689,28711,7047,1,"1"
494.80552067865233,28693,7065,1,"1"
497.7101053847523,28621,7137,4,"3-1"
497.77954177370293,28585,7173,2,"2"
498.76606152662646,28567,7191,1,"1"
502.81964176691235,28531,7227,2,"2"
505.48889237660217,28513,7245,1,"1"
508.0087340046951,28405,7353,6,"4-1-1"
508.73300126677452,28297,7461,6,"2-2-1-1"
510.5315952819418,28292,7466,1,"1"
511.57182913395468,28274,7484,1,"1"
514.71067237982209,28238,7520,2,"2"
527.22180105480402,28220,7538,1,"1"
532.88046696827359,28202,7556,1,"1"
535.60961191773742,28186,7572,2,"1-1"
538.05114923563451,28168,7590,1,"1"
538.63505631900307,28042,7716,7,"7"
538.79237883210942,27952,7806,5,"2-2-1"
550.04502609540202,27934,7824,1,"1"
551.96835294175389,27924,7834,1,"1"
552.71663684061616,27906,7852,1,"1"
553.38659790628333,27888,7870,1,"1"
560.03244532818826,27870,7888,1,"1"
563.30916552243536,27852,7906,1,"1"
563.34767100696479,27834,7924,1,"1"
568.29423785257006,27816,7942,1,"1"
569.75871887377923,27798,7960,1,"1"
570.52164856717593,27780,7978,1,"1"
571.99912134060446,27474,8284,17,"7-4-2-2-2"
575.32449064414129,27392,8366,5,"3-2"
575.76869213013072,27356,8402,2,"2"
577.04954805166903,27306,8452,6,"3-1-1-1"
578.7224604259992,27213,8545,11,"3-3-2-1-1-1"
583.32096814396675,27051,8707,9,"7-1-1"
585.2515320538464,26251,9507,47,"14-4-4-3-3-3-2-2-2-1-1-1-1-1-1-1-1-1-1"
586.76760792570451,25160,10598,71,"25-22-3-2-2-2-2-2-2-1-1-1-1-1-1-1-1-1"
589.98513944347508,0,35758,1424,"1333-91"
