f,num_active_particles,num_deleted_particles,total_deleted_rods,avalanche_sizes
0,32704,0,0,"0"
21.146352169052996,32686,18,1,"1"
55.406493800967311,32668,36,1,"1"
84.418804877429139,30699,2005,129,"129"
86.307321243008516,30681,2023,1,"1"
102.67363100291823,30680,2024,1,"1"
108.01361468974098,30677,2027,1,"1"
118.00068640125333,30659,2045,1,"1"
129.75129146716696,30658,2046,1,"1"
129.92385652428706,30640,2064,1,"1"
131.16405172527249,30639,2065,1,"1"
135.10138452620765,30638,2066,1,"1"
136.16695257366948,30636,2068,2,"1-1"
137.77417198253821,30634,2070,2,"1-1"
138.19094857164825,30616,2088,1,"1"
140.40689335754379,30606,2098,1,"1"
140.98089335689212,30576,2128,3,"2-1"
144.52508724256853,30558,2146,1,"1"
148.4962876794479,30556,2148,2,"1-1"
150.94831023368465,30546,2158,2,"2"
156.90222073180092,30541,2163,1,"1"
159.72675410759408,30540,2164,1,"1"
159.82989162942383,30522,2182,1,"1"
167.76714290247872,30504,2200,1,"1"
171.36279452706196,30486,2218,1,"1"
175.841655909276,30468,2236,1,"1"
178.44715850984298,30450,2254,1,"1"
180.58258303822765,30432,2272,1,"1"
182.08203801050661,30423,2281,1,"1"
182.93166081360104,30412,2292,3,"3"
185.09820734074398,30394,2310,1,"1"
189.44173798457447,30376,2328,1,"1"
189.59693597185367,30358,2346,1,"1"
190.27609298432787,30340,2364,1,"1"
190.92228540803731,30322,2382,1,"1"
191.98827709525983,30310,2394,1,"1"
194.56403477312418,30300,2404,1,"1"
199.78526703169268,30295,2409,1,"1"
200.22707182076152,30259,2445,2,"1-1"
205.80857464848083,30241,2463,1,"1"
206.540181222038,30240,2464,1,"1"
206.5474395049782,30222,2482,1,"1"
214.69121869541081,30204,2500,1,"1"
216.13513403711636,30186,2518,1,"1"
222.09140860537178,30158,2546,2,"1-1"
225.26886609408226,30140,2564,1,"1"
225.69643371156886,30122,2582,1,"1"
227.81755782755349,30064,2640,6,"3-2-1"
231.59799806376668,30046,2658,1,"1"
236.11559061245666,30028,2676,1,"1"
240.80961662387605,29894,2810,9,"9"
242.17441599265126,29863,2841,2,"2"
244.41963362592941,29862,2842,1,"1"
249.01853132578501,29851,2853,3,"1-1-1"
249.02504379950457,29833,2871,1,"1"
250.20607479075281,29815,2889,1,"1"
268.21802180265524,29780,2924,4,"2-1-1"
269.01700848128388,29775,2929,1,"1"
272.71247921989715,29757,2947,1,"1"
272.88087611387903,29752,2952,1,"1"
285.38360368775028,29742,2962,1,"1"
287.96192510509496,29724,2980,1,"1"
288.71492752930209,29706,2998,1,"1"
292.52423391283008,29670,3034,2,"2"
299.68626024263421,29652,3052,1,"1"
301.21826566442132,29634,3070,1,"1"
306.11575954951996,29631,3073,1,"1"
310.40365116034326,29622,3082,1,"1"
311.45483205321409,29424,3280,11,"5-3-2-1"
312.78450906983062,29406,3298,1,"1"
313.67461925326006,29405,3299,1,"1"
313.78660249421108,29387,3317,1,"1"
317.54804989139484,29369,3335,1,"1"
323.21936222857238,29351,3353,1,"1"
324.66253192692886,29333,3371,1,"1"
327.03230851334177,29206,3498,10,"9-1"
333.79111930570969,29203,3501,1,"1"
335.60024218245945,29193,3511,2,"2"
335.61672753045252,29175,3529,1,"1"
339.29111835489601,29161,3543,1,"1"
344.25310198576688,29147,3557,1,"1"
346.61041209989361,29129,3575,1,"1"
357.7811864561599,29111,3593,1,"1"
359.80101415143702,29097,3607,4,"2-1-1"
366.07682829525999,29079,3625,1,"1"
367.80191112780636,28964,3740,9,"7-2"
373.35308512202164,28955,3749,1,"1"
381.44480531245421,28703,4001,14,"14"
383.53230535893061,28698,4006,1,"1"
387.48325503496534,28689,4015,1,"1"
389.5988352172995,28671,4033,1,"1"
395.67408944542092,28657,4047,1,"1"
403.37118855601852,28639,4065,1,"1"
406.78326575367248,28621,4083,1,"1"
407.04081475998203,28612,4092,1,"1"
410.47556224096462,28540,4164,4,"4"
414.99045077805226,28522,4182,1,"1"
417.00334944092947,28504,4200,1,"1"
418.25652165585313,28414,4290,5,"3-1-1"
422.61795070693955,28216,4488,12,"10-1-1"
424.79336707212298,28144,4560,4,"4"
425.4546765766317,28126,4578,1,"1"
426.92834089596647,28121,4583,1,"1"
431.01474007365516,28103,4601,1,"1"
431.95760471158053,28085,4619,1,"1"
439.6783184612878,28025,4679,4,"4"
439.92040816173488,27989,4715,2,"1-1"
440.02823184360801,27953,4751,2,"1-1"
440.89527506419216,27935,4769,1,"1"
444.7235049684852,27930,4774,1,"1"
446.27247525286856,27894,4810,2,"2"
447.33920828228662,27876,4828,1,"1"
450.25248908634717,27873,4831,1,"1"
451.93475425315546,27855,4849,1,"1"
453.37475529717767,27837,4867,1,"1"
454.62579524421272,27819,4885,1,"1"
454.8679347675926,27795,4909,2,"2"
457.94675670164582,27777,4927,1,"1"
458.35329739831928,27759,4945,1,"1"
458.80097212396117,27741,4963,1,"1"
463.21244587454322,27723,4981,1,"1"
463.95063229711462,27714,4990,1,"1"
469.87747850193318,27607,5097,7,"5-2"
472.22087112343513,27589,5115,1,"1"
473.25993845196604,27513,5191,7,"5-2"
473.51076882286117,27504,5200,1,"1"
480.00506271875412,27486,5218,1,"1"
481.46137410635839,27468,5236,1,"1"
481.53860923856183,27450,5254,1,"1"
481.58268241594186,27445,5259,1,"1"
483.08650111642828,27427,5277,1,"1"
483.73295295294599,27409,5295,1,"1"
483.94166055580041,27318,5386,7,"3-2-2"
485.74972910577435,27300,5404,1,"1"
486.60276142148643,27272,5432,2,"2"
493.61601591572492,26804,5900,26,"22-2-1-1"
494.10047687312391,26799,5905,1,"1"
496.51948576084442,26781,5923,1,"1"
498.05075676309275,26763,5941,1,"1"
502.74597362130118,26745,5959,1,"1"
504.67064371544285,26727,5977,1,"1"
510.31834703647246,26599,6105,8,"5-3"
510.5928614416498,26581,6123,1,"1"
512.6887384641401,26563,6141,1,"1"
512.86411435129833,26533,6171,2,"2"
518.6674606175942,26497,6207,2,"2"
521.12083300473989,26425,6279,4,"3-1"
523.33738465626755,26407,6297,1,"1"
523.50424349914169,26389,6315,1,"1"
524.13363334946575,26053,6651,23,"5-5-4-2-2-1-1-1-1-1"
524.9859525400733,26035,6669,1,"1"
527.47553209793091,25991,6713,4,"2-1-1"
529.3057950342253,25955,6749,2,"1-1"
530.17381224248004,25765,6939,13,"7-5-1"
530.37621772612681,25747,6957,1,"1"
531.82507069357052,25729,6975,1,"1"
532.74263302142447,25693,7011,2,"2"
532.87409461697473,25674,7030,3,"2-1"
535.86524586272913,25656,7048,1,"1"
536.18434202110006,25640,7064,1,"1"
537.80700754507029,25604,7100,2,"2"
541.17773350187281,25586,7118,1,"1"
542.82182238383598,25550,7154,2,"2"
548.17341270201564,25322,7382,17,"10-4-2-1"
549.27023490089391,25286,7418,2,"2"
549.72893268299458,25268,7436,1,"1"
550.39365814217911,25250,7454,1,"1"
551.2793648383489,25214,7490,2,"1-1"
551.33016424161895,25066,7638,9,"4-2-2-1"
552.36211731011906,24882,7822,11,"10-1"
553.89622404402053,24530,8174,20,"13-5-1-1"
554.03266640743675,24476,8228,3,"2-1"
558.05980744908823,24458,8246,1,"1"
558.57848649481821,24372,8332,5,"5"
559.41311527280288,0,32704,1374,"1374"
----------------------------------------------1
0,32704,0,0,"0"
27.048028118032558,32703,1,1,"1"
28.492042297755397,32667,37,2,"1-1"
44.409303100033235,32649,55,1,"1"
56.982931975708979,32631,73,1,"1"
57.737024875117889,32617,87,1,"1"
64.464936570750126,32614,90,1,"1"
72.444623583703518,32560,144,3,"3"
73.320402934376943,32557,147,1,"1"
77.298896679266008,32539,165,1,"1"
81.139592233509106,32521,183,1,"1"
101.00436227551467,32467,237,3,"2-1"
105.42100823250863,32449,255,1,"1"
106.29422359480084,32431,273,1,"1"
120.14382896440645,32413,291,1,"1"
134.69812352072648,32410,294,1,"1"
142.56227253824457,32395,309,1,"1"
149.86550078011038,32385,319,1,"1"
152.59309134485724,32367,337,1,"1"
154.56770261833734,32366,338,1,"1"
161.32407471363626,32360,344,2,"1-1"
161.98134317402983,32359,345,1,"1"
162.69653761737464,32358,346,1,"1"
166.43056527930477,32355,349,1,"1"
166.96102127079988,32337,367,1,"1"
169.07413673787354,32319,385,1,"1"
174.55136048959463,32301,403,1,"1"
176.19887075859401,32300,404,1,"1"
177.87332386925837,30334,2370,132,"123-2-1-1-1-1-1-1-1"
183.57221045634915,30316,2388,1,"1"
184.5735779651138,30090,2614,13,"13"
185.8303977423636,30072,2632,1,"1"
187.8210372471581,30036,2668,2,"2"
196.32662959814715,30018,2686,1,"1"
202.90516782975951,30013,2691,1,"1"
205.30010823087869,30010,2694,1,"1"
212.74308366624115,29998,2706,1,"1"
212.98598082294592,29981,2723,1,"1"
222.00348438725746,29942,2762,4,"2-2"
223.8308379190577,29824,2880,9,"5-3-1"
224.09892293125404,29788,2916,2,"1-1"
225.06793128533218,29770,2934,1,"1"
226.71163693115116,29752,2952,1,"1"
233.45846993953353,29737,2967,7,"2-1-1-1-1-1"
234.20319021829749,29719,2985,1,"1"
236.11456219392656,29701,3003,1,"1"
238.29970398918289,29665,3039,2,"2"
241.27081826115977,29647,3057,1,"1"
241.48602260726679,29629,3075,1,"1"
242.46066733707221,29617,3087,4,"2-1-1"
243.34215355673206,29527,3177,5,"5"
248.89261751692533,29491,3213,2,"1-1"
249.27132120174329,29473,3231,1,"1"
249.37801919012912,29455,3249,1,"1"
251.9725307799979,29437,3267,1,"1"
253.47412582513704,29342,3362,7,"3-3-1"
253.63273261317582,29324,3380,1,"1"
253.67321348280282,29287,3417,4,"3-1"
256.63260139962472,29269,3435,1,"1"
257.1262624380285,29251,3453,1,"1"
257.13352712038699,29233,3471,1,"1"
257.24080539473613,29215,3489,1,"1"
258.09008427769521,29197,3507,1,"1"
258.38848151547603,29179,3525,1,"1"
259.4748610294655,29174,3530,1,"1"
259.84144232372131,29156,3548,1,"1"
264.66245983371232,29150,3554,2,"1-1"
271.57379211534499,29132,3572,1,"1"
271.64803134540199,28718,3986,23,"22-1"
271.82448146294456,28682,4022,2,"1-1"
275.24137515769286,28646,4058,2,"2"
277.92145072569792,28628,4076,1,"1"
279.57674177271207,28610,4094,1,"1"
281.60017749264489,28592,4112,1,"1"
284.95601334756236,28579,4125,1,"1"
285.50906227923389,28561,4143,1,"1"
287.20576206579449,28237,4467,18,"18"
289.51053569826661,28219,4485,1,"1"
290.09632439159884,28051,4653,10,"7-2-1"
293.64258839764443,28048,4656,1,"1"
296.63012196579587,28039,4665,1,"1"
298.07418974831853,28003,4701,2,"1-1"
300.17044465892741,27985,4719,1,"1"
302.45195776536195,27967,4737,1,"1"
303.06585515223924,27903,4801,4,"4"
308.20473811134741,27883,4821,4,"4"
315.82685445690697,27793,4911,5,"5"
316.17881833040309,27757,4947,2,"2"
319.83755235586278,27719,4985,3,"3"
330.55815490380172,27716,4988,1,"1"
338.35921939278035,27698,5006,1,"1"
340.14089953229796,27680,5024,1,"1"
345.62962480397312,27668,5036,2,"1-1"
347.89553837535351,27650,5054,1,"1"
349.46240041972879,27632,5072,1,"1"
353.09678872081088,27614,5090,1,"1"
353.45086806437558,27604,5100,1,"1"
354.26533847869314,27550,5154,3,"3"
355.32247702889481,27536,5168,1,"1"
361.42151976806826,27527,5177,1,"1"
362.93990648366616,27385,5319,9,"8-1"
366.23088441227702,27367,5337,1,"1"
372.8210619516671,27349,5355,1,"1"
375.420524561462,27331,5373,1,"1"
380.44643405639721,27313,5391,1,"1"
384.7969717066224,27295,5409,1,"1"
388.18859386716315,27277,5427,1,"1"
389.78888894422664,27259,5445,1,"1"
390.37889308833644,27241,5463,1,"1"
393.55153741888154,27223,5481,1,"1"
400.15750655761241,27205,5499,1,"1"
404.54323476954926,27151,5553,3,"3"
406.33052554982629,27133,5571,1,"1"
412.86168752937596,27128,5576,1,"1"
414.98880877649083,26971,5733,9,"9"
415.75181679672215,26953,5751,1,"1"
416.12114443769616,26900,5804,5,"2-2-1"
422.18031750898678,26882,5822,1,"1"
423.57085773773053,26846,5858,2,"1-1"
433.58284347060368,26836,5868,2,"1-1"
436.21749019815411,26818,5886,1,"1"
436.91228309600137,26764,5940,3,"2-1"
440.84287734476817,26746,5958,1,"1"
441.17298428362477,26728,5976,1,"1"
445.67218309459599,26710,5994,1,"1"
447.76820723736063,26674,6030,2,"2"
448.07023394710694,26558,6146,7,"6-1"
455.75777870070073,26540,6164,1,"1"
456.1250436871577,26522,6182,1,"1"
457.5359638031818,26507,6197,1,"1"
459.74182925154753,26502,6202,1,"1"
460.7048611549601,26497,6207,1,"1"
464.08493459483782,26484,6220,1,"1"
466.08025146832114,26466,6238,1,"1"
468.88918165366835,26430,6274,2,"1-1"
480.26006965751219,26412,6292,1,"1"
484.09426345755037,26394,6310,1,"1"
485.96642272293161,26376,6328,1,"1"
486.01466661919721,26268,6436,6,"6"
490.2208638660843,26250,6454,1,"1"
491.50820063368559,26232,6472,1,"1"
493.16185540054312,26218,6486,2,"2"
495.03965419381166,26200,6504,1,"1"
497.90056047147033,26182,6522,1,"1"
498.17334057210491,26164,6540,1,"1"
498.9988763052653,26092,6612,4,"2-2"
502.0267876465665,25858,6846,13,"12-1"
505.56919260257973,25840,6864,1,"1"
506.32143822171139,25835,6869,1,"1"
507.67454894379767,25763,6941,4,"1-1-1-1"
509.9524453752025,25753,6951,1,"1"
511.53209570553082,25741,6963,2,"1-1"
511.71381914967873,25620,7084,7,"7"
515.23303380473237,25602,7102,1,"1"
516.42544380019831,25584,7120,1,"1"
520.3859260314656,25568,7136,1,"1"
523.82105643177874,25532,7172,2,"2"
523.94404022164849,25478,7226,3,"2-1"
523.98668745875955,25464,7240,1,"1"
527.41758340032982,25446,7258,1,"1"
527.96714316455189,25405,7299,3,"3"
528.15068457164784,25387,7317,1,"1"
528.62207683499241,25351,7353,2,"1-1"
529.92236444814296,25315,7389,2,"2"
532.50921266988541,25297,7407,1,"1"
533.37611375154268,25279,7425,1,"1"
536.96668432213755,25261,7443,1,"1"
536.99194159456499,25247,7457,1,"1"
540.43294169177284,25225,7479,2,"2"
542.52235648898375,25182,7522,5,"2-2-1"
544.03975999535123,25165,7539,3,"2-1"
547.22612308727003,25147,7557,1,"1"
548.8830912240935,25129,7575,1,"1"
549.21763669724737,25087,7617,3,"3"
550.23920501497776,25051,7653,2,"2"
550.58202832461575,25031,7673,2,"1-1"
551.23808246298074,25013,7691,1,"1"
559.27341511987333,0,32704,1424,"1424"
----------------------------------------------2
0,32704,0,0,"0"
32.708008909957755,32416,288,16,"16"
62.570414935939581,32415,289,1,"1"
63.336426764087783,32397,307,1,"1"
73.075624794167453,30427,2277,130,"129-1"
77.171379103973237,30426,2278,1,"1"
77.394245080228742,30408,2296,1,"1"
83.791049981423072,30390,2314,1,"1"
84.389603120026507,26583,6121,231,"228-1-1-1"
84.960901330154456,26582,6122,1,"1"
88.100041849447933,26564,6140,1,"1"
102.62906315154076,26546,6158,1,"1"
111.26982989124362,26528,6176,1,"1"
118.21898564835739,26527,6177,1,"1"
127.41600434536055,26498,6206,2,"2"
127.80171088113305,26488,6216,1,"1"
128.84565579542678,26470,6234,1,"1"
130.27320755614082,26469,6235,1,"1"
134.66209480159281,26451,6253,1,"1"
136.98992256026381,26433,6271,1,"1"
137.62309666482685,26415,6289,1,"1"
140.13025357801007,26397,6307,1,"1"
141.20955173486183,26379,6325,1,"1"
149.7466192000762,26378,6326,1,"1"
151.92932266911615,26360,6344,1,"1"
153.45187127421491,26342,6362,1,"1"
155.88020986539556,26331,6373,3,"3"
156.56141942915372,26285,6419,6,"4-1-1"
157.39489921140469,26280,6424,1,"1"
158.58494881148394,26262,6442,1,"1"
159.23188289489323,26261,6443,1,"1"
161.70040509045219,26243,6461,1,"1"
168.7301919131333,26225,6479,1,"1"
169.9725634323851,26222,6482,3,"2-1"
170.61693204781614,26217,6487,1,"1"
173.17349288727905,26199,6505,1,"1"
173.60832480322458,26163,6541,2,"1-1"
174.21522576559386,26145,6559,1,"1"
174.67524669208581,26142,6562,1,"1"
175.87395324091966,26124,6580,1,"1"
180.4668292370676,26119,6585,1,"1"
182.68585011351598,26101,6603,1,"1"
184.96706790006846,26098,6606,1,"1"
186.6115654329989,26080,6624,1,"1"
188.93077009217328,26066,6638,1,"1"
190.4008174194885,26048,6656,1,"1"
192.41220716604107,26030,6674,1,"1"
193.78542590455115,26025,6679,1,"1"
194.01283695801058,26007,6697,1,"1"
194.50964465332638,25998,6706,1,"1"
195.84143825551826,25980,6724,1,"1"
198.36554076917301,25966,6738,1,"1"
200.65841774485847,25948,6756,1,"1"
202.98790048835511,25867,6837,5,"5"
204.22971034789518,25849,6855,1,"1"
204.61012578307049,25831,6873,1,"1"
208.25428142729609,25822,6882,3,"1-1-1"
209.92836434501882,25786,6918,2,"1-1"
212.7491733103661,25768,6936,1,"1"
213.37774943094536,25750,6954,1,"1"
214.51415108835255,25745,6959,1,"1"
216.17945527838398,25727,6977,1,"1"
216.48069503462011,25724,6980,1,"1"
216.57132858067598,25706,6998,1,"1"
217.51959903544403,25688,7016,1,"1"
217.64558764222659,25685,7019,1,"1"
224.71344203576379,25667,7037,1,"1"
231.57265078620463,25649,7055,1,"1"
238.16713124276856,25621,7083,2,"2"
240.76100481589995,25603,7101,1,"1"
241.21120136550522,25600,7104,1,"1"
243.13870392731607,25595,7109,1,"1"
244.06966814595339,25577,7127,1,"1"
249.49966240332597,25505,7199,4,"3-1"
253.54961452999885,25487,7217,1,"1"
255.1149218922082,25478,7226,3,"3"
255.65601081223116,25460,7244,1,"1"
256.07920352966846,25442,7262,1,"1"
256.4462560567485,25424,7280,1,"1"
265.76568710215309,25415,7289,1,"1"
279.55427850353607,25307,7397,6,"6"
281.68230084637264,25289,7415,1,"1"
284.4190011612144,25271,7433,1,"1"
292.51677425036024,25200,7504,4,"4"
297.56705059437445,25182,7522,1,"1"
300.70325159808692,25168,7536,2,"2"
302.36807178762336,25163,7541,1,"1"
303.47610830883474,25145,7559,1,"1"
303.91219054729214,25127,7577,1,"1"
304.68159976248666,25109,7595,1,"1"
309.97372404546178,25091,7613,1,"1"
311.80027656867816,25073,7631,1,"1"
322.61008885000427,25055,7649,1,"1"
328.59111853453823,25037,7667,1,"1"
329.52795999661265,24965,7739,4,"4"
330.44191751530508,24808,7896,9,"9"
333.525505552357,24754,7950,3,"3"
340.02832077248081,24736,7968,1,"1"
343.38504583920684,24718,7986,1,"1"
350.35032228847979,24700,8004,1,"1"
355.39211560472779,24664,8040,2,"1-1"
359.90317030455157,24592,8112,4,"4"
364.73799993388525,24574,8130,1,"1"
364.82100710360703,24512,8192,7,"2-2-2-1"
370.16153035270156,24494,8210,1,"1"
374.39183807656292,24476,8228,1,"1"
375.27207758787245,24458,8246,1,"1"
377.7845956995655,24440,8264,1,"1"
391.39672578173059,24422,8282,1,"1"
391.98936054573983,24404,8300,1,"1"
399.99430568231367,24401,8303,1,"1"
402.07903847618081,24367,8337,6,"5-1"
402.44841245383782,24317,8387,3,"3"
404.67841526635402,24299,8405,1,"1"
405.42074136471638,24281,8423,1,"1"
407.67593601599697,24227,8477,3,"2-1"
410.49118867503751,23579,9125,38,"34-2-1-1"
410.80852994377705,23561,9143,1,"1"
410.99605562058554,23543,9161,1,"1"
412.66350471708978,23538,9166,1,"1"
412.70285893963961,23430,9274,6,"2-1-1-1-1"
412.83073056238129,23394,9310,2,"2"
413.74682737359842,23362,9342,2,"2"
418.22206081276954,23330,9374,2,"2"
420.98892764807681,23312,9392,1,"1"
422.85900880772635,23294,9410,1,"1"
426.13161927927047,23276,9428,1,"1"
442.3541343854248,22982,9722,17,"14-1-1-1"
444.04992938365808,22964,9740,1,"1"
446.03385019792034,22957,9747,1,"1"
446.71652511566913,22939,9765,1,"1"
447.44082855974051,22897,9807,3,"3"
448.24082669866613,22627,10077,15,"15"
448.55166597186485,22481,10223,10,"8-1-1"
449.56400549591638,22445,10259,2,"2"
450.98269764353387,22291,10413,10,"6-3-1"
455.46591710241881,22257,10447,2,"2"
466.77282700806603,22248,10456,1,"1"
470.25084360184428,0,32704,1264,"1264"
----------------------------------------------3
0,32704,0,0,"0"
37.285478804170914,32686,18,1,"1"
58.48063694262796,32685,19,1,"1"
60.030266170482562,32667,37,1,"1"
61.821378097908323,32649,55,1,"1"
69.732087818473374,32648,56,1,"1"
73.095420477264327,32630,74,1,"1"
73.572356912970221,32612,92,1,"1"
74.502944831328222,32594,110,1,"1"
76.172224319131359,32593,111,1,"1"
79.90909682749529,32575,129,1,"1"
87.605189465113227,32570,134,1,"1"
88.246666856255217,32552,152,1,"1"
99.182653637749382,32534,170,1,"1"
115.13080388165541,32533,171,1,"1"
117.16493343318255,32532,172,1,"1"
117.49143366912821,32531,173,1,"1"
121.84971313853961,32530,174,1,"1"
124.43016401600761,30539,2165,134,"129-1-1-1-1-1"
128.40962675042184,30521,2183,1,"1"
132.17936628611793,30515,2189,2,"2"
132.97221359948347,30514,2190,1,"1"
137.34458294053658,30496,2208,1,"1"
138.12228987045245,30478,2226,1,"1"
147.68558306467492,30252,2452,13,"13"
161.15648169105697,30251,2453,1,"1"
162.12159143622759,30233,2471,1,"1"
162.31648723232928,30215,2489,1,"1"
164.02956790035213,30205,2499,1,"1"
166.32094417724983,30187,2517,1,"1"
173.29195719666859,30178,2526,1,"1"
173.61207721737554,30160,2544,1,"1"
186.81109505926344,30156,2548,2,"1-1"
190.45883613157906,30138,2566,1,"1"
191.93613128150923,30084,2620,3,"2-1"
196.89305634356703,30071,2633,1,"1"
202.56761928328427,30053,2651,1,"1"
203.29382167576262,30035,2669,1,"1"
210.40057475435805,30021,2683,1,"1"
211.1505270661066,30003,2701,1,"1"
212.2412175908525,29991,2713,1,"1"
213.24053970238808,29981,2723,1,"1"
218.13394283578842,29963,2741,1,"1"
224.23276270138751,29945,2759,1,"1"
226.05704975514848,29675,3029,15,"15"
226.16801905998381,29670,3034,1,"1"
226.48949421023508,29652,3052,1,"1"
229.3089395635734,29634,3070,1,"1"
233.05992848970277,29616,3088,1,"1"
235.22754611475656,29598,3106,1,"1"
235.33062049893354,29596,3108,2,"1-1"
238.23311874947314,29434,3270,9,"5-2-1-1"
243.24084205212034,29416,3288,1,"1"
246.36981727618311,29382,3322,3,"3"
249.73805072763511,29373,3331,1,"1"
251.99318456663488,29372,3332,1,"1"
252.41139414217736,29361,3343,3,"3"
253.17448805351944,29343,3361,1,"1"
253.53383137047683,29325,3379,1,"1"
254.13904535464127,29307,3397,1,"1"
254.40685405948747,29304,3400,1,"1"
255.92866461108389,29286,3418,1,"1"
256.72111804271884,29285,3419,1,"1"
261.21902797120089,29276,3428,1,"1"
267.10422681842931,29265,3439,1,"1"
267.25923266156963,29247,3457,1,"1"
270.18494421066146,29229,3475,1,"1"
271.60139374297103,29193,3511,2,"1-1"
275.95374228207237,29175,3529,1,"1"
276.91478119365496,29170,3534,1,"1"
279.32538910789179,29152,3552,1,"1"
280.14367073670252,29134,3570,1,"1"
285.2256607396796,29116,3588,2,"1-1"
288.49958939963869,29098,3606,1,"1"
290.69261602459841,29053,3651,3,"3"
290.73998794136611,29048,3656,1,"1"
298.66878701585682,29030,3674,1,"1"
299.99509811493738,29012,3692,1,"1"
304.97879212326438,28947,3757,13,"5-3-1-1-1-1-1"
305.10383097721768,28929,3775,1,"1"
307.81756602267774,28915,3789,1,"1"
317.03242430607554,28897,3807,1,"1"
317.37766303379203,28879,3825,1,"1"
324.22008992841404,28870,3834,3,"3"
330.32465654248091,28856,3848,1,"1"
334.3268880897383,28851,3853,1,"1"
334.46052711532366,28797,3907,3,"3"
335.92151958969276,28779,3925,1,"1"
336.00226585966959,28761,3943,1,"1"
340.85758186331259,28743,3961,1,"1"
345.25985734027489,28671,4033,4,"4"
349.55920709892052,28419,4285,14,"13-1"
351.20488801742704,28401,4303,1,"1"
351.57582795261283,28383,4321,1,"1"
353.48897806936333,28131,4573,14,"14"
366.37033508622409,28117,4587,1,"1"
369.96255090267414,27793,4911,18,"14-3-1"
376.96144371203843,27757,4947,2,"1-1"
377.32079744242736,27739,4965,1,"1"
377.58124815733191,27703,5001,2,"2"
377.63777356773261,27613,5091,5,"5"
378.74959948265314,27595,5109,1,"1"
378.95991353423386,27479,5225,7,"7"
378.98447468405953,27335,5369,8,"5-3"
379.19316245413364,27317,5387,1,"1"
379.69723980734807,27281,5423,2,"2"
389.70816125468156,27263,5441,1,"1"
391.59122667329819,27227,5477,2,"1-1"
393.51851666557457,27209,5495,1,"1"
397.89150386192165,27130,5574,7,"7"
402.50765064751414,27112,5592,1,"1"
405.62451224054166,27094,5610,1,"1"
408.60085599242518,27089,5615,1,"1"
413.59369599844541,26459,6245,35,"35"
413.75520726015088,26450,6254,1,"1"
415.4391662574933,26414,6290,2,"2"
418.84871795199138,26396,6308,1,"1"
423.44511865968076,26382,6322,1,"1"
424.57027398649331,26284,6420,8,"7-1"
425.87605838754189,26266,6438,1,"1"
426.51708750119371,26263,6441,1,"1"
426.63206426891873,26236,6468,2,"2"
428.33391973150196,26102,6602,8,"7-1"
428.650846521983,25990,6714,7,"3-1-1-1-1"
429.05616094220841,25985,6719,1,"1"
430.34491938114309,25967,6737,1,"1"
435.40436857094926,25808,6896,10,"8-2"
439.90594362434769,25790,6914,1,"1"
440.64177223805876,25781,6923,1,"1"
441.11767131607382,25763,6941,1,"1"
447.53800881375366,25749,6955,2,"2"
450.66744697937958,25731,6973,1,"1"
453.30749424350444,25722,6982,1,"1"
457.0500897248811,25704,7000,1,"1"
458.97613271857784,25686,7018,1,"1"
460.10727675250382,25681,7023,1,"1"
461.4931524599466,25668,7036,1,"1"
464.03893432661516,25650,7054,1,"1"
465.79601640227429,25632,7072,1,"1"
470.31871269771341,25614,7090,1,"1"
471.25075922105663,25470,7234,8,"8"
474.09004393342894,25434,7270,2,"2"
482.03463993721834,25416,7288,1,"1"
482.72206090386896,25409,7295,1,"1"
487.58839753708349,25316,7388,6,"6"
488.78532922243306,25298,7406,1,"1"
492.84960774290005,25280,7424,1,"1"
495.25872359389604,25244,7460,2,"2"
495.91903954216508,25226,7478,1,"1"
500.21665527829265,25154,7550,4,"4"
500.37269761251605,25137,7567,1,"1"
503.77113226663511,25101,7603,2,"2"
511.30201755607521,25083,7621,1,"1"
511.45202676608051,25065,7639,1,"1"
519.47676318710739,25047,7657,1,"1"
522.73173288571161,0,32704,1430,"1430"
----------------------------------------------4
0,32704,0,0,"0"
37.257272451989614,32686,18,1,"1"
61.278899753996647,32650,54,2,"1-1"
66.220304123017925,32639,65,1,"1"
73.090527595700948,32621,83,1,"1"
84.624668049963788,32618,86,1,"1"
86.045499277161582,32617,87,1,"1"
86.132470327858528,32599,105,1,"1"
88.565252063052569,32581,123,1,"1"
88.763855678430943,32580,124,1,"1"
97.403619051663924,32562,142,1,"1"
109.69060797142455,32544,160,1,"1"
115.81016838448988,32508,196,2,"2"
118.25775435416055,32507,197,1,"1"
121.59847098049148,32506,198,1,"1"
122.66808177299156,32488,216,1,"1"
126.44470843315219,32470,234,1,"1"
131.00445661390251,32452,252,1,"1"
131.33929384884885,32434,270,1,"1"
134.31587044267175,32416,288,1,"1"
136.0239450262788,32415,289,1,"1"
145.61989245140941,32397,307,1,"1"
152.71882779211251,32352,352,3,"3"
152.72189866497317,32334,370,1,"1"
154.04623826317911,32323,381,3,"2-1"
155.48680722297337,32322,382,1,"1"
157.95795918145021,32268,436,3,"2-1"
158.34364964917913,32267,437,1,"1"
161.65657270134633,32244,460,5,"5"
165.27271674248786,32226,478,1,"1"
167.63518241663854,32208,496,1,"1"
169.05563689414438,32190,514,1,"1"
169.53797867551478,32179,525,3,"3"
169.76594566436336,32165,539,1,"1"
171.92759730730552,32164,540,1,"1"
174.27373251136996,32146,558,1,"1"
176.07257330405687,32128,576,1,"1"
177.13179589890044,32110,594,1,"1"
179.31645066468531,32101,603,1,"1"
179.8311081423372,32083,621,1,"1"
183.06110226818052,32065,639,1,"1"
184.78065195396391,32047,657,1,"1"
189.06716395778665,32029,675,1,"1"
193.55859447220956,32011,693,1,"1"
197.08680729431674,31993,711,1,"1"
199.29092244227823,31975,729,1,"1"
199.67058723699918,31970,734,1,"1"
204.09189864304068,31952,752,1,"1"
207.91620846522227,31951,753,1,"1"
208.75830497705144,31942,762,1,"1"
210.93139731371807,31924,780,1,"1"
214.1589266383144,31636,1068,16,"16"
215.30723180958083,31622,1082,2,"2"
215.46623357966584,29684,3020,127,"119-2-1-1-1-1-1-1"
219.88826239017425,29666,3038,1,"1"
220.29243280029792,29665,3039,1,"1"
222.80491381935869,29664,3040,1,"1"
224.50224089297197,29646,3058,1,"1"
224.67565595136253,29628,3076,1,"1"
225.10056535026024,29618,3086,1,"1"
227.16424335619195,29600,3104,1,"1"
228.33561796427259,29582,3122,1,"1"
228.43447313077539,29573,3131,1,"1"
228.98973156211363,29571,3133,2,"1-1"
230.3599187732973,29566,3138,1,"1"
231.91645510779216,29548,3156,1,"1"
232.74758941412466,29542,3162,2,"1-1"
233.42127262870255,29524,3180,1,"1"
237.0137634029403,29506,3198,1,"1"
240.18203723845491,29488,3216,1,"1"
252.22818833808347,29470,3234,1,"1"
252.71966284762811,29236,3468,13,"7-3-2-1"
255.4991470916203,29218,3486,1,"1"
256.8960215929128,29215,3489,1,"1"
263.42970250169384,29029,3675,11,"7-2-1-1"
266.14023221831508,29011,3693,1,"1"
268.02727581361302,28993,3711,1,"1"
271.60340062142393,28984,3720,1,"1"
276.81972010398277,28981,3723,1,"1"
280.45675650322448,28976,3728,1,"1"
281.16119019301607,28958,3746,1,"1"
283.36052084637902,28940,3764,1,"1"
285.02649359992506,28930,3774,1,"1"
288.92316144485227,28929,3775,1,"1"
293.72401652942045,28911,3793,1,"1"
294.06361674406821,28893,3811,1,"1"
296.45687986964253,28876,3828,1,"1"
299.30964777090531,28840,3864,2,"1-1"
304.98145737324137,28837,3867,1,"1"
312.96767183510116,28819,3885,1,"1"
313.21431779714192,28801,3903,1,"1"
316.87131157097485,28796,3908,1,"1"
318.96362434255201,28760,3944,2,"1-1"
327.46768460975863,28742,3962,1,"1"
335.05539783475234,28724,3980,1,"1"
335.96563784621401,28721,3983,1,"1"
339.0754543617972,28703,4001,1,"1"
342.83019713898364,28685,4019,1,"1"
343.27225904081763,28677,4027,2,"1-1"
343.99183372303025,28533,4171,8,"7-1"
344.8098635538845,28519,4185,1,"1"
350.16375725588136,28429,4275,5,"4-1"
350.40444861497065,28411,4293,1,"1"
359.17946748760176,28393,4311,1,"1"
360.45675964465772,28339,4365,3,"1-1-1"
362.73373196211571,28321,4383,1,"1"
363.51751829032514,28312,4392,3,"3"
364.50924404973131,28294,4410,1,"1"
367.10485648847555,28258,4446,2,"2"
374.84112405953459,28240,4464,1,"1"
380.62363036759484,28186,4518,3,"3"
397.74110722881198,28181,4523,1,"1"
399.90127622008021,28163,4541,1,"1"
403.57437305810407,28145,4559,1,"1"
406.61882587879143,28127,4577,1,"1"
409.26830325720897,28117,4587,1,"1"
409.69289485134595,28099,4605,1,"1"
415.57588511839566,28068,4636,2,"2"
422.21547551957684,28063,4641,1,"1"
424.11841955918942,28027,4677,2,"2"
426.24249758233299,27870,4834,9,"9"
426.40867836236202,27726,4978,8,"7-1"
426.94566250654867,27708,4996,1,"1"
429.72487853669486,27675,5029,2,"2"
432.12673262201736,27493,5211,12,"10-1-1"
434.35056591040791,27475,5229,1,"1"
435.83703016131551,27439,5265,2,"2"
436.9446725764746,27421,5283,1,"1"
437.27529229040238,27403,5301,1,"1"
439.55455397840723,27189,5515,13,"11-1-1"
440.89940403253689,27180,5524,1,"1"
448.23392122852505,27175,5529,1,"1"
448.45146145201653,27163,5541,1,"1"
454.7103219238324,27145,5559,1,"1"
456.33878835897582,27136,5568,1,"1"
458.87843027350726,27118,5586,1,"1"
459.19477788093479,27109,5595,1,"1"
463.25555428897769,27100,5604,1,"1"
467.0672041125726,27082,5622,1,"1"
468.38886913678658,27073,5631,1,"1"
469.93067066807805,27055,5649,1,"1"
470.31898614771939,27037,5667,1,"1"
470.89303662146438,26983,5721,3,"3"
473.92897271147643,26965,5739,1,"1"
474.34780000654467,26929,5775,2,"2"
477.92285726434608,26803,5901,7,"7"
489.12848167386562,26789,5915,1,"1"
490.98639580766496,26771,5933,1,"1"
491.16618019012475,26753,5951,1,"1"
494.00323558099541,26717,5987,2,"2"
497.23421532087048,26594,6110,9,"6-1-1-1"
500.08041308281395,26576,6128,1,"1"
502.31202410197858,26486,6218,6,"4-2"
502.86042567125554,26468,6236,1,"1"
505.27918811671191,26396,6308,4,"1-1-1-1"
511.13543614970069,26378,6326,1,"1"
512.50478340728478,26324,6380,3,"1-1-1"
512.83903984769563,26306,6398,1,"1"
514.32260448813838,26299,6405,1,"1"
514.34426793804744,26209,6495,5,"1-1-1-1-1"
517.93842270591631,26191,6513,1,"1"
518.3636626878764,26149,6555,3,"3"
518.49201774420317,26131,6573,1,"1"
521.95889831918532,26113,6591,1,"1"
527.73316733338265,26095,6609,1,"1"
530.16957943973466,25977,6727,16,"5-4-2-1-1-1-1-1"
530.79868294887228,25972,6732,1,"1"
537.40457836416317,25954,6750,1,"1"
540.3586351271548,25786,6918,11,"7-1-1-1-1"
541.94506884902194,25768,6936,1,"1"
542.83811194136456,25246,7458,29,"15-6-1-1-1-1-1-1-1-1"
547.01968878257594,25241,7463,1,"1"
548.80088300757507,25043,7661,11,"4-3-1-1-1-1"
551.91738948204727,25007,7697,2,"1-1"
554.79444212701173,24611,8093,24,"21-1-1-1"
555.21707477842062,24593,8111,1,"1"
556.74669601229573,24575,8129,1,"1"
557.25291983218347,24543,8161,2,"1-1"
557.32947677195943,24507,8197,2,"2"
557.50963546621847,24453,8251,3,"3"
561.02195469026867,24237,8467,12,"9-1-1-1"
561.81580145319401,24219,8485,1,"1"
564.00539595729072,24101,8603,8,"5-2-1"
564.41333756877464,23903,8801,11,"9-1-1"
564.95237157443125,23867,8837,2,"2"
566.14747743704243,0,32704,1356,"1356"
----------------------------------------------5
0,32704,0,0,"0"
36.582574072917851,32686,18,1,"1"
43.291964535366439,32668,36,1,"1"
48.644182376779362,32650,54,1,"1"
51.005980145967541,32649,55,1,"1"
54.485870426726486,32631,73,1,"1"
56.472743219314367,32613,91,1,"1"
67.195780659118938,32595,109,1,"1"
67.777867689432028,32581,123,1,"1"
73.883618473667212,32563,141,1,"1"
86.971589554241874,32545,159,1,"1"
88.536591027634344,32544,160,1,"1"
97.798077031986026,32537,167,3,"1-1-1"
100.1298901382617,30596,2108,133,"127-2-1-1-1-1"
102.09497922367449,30595,2109,1,"1"
106.91155854611121,30577,2127,1,"1"
115.58455337226479,30576,2128,1,"1"
117.56852762860068,30566,2138,1,"1"
117.77944790790571,30548,2156,1,"1"
118.26029368564794,30512,2192,2,"2"
120.38397977210214,30511,2193,1,"1"
120.85593612372837,30493,2211,1,"1"
124.02959121357043,30475,2229,1,"1"
124.97812563358659,30457,2247,1,"1"
131.5444292792815,30439,2265,1,"1"
146.55764902153959,30421,2283,1,"1"
146.81471521125411,30403,2301,1,"1"
147.13557119208983,30392,2312,3,"3"
147.1618128936133,30363,2341,2,"2"
150.57378176884811,30354,2350,1,"1"
156.02570105050677,30336,2368,1,"1"
160.0169939544991,30331,2373,1,"1"
161.07559597165505,30313,2391,1,"1"
167.16263231343208,30307,2397,2,"2"
167.68997896316293,30289,2415,1,"1"
168.49656989516521,30288,2416,1,"1"
169.16568675782148,30270,2434,1,"1"
170.49368526627811,30252,2452,1,"1"
177.44896426196883,30251,2453,1,"1"
177.94085480930698,30233,2471,1,"1"
179.23973063218162,30215,2489,1,"1"
183.33041580370116,30063,2641,10,"9-1"
185.13008696929805,30045,2659,1,"1"
188.33152708755145,30027,2677,1,"1"
189.44797426698716,30009,2695,1,"1"
198.09155399270529,29991,2713,1,"1"
199.74294508640753,29847,2857,8,"5-2-1"
202.69018620632849,29846,2858,1,"1"
212.22923318731006,29828,2876,1,"1"
213.97159051989979,29792,2912,2,"1-1"
216.02102066042966,29774,2930,1,"1"
217.52780880574426,29756,2948,1,"1"
226.85243571177867,29755,2949,1,"1"
230.08936919768837,29737,2967,1,"1"
232.31475418445953,29719,2985,1,"1"
233.88204430158538,29683,3021,2,"1-1"
243.62764931157764,29665,3039,1,"1"
247.3456200681166,29651,3053,2,"2"
251.20320659260921,29650,3054,1,"1"
252.31573306776482,29645,3059,1,"1"
254.07762819382916,29627,3077,1,"1"
254.99834539189487,29609,3095,1,"1"
255.60524896818103,29591,3113,1,"1"
258.13101492059053,29573,3131,1,"1"
263.43937888912961,29555,3149,1,"1"
263.62621047717568,29538,3166,1,"1"
264.6335844268479,29526,3178,2,"1-1"
266.05806224353421,29508,3196,1,"1"
266.07224408158828,29490,3214,1,"1"
266.45224615577865,29472,3232,1,"1"
266.60348752962324,29458,3246,2,"1-1"
271.24993671064959,29440,3264,1,"1"
272.06743038396496,29434,3270,2,"2"
272.4264996241713,29398,3306,2,"1-1"
276.85066250896438,29270,3434,12,"6-3-2-1"
279.07648260922412,29263,3441,1,"1"
286.01837178481645,29245,3459,1,"1"
300.0749169213089,29083,3621,9,"4-3-1-1"
301.30240673724433,29065,3639,1,"1"
304.64494151515089,29062,3642,1,"1"
305.52010183479126,29059,3645,1,"1"
310.20879830153649,29041,3663,1,"1"
318.09303468142411,29023,3681,1,"1"
330.56117151959722,29005,3699,1,"1"
337.61526649446512,28987,3717,1,"1"
338.18042590260126,28973,3731,1,"1"
338.70986386895095,28955,3749,4,"3-1"
340.23199576573262,28937,3767,1,"1"
343.6160333632057,28934,3770,1,"1"
343.90995478315637,28808,3896,8,"8"
350.9705031309785,28780,3924,2,"2"
356.29693951553173,28762,3942,1,"1"
365.63267785257068,28744,3960,1,"1"
374.00981571034009,28728,3976,1,"1"
375.62496692153712,28710,3994,1,"1"
377.31562448181347,28674,4030,2,"2"
377.90570501957166,28665,4039,1,"1"
379.82670164209463,28647,4057,1,"1"
384.41061072185198,28628,4076,3,"3"
388.05909473529482,28610,4094,1,"1"
394.48293436486301,28592,4112,1,"1"
395.22572600341817,28574,4130,1,"1"
399.51356275355931,28556,4148,1,"1"
401.76244878752834,28276,4428,16,"14-1-1"
407.435121230584,28258,4446,1,"1"
409.31903292823495,28240,4464,1,"1"
411.17603883577226,28222,4482,1,"1"
411.43161516947009,28213,4491,1,"1"
412.15367319845524,28123,4581,5,"5"
414.18044467969429,28096,4608,3,"3"
425.94468946701357,28024,4680,4,"4"
426.40342870478781,27988,4716,2,"2"
429.3489987059466,27935,4769,3,"3"
433.63338361468192,27917,4787,1,"1"
438.56615318793723,27827,4877,5,"2-1-1-1"
441.19397946849404,27809,4895,1,"1"
442.93419837764355,27791,4913,1,"1"
444.93708592215285,27786,4918,1,"1"
445.65435779157275,27768,4936,1,"1"
448.20405199835454,27750,4954,1,"1"
452.24344914643905,27718,4986,2,"2"
452.69944522646807,27678,5026,4,"3-1"
454.4392229563876,27660,5044,1,"1"
455.00889183617488,27642,5062,1,"1"
457.10180771198605,27598,5106,3,"3"
457.61557112728826,27580,5124,1,"1"
461.75685507738115,27564,5140,1,"1"
463.89723485816245,27546,5158,1,"1"
466.04668701422196,27528,5176,1,"1"
473.36337154964878,27510,5194,1,"1"
474.8202803824953,27492,5212,1,"1"
482.95605076623184,27463,5241,2,"2"
484.73091916517842,27445,5259,1,"1"
485.02286792405908,27409,5295,2,"2"
486.53932818510037,27391,5313,1,"1"
486.86739141145671,27355,5349,2,"2"
487.92220127986565,27337,5367,1,"1"
488.79265811441002,27319,5385,1,"1"
490.08625531658254,27301,5403,1,"1"
491.37772925841642,27246,5458,6,"2-2-1-1"
492.54302975881086,27233,5471,1,"1"
494.59329499548835,27197,5507,2,"2"
500.59064338240211,27179,5525,1,"1"
502.12449968859431,27176,5528,1,"1"
502.85802364125959,27025,5679,12,"5-2-2-2-1"
503.44541671514514,27007,5697,1,"1"
504.22796969053684,26989,5715,1,"1"
506.18104460624983,26773,5931,12,"12"
508.29389005119452,26755,5949,1,"1"
511.04059123064661,26723,5981,2,"1-1"
515.30746673729527,26713,5991,1,"1"
515.58796428185337,26645,6059,6,"4-2"
515.68141831666003,26579,6125,5,"3-2"
516.63854442622005,26492,6212,6,"3-2-1"
517.70743152844773,26474,6230,1,"1"
519.32479095683755,26460,6244,1,"1"
519.74438687852069,26442,6262,1,"1"
522.9336527119176,26406,6298,2,"2"
525.91901306290856,26388,6316,1,"1"
528.31922178886748,25839,6865,31,"27-2-1-1"
536.34015440356472,25821,6883,1,"1"
537.97724446737402,25816,6888,1,"1"
538.56450235352156,25811,6893,1,"1"
542.7338069090265,25757,6947,3,"3"
543.27247571525015,25739,6965,1,"1"
544.86693380863289,25721,6983,1,"1"
548.07908568164692,25703,7001,1,"1"
549.69571105058765,25691,7013,1,"1"
549.81017573363101,25655,7049,2,"2"
553.46183894180933,25385,7319,15,"10-5"
553.71721677722076,25331,7373,3,"2-1"
554.50581880602476,25116,7588,12,"5-4-2-1"
562.8076630970952,25044,7660,4,"2-1-1"
565.04567383360029,25030,7674,1,"1"
566.18075601449448,25012,7692,1,"1"
566.4106405837947,24994,7710,1,"1"
569.31297435514034,24980,7724,1,"1"
569.61909157048115,24962,7742,1,"1"
569.74400200988873,24944,7760,1,"1"
571.61853488661006,24926,7778,1,"1"
574.49283345055392,24908,7796,1,"1"
574.60537426707913,24656,8048,14,"14"
574.67490866016863,24620,8084,2,"2"
578.33189484800926,24602,8102,1,"1"
581.51893348743351,24588,8116,1,"1"
581.57561142852671,24498,8206,5,"4-1"
582.38618139554421,24444,8260,3,"3"
583.5328689646808,24426,8278,1,"1"
584.10169474596375,24408,8296,1,"1"
584.2881260720817,24390,8314,1,"1"
590.08275295975318,24377,8327,1,"1"
592.33282885391895,24359,8345,1,"1"
595.81970103053823,0,32704,1384,"1384"
----------------------------------------------6
0,32704,0,0,"0"
67.895266392996731,32703,1,1,"1"
69.084335272590977,32685,19,1,"1"
70.507239916418655,32667,37,1,"1"
73.655873638502541,32666,38,1,"1"
79.117862758293086,32648,56,1,"1"
95.832765537044821,32280,424,21,"17-2-2"
96.135890490192992,32279,425,1,"1"
96.757960036826802,32261,443,1,"1"
101.98712658371534,32243,461,1,"1"
106.99626097852978,32242,462,1,"1"
114.17865879891883,32241,463,1,"1"
130.04787954861575,32223,481,1,"1"
137.45861370222084,32205,499,1,"1"
137.88286929031747,32195,509,1,"1"
140.0910800144238,32177,527,1,"1"
140.86171708625406,32165,539,1,"1"
144.0215426454613,32164,540,1,"1"
145.33391297135435,32128,576,2,"1-1"
146.29165655366796,32092,612,2,"1-1"
146.38036915305048,32074,630,1,"1"
147.04411961037047,32056,648,1,"1"
157.94095267070941,32055,649,1,"1"
160.46060439028182,32054,650,1,"1"
162.21943657988569,32018,686,2,"1-1"
164.98268620211445,32000,704,1,"1"
165.39974141852386,31982,722,1,"1"
170.02543204927045,31973,731,1,"1"
170.05769933033102,31968,736,1,"1"
170.33100224664332,31967,737,1,"1"
174.49099238562965,31949,755,1,"1"
176.21193806646255,31948,756,1,"1"
176.41498156419107,31947,757,1,"1"
178.26324343265588,31933,771,1,"1"
183.45711221924904,31915,789,1,"1"
186.74365565149955,31897,807,1,"1"
189.74049268425668,31879,825,1,"1"
191.25203842255189,31870,834,3,"3"
192.55210077508823,31852,852,1,"1"
194.44900536632801,31834,870,1,"1"
200.24868855686466,31816,888,1,"1"
204.19811182994408,31815,889,1,"1"
205.07834880115416,31814,890,1,"1"
205.38241136661395,31813,891,1,"1"
208.04224779187271,31795,909,1,"1"
215.78686662089501,31759,945,2,"2"
217.21727981325134,29820,2884,133,"123-3-2-1-1-1-1-1"
218.83864393567998,29766,2938,4,"3-1"
222.08605993160501,29748,2956,1,"1"
224.39184676404224,29739,2965,1,"1"
224.5410539767112,29721,2983,1,"1"
230.33715949067707,29685,3019,2,"1-1"
230.40536418150901,29684,3020,1,"1"
233.95399761099571,29666,3038,1,"1"
234.32995428334257,29648,3056,1,"1"
236.53976921225956,29630,3074,1,"1"
241.91349338805512,29540,3164,5,"3-1-1"
245.38898585825612,29522,3182,1,"1"
249.38222486992385,29513,3191,1,"1"
255.75711059178724,29495,3209,1,"1"
257.73791978725302,29423,3281,4,"4"
267.40213999967744,29360,3344,4,"4"
270.05436052945385,29342,3362,1,"1"
279.74964799201132,29306,3398,2,"1-1"
282.24338074251887,29288,3416,1,"1"
282.4368594555217,29283,3421,1,"1"
289.6408495895522,29265,3439,1,"1"
289.70052856122282,29247,3457,1,"1"
294.93498023900764,29229,3475,1,"1"
300.38012703858737,29213,3491,2,"1-1"
304.32935864702768,29195,3509,1,"1"
306.09154570488988,29177,3527,1,"1"
307.44882865405066,29171,3533,2,"1-1"
315.63679942120524,29165,3539,2,"2"
320.64803118581443,29147,3557,1,"1"
322.00468972813059,29114,3590,2,"2"
322.45976674869553,28970,3734,8,"5-2-1"
323.23850811833569,28952,3752,1,"1"
328.46495669573449,28934,3770,1,"1"
330.02668399682062,28925,3779,1,"1"
334.93093519120725,28907,3797,1,"1"
345.31349772220977,28655,4049,14,"7-5-2"
350.94242298784343,28619,4085,2,"1-1"
352.06480003608112,28601,4103,1,"1"
355.56464633656321,28583,4121,1,"1"
356.78350075555699,28580,4124,1,"1"
361.30499651732072,28562,4142,1,"1"
369.48355895812404,28544,4160,1,"1"
369.73205767461513,28526,4178,1,"1"
371.39073628015132,28508,4196,1,"1"
377.0461322076842,28455,4249,5,"3-1-1"
379.72712881264874,28437,4267,1,"1"
381.18606440260976,28419,4285,1,"1"
381.86523918510579,28401,4303,1,"1"
385.25607034408006,28383,4321,1,"1"
386.90651263483562,28378,4326,1,"1"
391.77962040495197,28375,4329,1,"1"
393.96577451272498,28357,4347,1,"1"
394.59539090083769,28285,4419,4,"2-2"
397.66339121532599,28280,4424,1,"1"
403.34493419513126,28262,4442,1,"1"
404.5069150848293,28253,4451,1,"1"
404.76370888467517,28248,4456,1,"1"
405.12895220874952,28194,4510,3,"3"
410.60365665164562,28176,4528,1,"1"
412.82240507289845,28167,4537,1,"1"
418.44526508488974,28149,4555,1,"1"
424.86659545191048,28131,4573,1,"1"
432.25539202366701,27969,4735,9,"8-1"
434.97944386760827,27709,4995,16,"11-3-1-1"
439.46344189792359,27691,5013,1,"1"
439.64055934598139,27673,5031,1,"1"
440.78107076539459,27637,5067,2,"2"
446.01050109889911,27513,5191,8,"7-1"
446.85195941496909,27477,5227,2,"2"
448.53557808858079,27468,5236,1,"1"
450.19961443657019,27450,5254,1,"1"
451.50416572250413,27432,5272,1,"1"
452.89755712241811,27414,5290,1,"1"
453.96987396030107,27396,5308,1,"1"
457.28573630360677,27378,5326,1,"1"
457.66250492338816,27360,5344,1,"1"
458.15119580311864,27347,5357,1,"1"
459.92731231372198,27329,5375,1,"1"
465.17230647027128,27311,5393,1,"1"
469.56180018168254,27293,5411,1,"1"
469.7461225624117,27275,5429,1,"1"
471.64401551685631,27257,5447,1,"1"
477.29637578978031,26699,6005,31,"22-5-2-1-1"
477.79744358741755,26681,6023,1,"1"
478.64412834742024,26631,6073,4,"3-1"
488.28125017415636,26595,6109,2,"1-1"
490.47167304565687,26369,6335,19,"10-5-2-1-1"
490.70982034003373,26351,6353,1,"1"
491.47994708035742,26138,6566,17,"8-2-2-1-1-1-1-1"
494.31222471166859,26066,6638,4,"4"
495.57187528371344,26047,6657,3,"3"
499.5895173552546,26042,6662,1,"1"
500.31163378907172,25966,6738,5,"4-1"
512.65639500835096,25948,6756,1,"1"
514.05165769163307,25930,6774,1,"1"
514.73497638091044,25894,6810,2,"1-1"
514.84053324849219,25852,6852,3,"3"
516.07277162244611,25838,6866,1,"1"
520.75798994221975,25820,6884,1,"1"
524.46783646271501,25802,6902,1,"1"
524.57310411106369,25784,6920,1,"1"
526.27693398218105,25766,6938,1,"1"
535.215769874697,25748,6956,1,"1"
539.27275380620472,25725,6979,2,"1-1"
542.88875974160987,25711,6993,1,"1"
547.17789711244859,25675,7029,2,"1-1"
548.58537204414336,25603,7101,4,"3-1"
554.65941161489604,25311,7393,21,"5-4-3-2-2-2-1-1-1"
556.33327930960468,24466,8238,47,"27-3-3-2-1-1-1-1-1-1-1-1-1-1-1-1"
556.49133283323158,24448,8256,1,"1"
558.25746209689328,24430,8274,1,"1"
558.64883055168934,24402,8302,2,"1-1"
569.73739721680784,24366,8338,2,"2"
571.69484917297962,24348,8356,1,"1"
571.97151237121454,24330,8374,1,"1"
572.59754638916627,24321,8383,1,"1"
576.03894829133321,24285,8419,2,"1-1"
584.68803266544228,0,32704,1382,"1232-150"
----------------------------------------------7
0,32704,0,0,"0"
39.731427485530254,32668,36,2,"1-1"
41.342625354277359,32650,54,1,"1"
45.423028943041466,32649,55,1,"1"
62.13010588520519,32648,56,1,"1"
65.234815700635281,32630,74,1,"1"
83.841729278251847,32612,92,1,"1"
90.521316019192653,32594,110,1,"1"
94.216152264974127,32578,126,1,"1"
101.91018375319622,32560,144,1,"1"
104.73780751916712,32542,162,1,"1"
106.45786517402055,32524,180,1,"1"
109.21118368370132,32506,198,1,"1"
112.65611177042413,32488,216,1,"1"
114.15650095579132,32470,234,1,"1"
120.5636003630904,32452,252,1,"1"
121.11468330430402,32434,270,1,"1"
123.32283579230486,32431,273,1,"1"
134.14278113817173,32413,291,1,"1"
140.72930047792232,32408,296,1,"1"
141.94415655949331,32398,306,1,"1"
145.78753128278072,32380,324,1,"1"
146.26176769225535,32379,325,1,"1"
153.77352604207084,32361,343,1,"1"
157.43283172317908,32343,361,1,"1"
157.79534176822068,32342,362,1,"1"
158.3951496542312,32324,380,1,"1"
160.22161571091081,32306,398,1,"1"
166.25954094961227,32301,403,1,"1"
167.50120200109305,32283,421,1,"1"
171.55603185181792,32282,422,1,"1"
172.10049156640679,32264,440,1,"1"
174.89364495290906,32263,441,1,"1"
175.74298874868029,32262,442,1,"1"
176.27889258522816,32244,460,1,"1"
178.3845560461676,32243,461,1,"1"
180.72497216737983,32242,462,1,"1"
185.57481953162085,32224,480,1,"1"
193.48218009153851,32219,485,1,"1"
195.11358502032434,32218,486,1,"1"
195.39924906523342,32204,500,1,"1"
197.51961777545716,32186,518,1,"1"
198.26477861283064,32168,536,1,"1"
200.80286287933276,32167,537,1,"1"
205.9069839437802,32149,555,1,"1"
205.94836794668183,32131,573,1,"1"
207.69084893238116,32113,591,1,"1"
208.58623676772194,29964,2740,147,"137-1-1-1-1-1-1-1-1-1-1"
209.37086500088049,29963,2741,1,"1"
210.65713916469807,29945,2759,1,"1"
212.39425122157553,29931,2773,2,"1-1"
212.85971720331463,29913,2791,1,"1"
213.03456012958287,29912,2792,1,"1"
213.42846205092795,29911,2793,1,"1"
216.08852545216365,29893,2811,1,"1"
216.67970232714003,29875,2829,1,"1"
218.0889683461684,29857,2847,1,"1"
218.36970515927968,29821,2883,2,"1-1"
219.33680894536397,29803,2901,1,"1"
220.58032910046887,29787,2917,6,"3-1-1-1"
222.1164879465295,29715,2989,4,"4"
223.20444594011465,29697,3007,1,"1"
227.04753502531653,29687,3017,1,"1"
229.35888793917638,29669,3035,1,"1"
234.40024723780456,29651,3053,1,"1"
234.97925131062428,29633,3071,1,"1"
239.22981028890865,29588,3116,3,"3"
239.3979846343602,29570,3134,1,"1"
239.72231752052883,29534,3170,2,"1-1"
243.0623401279224,29516,3188,1,"1"
245.75460293666782,29498,3206,1,"1"
249.58239964539138,29480,3224,1,"1"
252.47206301745973,29462,3242,1,"1"
254.69471359869681,29444,3260,1,"1"
257.8808900795708,29426,3278,1,"1"
259.64142629878694,29408,3296,1,"1"
260.43355158213751,29390,3314,1,"1"
263.33505390720705,29376,3328,1,"1"
263.5149815188837,29304,3400,4,"4"
271.7094344882625,29286,3418,1,"1"
274.08967330590525,29268,3436,1,"1"
274.51520205087229,29250,3454,1,"1"
278.6716443883754,29124,3580,7,"7"
282.18089982741975,29088,3616,2,"2"
283.13925032178719,29070,3634,1,"1"
284.05770518908241,29052,3652,1,"1"
285.77494670038101,29049,3655,1,"1"
287.31143387811704,28959,3745,5,"5"
287.48972062361634,28943,3761,1,"1"
293.98602395418192,28925,3779,1,"1"
295.55450479555975,28907,3797,1,"1"
295.86978684157691,28900,3804,1,"1"
301.97059872094422,28897,3807,1,"1"
303.93479240401331,28879,3825,1,"1"
308.33788549594681,28861,3843,1,"1"
319.22593723947625,28825,3879,2,"2"
322.77982774002157,28803,3901,6,"3-2-1"
325.25190020540202,28785,3919,1,"1"
327.52218129990655,28768,3936,1,"1"
339.70997860776987,28709,3995,4,"4"
345.91982146400295,28691,4013,1,"1"
358.03040907577724,28673,4031,1,"1"
360.47130353352907,28655,4049,1,"1"
361.04964709486444,28650,4054,1,"1"
365.00932423755734,28524,4180,7,"7"
365.63826606231123,28506,4198,1,"1"
375.51062813655739,28488,4216,1,"1"
385.47032862945105,28470,4234,1,"1"
389.72795195758511,28461,4243,1,"1"
390.75981494788044,28425,4279,2,"1-1"
398.09217581656981,28195,4509,13,"10-2-1"
398.6728541380748,28159,4545,2,"1-1"
399.21858046283756,28141,4563,2,"1-1"
405.10904352943828,28136,4568,1,"1"
405.12575698174169,28118,4586,1,"1"
407.64064012761617,27812,4892,17,"16-1"
408.05443114824936,27668,5036,8,"5-2-1"
408.69279190411805,27650,5054,1,"1"
414.56102997260723,27614,5090,2,"1-1"
421.58999126278906,27596,5108,1,"1"
427.31873018105932,27280,5424,18,"14-2-1-1"
427.69172761262337,27244,5460,2,"2"
436.83305913065135,27226,5478,1,"1"
440.76516994453004,27208,5496,1,"1"
442.62756308171032,27184,5520,4,"2-1-1"
444.09350240677367,27166,5538,1,"1"
446.41886112931564,27148,5556,1,"1"
447.07850231046353,27130,5574,1,"1"
448.09456076630266,27094,5610,2,"1-1"
450.91893954105132,27058,5646,2,"2"
452.28600176052754,27042,5662,1,"1"
453.138090154032,27024,5680,1,"1"
456.35312996161201,26860,5844,13,"9-2-2"
464.82678548216307,26830,5874,3,"3"
471.05678131448485,26610,6094,15,"7-2-2-2-1-1"
472.09828044550983,26534,6170,5,"4-1"
474.54562142273323,26525,6179,1,"1"
479.02497122143734,26503,6201,2,"1-1"
486.70993808974043,26485,6219,1,"1"
489.01403744623559,26458,6246,2,"2"
489.06130338967836,26440,6264,1,"1"
492.76051349084923,26412,6292,2,"2"
494.1650078791817,26394,6310,1,"1"
494.55433430645559,26376,6328,1,"1"
495.47010839174288,24207,8497,124,"81-28-3-2-1-1-1-1-1-1-1-1-1-1"
499.66667685026442,24135,8569,4,"3-1"
503.93245665102125,24119,8585,1,"1"
504.14666325673738,24101,8603,1,"1"
505.95879340785069,24029,8675,4,"3-1"
508.56325133676114,24005,8699,2,"2"
508.61944895628449,23915,8789,5,"3-2"
509.63275411342102,22907,9797,63,"34-7-3-2-2-2-2-2-1-1-1-1-1-1-1-1-1"
512.17174718438696,22853,9851,3,"2-1"
515.88000422195148,22835,9869,1,"1"
516.12074205365866,22349,10355,27,"10-9-6-1-1"
520.03309998879172,22334,10370,1,"1"
520.08622417946913,22321,10383,1,"1"
521.85531361887899,20819,11885,89,"49-10-9-4-3-3-3-2-1-1-1-1-1-1"
528.58162870681406,20747,11957,4,"3-1"
533.04863824703511,20729,11975,1,"1"
535.42579020759854,20683,12021,3,"2-1"
564.12976662696076,20593,12111,5,"4-1"
565.66273284535089,20521,12183,4,"4"
568.76057676118558,20485,12219,2,"1-1"
569.16223535925883,20449,12255,2,"1-1"
569.23384352417065,20418,12286,3,"3"
570.44667224423506,20382,12322,2,"1-1"
570.96469073219123,20252,12452,8,"4-3-1"
572.48523037958091,20234,12470,1,"1"
574.03751938148901,20198,12506,2,"2"
583.57660490272019,0,32704,1145,"1145"
----------------------------------------------8
0,32704,0,0,"0"
31.069552940423613,32686,18,1,"1"
37.847982270722262,32685,19,1,"1"
49.219948550505997,32667,37,1,"1"
57.709115071251695,32649,55,1,"1"
81.825203708422464,32648,56,1,"1"
85.525850560165637,32647,57,1,"1"
87.688385394024309,32633,71,1,"1"
87.776184349541339,32615,89,1,"1"
89.711349956646998,32614,90,1,"1"
99.091958868677921,32596,108,1,"1"
107.48606927450142,32578,126,1,"1"
113.38121936271335,32567,137,1,"1"
116.97011239763926,32549,155,1,"1"
120.84935986444734,32531,173,1,"1"
127.0739330453808,32169,535,26,"26"
129.1817849976176,32151,553,1,"1"
131.67419620581174,32133,571,1,"1"
135.75045954592369,32095,609,7,"5-1-1"
140.01580394816065,32077,627,1,"1"
142.20146609159812,32076,628,1,"1"
151.65057288401778,32058,646,1,"1"
153.21149048022963,32041,663,3,"3"
154.49355655085674,32040,664,1,"1"
155.18883689008459,32004,700,2,"1-1"
157.19298028355513,31968,736,2,"1-1"
158.14750152820437,31950,754,1,"1"
163.34389158221128,31932,772,1,"1"
164.45227455895474,31929,775,1,"1"
179.51385353006089,31911,793,1,"1"
179.72922589686758,31906,798,1,"1"
182.14812372048422,31888,816,1,"1"
184.25654233209443,31870,834,1,"1"
192.46660290149413,31852,852,1,"1"
194.73495537569605,31846,858,2,"2"
194.94658198301451,31640,1064,20,"9-5-3-2-1"
197.93430302163193,31625,1079,3,"2-1"
199.86075678709648,29407,3297,145,"136-4-1-1-1-1-1"
204.32943161624218,29389,3315,1,"1"
205.99896876903381,29388,3316,1,"1"
206.0890461725929,29383,3321,1,"1"
206.10711165290601,29378,3326,1,"1"
210.07362170446422,29354,3350,2,"2"
210.42245588725572,29353,3351,1,"1"
213.38332567559902,29308,3396,3,"3"
219.86365778406474,29290,3414,1,"1"
220.7064385307645,29272,3432,1,"1"
226.05062356905225,29262,3442,1,"1"
229.27594234520853,29226,3478,2,"1-1"
230.84809018675818,29208,3496,1,"1"
233.45230896201375,29190,3514,1,"1"
234.4604314654683,29046,3658,8,"8"
234.81929083741605,29037,3667,1,"1"
237.72341921592539,29019,3685,1,"1"
241.04350062301256,29001,3703,1,"1"
247.9781578056818,28965,3739,2,"2"
248.90909771983746,28947,3757,1,"1"
248.96494091899496,28929,3775,1,"1"
253.25728225281682,28911,3793,1,"1"
254.59184555988062,28901,3803,2,"1-1"
258.43777975433358,28883,3821,1,"1"
261.31937243562112,28878,3826,1,"1"
263.30210371270385,28864,3840,1,"1"
269.06077847622868,28846,3858,1,"1"
269.37169608023288,28828,3876,1,"1"
274.65769426302887,28810,3894,1,"1"
276.13969944344097,28801,3903,1,"1"
276.82141997588309,28793,3911,2,"1-1"
277.10045242425753,28788,3916,1,"1"
279.61630689972134,28752,3952,2,"2"
281.09472993308714,28734,3970,1,"1"
283.17389499522903,28707,3997,2,"2"
285.95820287003494,28689,4015,1,"1"
298.99308529050052,28684,4020,1,"1"
299.67505699250694,28666,4038,1,"1"
301.82175521678306,28661,4043,1,"1"
311.82252533764694,28643,4061,1,"1"
312.28524831218562,28625,4079,1,"1"
313.89760810382546,28607,4097,1,"1"
328.8126380445957,28589,4115,1,"1"
330.72988499870428,28544,4160,3,"2-1"
333.78362514935941,28472,4232,4,"4"
337.67404235124638,28460,4244,1,"1"
339.63983434573845,28455,4249,1,"1"
340.10027199577985,28442,4262,1,"1"
348.99034311048268,28388,4316,3,"2-1"
350.32454595203762,28370,4334,1,"1"
352.58531277201701,28352,4352,1,"1"
355.07096440861017,28316,4388,2,"2"
355.30291784107231,28082,4622,13,"12-1"
360.46901211381402,28064,4640,1,"1"
361.63635584106788,28046,4658,1,"1"
369.03651348524528,28028,4676,1,"1"
369.44222359173068,28010,4694,1,"1"
371.16656990052849,27992,4712,1,"1"
372.43855215391756,27956,4748,2,"2"
373.94011908748848,27789,4915,11,"10-1"
374.29038442457733,26475,6229,75,"49-16-2-2-2-2-1-1"
378.27708702789835,26457,6247,1,"1"
379.95933627163726,26349,6355,6,"3-3"
382.39914032395149,26331,6373,1,"1"
383.68197966614122,26313,6391,1,"1"
384.38085837084367,26304,6400,1,"1"
385.91705815158127,26286,6418,1,"1"
390.7058747831552,26263,6441,3,"2-1"
399.02253433607871,26209,6495,3,"3"
403.07955990168819,26061,6643,9,"8-1"
405.0872928050411,26043,6661,1,"1"
408.8119031030127,26031,6673,1,"1"
416.1930680196175,25797,6907,13,"8-3-1-1"
417.83267181241717,25743,6961,3,"1-1-1"
420.72484562836269,25725,6979,1,"1"
422.0423828871966,25694,7010,5,"2-1-1-1"
426.61984601325639,25676,7028,1,"1"
430.62082494495201,25424,7280,14,"9-3-1-1"
431.05212686917508,25406,7298,1,"1"
439.84938714143311,25392,7312,2,"2"
440.3210609709555,25374,7330,1,"1"
440.56894702057758,25277,7427,10,"4-3-1-1-1"
441.4835493105989,25091,7613,12,"11-1"
442.73405279436321,25055,7649,2,"1-1"
447.82937804895937,25024,7680,3,"2-1"
451.01028039410562,25006,7698,1,"1"
457.78347090362246,24554,8150,29,"15-9-2-1-1-1"
458.47424142167995,24532,8172,2,"2"
462.21102017385385,24357,8347,10,"8-1-1"
465.3404040427468,23511,9193,47,"21-11-5-1-1-1-1-1-1-1-1-1-1"
465.37337801539644,23493,9211,1,"1"
472.11497065168408,23475,9229,1,"1"
472.12144700348699,23458,9246,1,"1"
472.67339829440527,23440,9264,1,"1"
474.09157547253335,23172,9532,16,"6-3-2-2-1-1-1"
475.11613610514951,23144,9560,2,"2"
476.11677153898256,23126,9578,1,"1"
480.69351848196709,23108,9596,1,"1"
481.78556912091369,23099,9605,1,"1"
485.76641925922939,23063,9641,2,"2"
487.30097500696502,23045,9659,1,"1"
492.4530285786683,23031,9673,1,"1"
493.10490561659583,22970,9734,7,"3-3-1"
493.85415910449535,22952,9752,1,"1"
501.78026394318886,22916,9788,2,"1-1"
504.79988473926369,22475,10229,25,"20-1-1-1-1-1"
505.61780779947031,22461,10243,1,"1"
507.18962345696787,22437,10267,2,"1-1"
516.17665042898841,22419,10285,1,"1"
516.6010515134567,22401,10303,1,"1"
517.73415412741565,22383,10321,1,"1"
518.71411245697493,0,32704,1263,"1263"
----------------------------------------------9
0,32704,0,0,"0"
60.876164413388032,32694,10,1,"1"
71.50271062926133,32658,46,2,"2"
84.331303140815805,32657,47,1,"1"
86.799177876570766,32639,65,1,"1"
89.818448611824522,32594,110,3,"3"
92.721169674035934,32593,111,1,"1"
93.211284374886759,32575,129,1,"1"
95.720929062946141,32557,147,1,"1"
109.53769775436729,32539,165,1,"1"
110.94896141257469,32525,179,1,"1"
114.27069612451535,32507,197,1,"1"
115.34342358513527,32506,198,1,"1"
117.13477932889168,32488,216,1,"1"
118.83847284199808,32470,234,1,"1"
121.25391833679448,32469,235,1,"1"
121.55352476175878,32468,236,1,"1"
122.01820912002241,32450,254,1,"1"
126.3734415506035,32449,255,1,"1"
131.25986905329987,32435,269,1,"1"
132.86857206538104,32417,287,1,"1"
133.53789850338021,32407,297,2,"1-1"
134.38961889463107,32389,315,1,"1"
140.68607522672391,32245,459,8,"5-2-1"
142.600261880131,32244,460,1,"1"
150.07502618172001,32226,478,1,"1"
153.05388937651668,32208,496,1,"1"
155.33958367043553,32190,514,1,"1"
162.15968713833001,32172,532,1,"1"
162.24422222681923,32154,550,1,"1"
162.58802949712867,32153,551,1,"1"
165.00785746898114,32135,569,1,"1"
167.9571469182832,32134,570,1,"1"
168.09731091562205,32116,588,1,"1"
170.07827759537204,32102,602,1,"1"
176.47416499084309,32084,620,1,"1"
176.7393316303409,32066,638,1,"1"
182.89311721670404,32055,649,1,"1"
184.87508729944923,31993,711,5,"5"
188.8242271945293,31975,729,1,"1"
190.91227377533841,31957,747,1,"1"
191.66126924966358,31956,748,1,"1"
196.67641792296635,31938,766,1,"1"
197.36609731083752,31937,767,1,"1"
198.47494954865272,31919,785,1,"1"
198.95667051404718,29941,2763,135,"126-3-2-1-1-1-1"
203.59273971345922,29923,2781,1,"1"
207.10257751581048,29905,2799,1,"1"
210.61646072788028,29900,2804,1,"1"
221.42193799635561,29882,2822,1,"1"
221.49299275121143,29881,2823,1,"1"
222.49327639251206,29878,2826,1,"1"
222.95435107557569,29860,2844,1,"1"
224.80451873801448,29842,2862,1,"1"
225.59062352663645,29716,2988,11,"10-1"
225.92579229326125,29698,3006,1,"1"
229.56418281083526,29680,3024,1,"1"
229.88516876301142,29657,3047,5,"2-1-1-1"
232.05741373260108,29652,3052,1,"1"
232.83326071352408,29634,3070,1,"1"
233.00663414114916,29616,3088,1,"1"
239.92229597054117,29611,3093,1,"1"
239.97257064584542,29575,3129,2,"2"
242.00302135907782,29557,3147,1,"1"
244.40336645864255,29539,3165,1,"1"
244.43921210917438,29485,3219,3,"3"
245.67965245944364,29467,3237,1,"1"
247.04800376610106,29449,3255,1,"1"
249.2432162537354,29395,3309,3,"2-1"
253.81099408349607,29377,3327,1,"1"
262.07853293778686,29368,3336,1,"1"
263.52792791842234,29350,3354,1,"1"
263.8529905188243,29332,3372,1,"1"
267.1080771359064,29296,3408,2,"2"
270.54877774563568,29278,3426,1,"1"
271.45719162587085,29260,3444,1,"1"
273.23547443788624,29242,3462,1,"1"
285.79112814682298,29237,3467,1,"1"
288.50717118046572,29227,3477,2,"1-1"
291.40095413168928,29222,3482,1,"1"
293.52034020912828,29213,3491,1,"1"
297.48294024930686,29195,3509,1,"1"
301.928762410545,29177,3527,1,"1"
303.51863960386976,29105,3599,4,"3-1"
304.23825567886604,29087,3617,1,"1"
304.81713138466171,29069,3635,1,"1"
305.22932693856052,29051,3653,1,"1"
306.94252535841446,29038,3666,1,"1"
309.33796422932778,28967,3737,4,"4"
317.17878687027593,28958,3746,1,"1"
320.14369113480279,28922,3782,2,"1-1"
326.74572945200401,28670,4034,14,"14"
327.06414828116721,28660,4044,2,"1-1"
333.59128772015703,28642,4062,1,"1"
336.94324115213442,28636,4068,2,"2"
340.38956585572191,28618,4086,1,"1"
345.08058123342772,28600,4104,1,"1"
355.19984856331303,28456,4248,8,"8"
360.85314087520476,28299,4405,9,"9"
361.20847919241851,28281,4423,1,"1"
361.95108555124131,28245,4459,2,"2"
362.90223511539966,28227,4477,1,"1"
364.46348968532055,28218,4486,1,"1"
370.00214508285273,28200,4504,1,"1"
372.65283309956232,28182,4522,1,"1"
379.31347667961495,28173,4531,1,"1"
380.69569115366573,28155,4549,1,"1"
381.14611593017105,28137,4567,1,"1"
382.2057878531466,28104,4600,2,"2"
383.87864309265171,28099,4605,1,"1"
384.278986395088,28081,4623,1,"1"
391.68955388542906,28063,4641,1,"1"
392.03849552586928,28045,4659,1,"1"
394.4687743060955,28040,4664,1,"1"
399.23951677810925,28023,4681,1,"1"
410.11462972594848,28005,4699,1,"1"
411.75558991851142,27987,4717,1,"1"
414.24635832160305,27969,4735,1,"1"
414.99315929433743,27951,4753,1,"1"
421.18080840437466,27803,4901,9,"7-1-1"
424.04720413546937,27659,5045,8,"8"
424.84437467362352,27641,5063,1,"1"
426.43990898717431,27623,5081,1,"1"
429.47154941158749,27614,5090,1,"1"
431.7548810252602,27596,5108,1,"1"
432.07760580410871,27529,5175,4,"4"
432.96464957146884,27511,5193,1,"1"
434.18877616936328,27493,5211,1,"1"
435.46740893649371,27439,5265,3,"2-1"
435.59706862459035,27403,5301,2,"2"
437.53627274871377,27282,5422,9,"5-2-1-1"
439.15855969587631,27264,5440,2,"2"
441.57643784999414,27246,5458,1,"1"
441.79456027574184,27223,5481,5,"5"
444.69590970196339,27205,5499,1,"1"
444.89976818687586,27200,5504,1,"1"
445.42608194710459,27056,5648,8,"8"
445.92551572085227,27044,5660,1,"1"
447.07642468074283,27039,5665,1,"1"
447.40695424457346,27003,5701,2,"1-1"
449.44326796813044,26985,5719,1,"1"
451.40053886595405,26967,5737,1,"1"
452.6562943904388,26964,5740,1,"1"
455.21181031897402,26951,5753,1,"1"
459.21790033069584,26933,5771,1,"1"
464.40821872969855,26923,5781,1,"1"
465.92206822471769,26779,5925,8,"5-2-1"
466.85390996367232,26761,5943,1,"1"
469.88574567540172,26743,5961,1,"1"
471.3427467826603,25898,6806,55,"21-12-10-4-2-1-1-1-1-1-1"
476.21513054035296,25880,6824,1,"1"
477.15418614697791,25844,6860,2,"2"
477.52948087049145,25826,6878,1,"1"
477.62052479156631,25808,6896,1,"1"
480.69499589051594,25790,6914,1,"1"
487.53139904208973,25736,6968,6,"3-2-1"
487.81883105560212,25726,6978,1,"1"
488.14325896013725,25672,7032,3,"2-1"
493.03606999157518,25600,7104,4,"4"
495.99172695264673,25593,7111,1,"1"
507.62543116390333,25575,7129,1,"1"
507.80089810798984,25485,7219,5,"5"
508.2027620254247,25467,7237,1,"1"
508.64029642534479,25449,7255,1,"1"
510.29865514009219,25414,7290,3,"3"
513.16223898912108,25396,7308,1,"1"
514.74945885666705,25356,7348,3,"3"
517.52314913237899,25338,7366,1,"1"
518.94617297658203,25320,7384,1,"1"
521.1222441298795,25076,7628,14,"14"
523.49004669074475,25040,7664,2,"2"
523.95274515458163,25022,7682,1,"1"
525.19898997003679,25004,7700,1,"1"
525.56232358820614,24968,7736,2,"2"
527.65177661936946,24950,7754,1,"1"
530.66615714993156,24924,7780,2,"1-1"
532.33793259845504,24870,7834,3,"2-1"
533.79247547381669,24852,7852,1,"1"
536.99061381200067,24834,7870,1,"1"
539.16720328526333,24816,7888,1,"1"
546.92874780540978,24798,7906,1,"1"
547.32961656978455,24780,7924,2,"1-1"
548.18975888564148,24744,7960,2,"2"
552.76735638571961,24726,7978,1,"1"
556.33931908259149,24708,7996,1,"1"
558.61947506940726,24690,8014,1,"1"
559.6539557880526,24674,8030,1,"1"
559.6920789567373,24494,8210,10,"5-2-1-1-1"
559.89938088821373,24402,8302,6,"3-1-1-1"
560.22714378402941,0,32704,1384,"1384"
