# 17x17 trunk, m = 2, 10 realizations x 5 seeds: <K(F)>/K_0 over active rods, x = F
# One set per T_s in the order 2, 8, 16, 32, 64, 128; columns x  value/initial  SE/initial
# Source: Reviews/N18_df_ten_ts/geometry_during_fracture_curves.csv
@type xydy
# T_s = 2, K_0 = 27.1614
0.00000 1.000000 0.003187
2.34443 1.000026 0.003183
4.68887 1.000151 0.003192
7.03330 1.000243 0.003204
9.37774 1.000331 0.003199
11.72220 1.000501 0.003220
14.06660 1.000711 0.003223
16.41100 1.000946 0.003222
18.75550 1.001156 0.003235
21.09990 1.001454 0.003236
23.44430 1.002018 0.003324
25.78880 1.002268 0.003316
28.13320 1.002912 0.003386
30.47760 1.003380 0.003437
32.82210 1.004249 0.003571
35.16650 1.005062 0.003626
37.51090 1.005567 0.003662
39.85540 1.006384 0.003707
42.19980 1.007452 0.003803
44.54420 1.008291 0.003843
46.88870 1.008773 0.003830
49.23310 1.009234 0.003826
51.57750 1.010069 0.003951
53.92200 1.011038 0.004050
56.26640 1.012120 0.004115
58.61090 1.013099 0.004139
60.95530 1.013998 0.004227
63.29970 1.014609 0.004215
65.64420 1.015415 0.004240
67.98860 1.016380 0.004239
70.33300 1.017245 0.004224
72.67750 1.018593 0.004141
75.02190 1.019719 0.004121
77.36630 1.020879 0.004043
79.71080 1.021796 0.004024
82.05520 1.022491 0.003971
84.39960 1.023195 0.004001
86.74410 1.024122 0.003955
89.08850 1.024936 0.003958
91.43290 1.025801 0.003914
93.77740 1.027068 0.003917
96.12180 1.027867 0.003950
98.46620 1.028853 0.003916
100.81100 1.029859 0.003893
103.15500 1.030378 0.003895
105.50000 1.031644 0.003947
107.84400 1.032336 0.003962
110.18800 1.032480 0.003940
112.53300 1.033025 0.003970
114.87700 1.033835 0.003982
117.22200 1.034468 0.003997
119.56600 1.034453 0.003947
121.91100 1.035422 0.004094
124.25500 1.036209 0.004110
126.59900 1.036622 0.004147
128.94400 1.036221 0.004109
131.28800 1.036316 0.004210
133.63300 1.036839 0.004222
135.97700 1.036478 0.004031
138.32200 1.036957 0.004017
140.66600 1.037310 0.003993
143.01000 1.037067 0.004127
145.35500 1.038183 0.004058
147.69900 1.038930 0.003979
150.04400 1.039575 0.003939
152.38800 1.040510 0.003932
154.73300 1.040988 0.003949
157.07700 1.040653 0.003780
159.42200 1.040259 0.003799
161.76600 1.037454 0.003048
164.11000 1.037737 0.003196
166.45500 1.035735 0.002408
168.79900 1.036765 0.002329
171.14400 1.037156 0.002435
173.48800 1.038268 0.002539
175.83300 1.039795 0.002491
178.17700 1.040473 0.002467
180.52100 1.041213 0.002587
182.86600 1.041088 0.002501
185.21000 1.042417 0.002848
187.55500 1.043253 0.002840
189.89900 1.043341 0.002871
192.24400 1.044596 0.003169
194.58800 1.042995 0.003099
196.93200 1.046588 0.003776
199.27700 1.049902 0.004221
201.62100 1.054688 0.003495
203.96600 1.056525 0.003514
206.31000 1.055664 0.003807
208.65500 1.054033 0.003105
210.99900 1.057026 0.003562
213.34300 1.058727 0.005207
215.68800 1.064006 0.003652
218.03200 1.063171 0.004283
220.37700 1.063112 0.004500
222.72100 1.063369 0.004282
225.06600 1.063738 0.003979
&
@type xydy
# T_s = 8, K_0 = 33.2785
0.00000 1.000000 0.003527
5.37991 1.000000 0.003527
10.75980 1.000096 0.003531
16.13970 1.000316 0.003538
21.51960 1.000619 0.003558
26.89950 1.001034 0.003585
32.27950 1.001650 0.003611
37.65940 1.002061 0.003623
43.03930 1.002777 0.003659
48.41920 1.003666 0.003705
53.79910 1.004802 0.003764
59.17900 1.006049 0.003838
64.55890 1.006653 0.003844
69.93880 1.007539 0.003816
75.31870 1.008666 0.003859
80.69860 1.009607 0.003906
86.07850 1.010229 0.003946
91.45850 1.011190 0.003964
96.83840 1.012068 0.003993
102.21800 1.012969 0.004015
107.59800 1.013709 0.004005
112.97800 1.014370 0.003974
118.35800 1.015184 0.003985
123.73800 1.015896 0.003994
129.11800 1.016521 0.004013
134.49800 1.017399 0.003991
139.87800 1.017958 0.003974
145.25800 1.018456 0.003983
150.63700 1.019379 0.004039
156.01700 1.020097 0.004043
161.39700 1.020611 0.004093
166.77700 1.021146 0.004116
172.15700 1.021194 0.004146
177.53700 1.021542 0.004119
182.91700 1.022216 0.004182
188.29700 1.022868 0.004203
193.67700 1.023646 0.004306
199.05700 1.024397 0.004356
204.43700 1.024878 0.004382
209.81600 1.025314 0.004509
215.19600 1.025978 0.004531
220.57600 1.026419 0.004568
225.95600 1.026981 0.004564
231.33600 1.027654 0.004554
236.71600 1.028189 0.004546
242.09600 1.028817 0.004571
247.47600 1.028706 0.004642
252.85600 1.028225 0.004792
258.23600 1.028622 0.004928
263.61600 1.030034 0.005182
268.99500 1.030554 0.005262
274.37500 1.031239 0.005230
279.75500 1.031098 0.005346
285.13500 1.032351 0.005783
290.51500 1.033538 0.006205
295.89500 1.032928 0.006595
301.27500 1.032565 0.006730
306.65500 1.030239 0.006892
312.03500 1.030497 0.007656
317.41500 1.031564 0.007914
322.79500 1.025617 0.009768
328.17400 1.026227 0.009755
333.55400 1.023550 0.009587
338.93400 1.012732 0.009225
344.31400 1.008976 0.008878
349.69400 1.009348 0.009037
355.07400 1.009481 0.009126
360.45400 0.994471 0.002140
365.83400 0.995150 0.002125
371.21400 0.995363 0.001909
376.59400 0.996412 0.001765
381.97400 0.996523 0.001928
387.35300 0.996520 0.002173
392.73300 0.996983 0.002146
398.11300 0.997647 0.002136
403.49300 0.998224 0.002371
408.87300 0.998528 0.002441
414.25300 0.999549 0.002683
419.63300 1.000072 0.002600
425.01300 1.001067 0.002771
430.39300 1.001517 0.002762
435.77300 1.002939 0.003012
441.15300 1.003414 0.003029
446.53200 1.003756 0.002750
451.91200 1.002792 0.002584
457.29200 1.001442 0.002867
462.67200 1.001178 0.002951
468.05200 1.001151 0.002784
473.43200 1.000460 0.002661
478.81200 1.000736 0.002234
484.19200 1.001040 0.002447
489.57200 1.002254 0.002488
494.95200 0.999537 0.002586
500.33200 1.000285 0.002873
505.71100 0.996415 0.001259
511.09100 0.996193 0.000970
516.47100 1.000123 0.003160
&
@type xydy
# T_s = 16, K_0 = 37.7214
0.00000 1.000000 0.001594
9.64932 1.000027 0.001595
19.29860 1.000143 0.001588
28.94800 1.000321 0.001590
38.59730 1.000565 0.001606
48.24660 1.000814 0.001607
57.89590 1.001323 0.001597
67.54530 1.001821 0.001621
77.19460 1.002640 0.001611
86.84390 1.003438 0.001608
96.49320 1.004088 0.001605
106.14300 1.004600 0.001607
115.79200 1.005713 0.001646
125.44100 1.006490 0.001699
135.09100 1.007195 0.001714
144.74000 1.007887 0.001745
154.38900 1.008709 0.001762
164.03800 1.009507 0.001790
173.68800 1.010540 0.001800
183.33700 1.011219 0.001845
192.98600 1.011900 0.001857
202.63600 1.012664 0.001885
212.28500 1.013279 0.001897
221.93400 1.013889 0.001926
231.58400 1.014260 0.001915
241.23300 1.014411 0.001937
250.88200 1.014859 0.001919
260.53200 1.015201 0.001933
270.18100 1.015349 0.001923
279.83000 1.015781 0.001915
289.48000 1.016214 0.001932
299.12900 1.016773 0.001953
308.77800 1.017343 0.001951
318.42800 1.017637 0.001965
328.07700 1.018048 0.001988
337.72600 1.018459 0.001980
347.37600 1.018684 0.001974
357.02500 1.019050 0.001969
366.67400 1.019270 0.001949
376.32400 1.019151 0.002023
385.97300 1.019421 0.002080
395.62200 1.019991 0.002075
405.27200 1.020148 0.002163
414.92100 1.020132 0.002146
424.57000 1.020185 0.002183
434.22000 1.020734 0.002212
443.86900 1.020977 0.002279
453.51800 1.021404 0.002335
463.16800 1.021881 0.002477
472.81700 1.022192 0.002515
482.46600 1.022722 0.002639
492.11500 1.022133 0.002719
501.76500 1.022298 0.002710
511.41400 1.022324 0.002708
521.06300 1.021585 0.002807
530.71300 1.022011 0.002946
540.36200 1.022102 0.003060
550.01100 1.021115 0.002991
559.66100 1.021691 0.003127
569.31000 1.019872 0.003022
578.95900 1.020378 0.002951
588.60900 1.020609 0.002903
598.25800 1.020792 0.002896
607.90700 1.021317 0.002921
617.55700 1.021972 0.002880
627.20600 1.021582 0.002915
636.85500 1.021765 0.002933
646.50500 1.021532 0.002922
656.15400 1.022054 0.002903
665.80300 1.023273 0.002761
675.45300 1.023188 0.002848
685.10200 1.024408 0.002882
694.75100 1.026555 0.003165
704.40100 1.029675 0.002966
714.05000 1.030739 0.002949
723.69900 1.031035 0.002944
733.34900 1.029657 0.003256
742.99800 1.030423 0.003482
752.64700 1.030728 0.003572
762.29700 1.030402 0.003702
771.94600 1.032814 0.003773
781.59500 1.034871 0.003382
791.24500 1.036817 0.003112
800.89400 1.038734 0.003036
810.54300 1.038967 0.003515
820.19200 1.039649 0.003669
829.84200 1.039333 0.003521
839.49100 1.039222 0.004652
849.14000 1.042729 0.003748
858.79000 1.042997 0.003622
868.43900 1.043654 0.003860
878.08800 1.045187 0.001160
887.73800 1.044696 0.001017
897.38700 1.044063 0.001151
&
@type xydy
# T_s = 32, K_0 = 42.7630
0.00000 1.000000 0.000919
13.81820 1.000019 0.000917
27.63650 1.000131 0.000912
41.45470 1.000306 0.000907
55.27300 1.000496 0.000904
69.09120 1.000662 0.000895
82.90950 1.000963 0.000862
96.72770 1.001113 0.000852
110.54600 1.001527 0.000832
124.36400 1.001833 0.000805
138.18200 1.002446 0.000772
152.00100 1.002804 0.000750
165.81900 1.003173 0.000727
179.63700 1.003538 0.000709
193.45500 1.003947 0.000699
207.27400 1.004277 0.000702
221.09200 1.004803 0.000693
234.91000 1.005320 0.000659
248.72800 1.005720 0.000653
262.54700 1.006283 0.000663
276.36500 1.006957 0.000645
290.18300 1.007457 0.000621
304.00100 1.007911 0.000622
317.82000 1.008236 0.000670
331.63800 1.008650 0.000636
345.45600 1.008797 0.000633
359.27400 1.009174 0.000612
373.09300 1.009410 0.000634
386.91100 1.009592 0.000665
400.72900 1.009777 0.000698
414.54700 1.010030 0.000759
428.36600 1.010240 0.000764
442.18400 1.010231 0.000785
456.00200 1.010518 0.000803
469.82000 1.010722 0.000815
483.63900 1.010785 0.000824
497.45700 1.010977 0.000822
511.27500 1.011236 0.000816
525.09300 1.011162 0.000820
538.91200 1.011351 0.000836
552.73000 1.011557 0.000857
566.54800 1.011543 0.000885
580.36600 1.011592 0.000868
594.18500 1.011641 0.000873
608.00300 1.011793 0.000901
621.82100 1.011980 0.000935
635.63900 1.012233 0.000963
649.45800 1.012340 0.000989
663.27600 1.012492 0.001013
677.09400 1.012623 0.001022
690.91200 1.012761 0.001025
704.73100 1.013109 0.001111
718.54900 1.013409 0.001146
732.36700 1.013231 0.001183
746.18500 1.013301 0.001214
760.00400 1.013081 0.001195
773.82200 1.013334 0.001204
787.64000 1.013598 0.001264
801.45800 1.013671 0.001268
815.27700 1.013717 0.001287
829.09500 1.013556 0.001315
842.91300 1.013287 0.001494
856.73100 1.012747 0.001661
870.55000 1.013208 0.001771
884.36800 1.011844 0.001627
898.18600 1.010888 0.001469
912.00400 1.010296 0.001408
925.82200 1.009431 0.001341
939.64100 1.009001 0.001365
953.45900 1.009263 0.001370
967.27700 1.009132 0.001415
981.09500 1.008531 0.001256
994.91400 1.008610 0.001328
1008.73000 1.008227 0.001366
1022.55000 1.007539 0.001323
1036.37000 1.007184 0.001294
1050.19000 1.005968 0.001003
1064.00000 1.006129 0.001114
1077.82000 1.006945 0.001279
1091.64000 1.006681 0.001325
1105.46000 1.006419 0.001370
1119.28000 1.005954 0.001485
1133.10000 1.005638 0.001734
1146.91000 1.006120 0.001838
1160.73000 1.005935 0.001926
1174.55000 1.003564 0.001637
1188.37000 1.001950 0.001792
1202.19000 1.000917 0.002372
1216.01000 0.999502 0.003165
1229.82000 0.998630 0.002714
&
@type xydy
# T_s = 64, K_0 = 46.0953
0.00000 1.000000 0.000668
16.66820 1.000011 0.000669
33.33630 1.000117 0.000671
50.00450 1.000193 0.000676
66.67260 1.000241 0.000678
83.34080 1.000486 0.000690
100.00900 1.000709 0.000693
116.67700 1.000937 0.000688
133.34500 1.001289 0.000688
150.01300 1.001833 0.000723
166.68200 1.002315 0.000742
183.35000 1.002718 0.000745
200.01800 1.003102 0.000756
216.68600 1.003486 0.000780
233.35400 1.003868 0.000777
250.02200 1.004465 0.000817
266.69100 1.004866 0.000846
283.35900 1.005460 0.000871
300.02700 1.006185 0.000844
316.69500 1.006567 0.000820
333.36300 1.006973 0.000777
350.03100 1.007432 0.000732
366.69900 1.007671 0.000718
383.36800 1.007990 0.000703
400.03600 1.008283 0.000687
416.70400 1.008595 0.000693
433.37200 1.008871 0.000686
450.04000 1.009266 0.000663
466.70800 1.009268 0.000669
483.37700 1.009315 0.000666
500.04500 1.009426 0.000676
516.71300 1.009491 0.000676
533.38100 1.009587 0.000665
550.04900 1.009589 0.000655
566.71700 1.009712 0.000666
583.38500 1.009925 0.000662
600.05400 1.009927 0.000678
616.72200 1.010279 0.000663
633.39000 1.010470 0.000673
650.05800 1.010652 0.000651
666.72600 1.010782 0.000639
683.39400 1.010953 0.000650
700.06300 1.011047 0.000637
716.73100 1.011320 0.000622
733.39900 1.011567 0.000621
750.06700 1.011674 0.000635
766.73500 1.011878 0.000636
783.40300 1.012099 0.000657
800.07200 1.012314 0.000635
816.74000 1.012667 0.000627
833.40800 1.012839 0.000638
850.07600 1.012895 0.000644
866.74400 1.013040 0.000603
883.41200 1.013255 0.000599
900.08000 1.013513 0.000603
916.74900 1.013557 0.000618
933.41700 1.013600 0.000630
950.08500 1.013572 0.000658
966.75300 1.013585 0.000659
983.42100 1.013561 0.000678
1000.09000 1.013702 0.000691
1016.76000 1.013624 0.000684
1033.43000 1.013878 0.000664
1050.09000 1.013630 0.000630
1066.76000 1.013496 0.000629
1083.43000 1.013472 0.000618
1100.10000 1.013168 0.000650
1116.77000 1.012941 0.000654
1133.43000 1.012754 0.000659
1150.10000 1.012377 0.000670
1166.77000 1.012196 0.000680
1183.44000 1.011986 0.000685
1200.11000 1.011721 0.000722
1216.78000 1.011515 0.000768
1233.44000 1.011125 0.000732
1250.11000 1.010917 0.000728
1266.78000 1.010793 0.000725
1283.45000 1.010155 0.000640
1300.12000 1.009875 0.000658
1316.78000 1.009793 0.000757
1333.45000 1.009413 0.000810
1350.12000 1.009220 0.000794
1366.79000 1.009109 0.000824
1383.46000 1.008272 0.000902
1400.13000 1.007682 0.001042
1416.79000 1.007270 0.001175
1433.46000 1.007248 0.001200
1450.13000 1.006944 0.001368
1466.80000 1.006348 0.001304
1483.47000 1.006749 0.001461
1500.13000 1.006033 0.001429
1516.80000 1.004857 0.001452
1533.47000 1.005159 0.001827
1550.14000 1.003621 0.001642
1566.81000 1.003313 0.001857
1583.47000 1.002753 0.001751
1600.14000 1.001085 0.001463
1616.81000 0.999529 0.001393
1633.48000 1.000421 0.001442
&
@type xydy
# T_s = 128, K_0 = 47.6833
0.00000 1.000000 0.001250
17.56690 1.000034 0.001248
35.13380 1.000057 0.001246
52.70060 1.000120 0.001248
70.26750 1.000193 0.001241
87.83440 1.000268 0.001234
105.40100 1.000409 0.001228
122.96800 1.000665 0.001223
140.53500 1.000858 0.001213
158.10200 1.001120 0.001237
175.66900 1.001510 0.001234
193.23600 1.001887 0.001239
210.80300 1.002177 0.001250
228.36900 1.002462 0.001257
245.93600 1.002764 0.001256
263.50300 1.003129 0.001273
281.07000 1.003511 0.001287
298.63700 1.003987 0.001288
316.20400 1.004511 0.001286
333.77100 1.004956 0.001284
351.33800 1.005321 0.001282
368.90400 1.005599 0.001303
386.47100 1.005895 0.001306
404.03800 1.006092 0.001310
421.60500 1.006359 0.001293
439.17200 1.006688 0.001302
456.73900 1.006973 0.001304
474.30600 1.007137 0.001299
491.87300 1.007405 0.001273
509.43900 1.007554 0.001277
527.00600 1.007762 0.001272
544.57300 1.007864 0.001270
562.14000 1.007810 0.001283
579.70700 1.007732 0.001283
597.27400 1.007871 0.001288
614.84100 1.007946 0.001285
632.40800 1.008038 0.001276
649.97400 1.008183 0.001259
667.54100 1.008213 0.001248
685.10800 1.008324 0.001233
702.67500 1.008250 0.001236
720.24200 1.008397 0.001231
737.80900 1.008546 0.001202
755.37600 1.008758 0.001194
772.94300 1.008829 0.001180
790.50900 1.008905 0.001200
808.07600 1.008919 0.001204
825.64300 1.008980 0.001224
843.21000 1.009083 0.001225
860.77700 1.009150 0.001228
878.34400 1.009337 0.001233
895.91100 1.009429 0.001251
913.47800 1.009282 0.001255
931.04400 1.009467 0.001259
948.61100 1.009402 0.001247
966.17800 1.009431 0.001250
983.74500 1.009397 0.001267
1001.31000 1.009326 0.001249
1018.88000 1.009318 0.001254
1036.45000 1.009353 0.001219
1054.01000 1.009232 0.001216
1071.58000 1.009297 0.001230
1089.15000 1.009408 0.001215
1106.71000 1.009305 0.001207
1124.28000 1.009188 0.001226
1141.85000 1.009282 0.001228
1159.41000 1.009490 0.001231
1176.98000 1.009290 0.001241
1194.55000 1.009238 0.001241
1212.11000 1.009458 0.001228
1229.68000 1.009299 0.001230
1247.25000 1.009221 0.001226
1264.82000 1.009255 0.001222
1282.38000 1.009337 0.001241
1299.95000 1.009653 0.001295
1317.52000 1.009687 0.001288
1335.08000 1.009850 0.001244
1352.65000 1.010377 0.001241
1370.22000 1.010752 0.001275
1387.78000 1.010876 0.001273
1405.35000 1.011392 0.001258
1422.92000 1.011220 0.001287
1440.48000 1.011220 0.001331
1458.05000 1.011889 0.001381
1475.62000 1.011893 0.001384
1493.18000 1.012266 0.001529
1510.75000 1.011696 0.001853
1528.32000 1.012289 0.002273
1545.89000 1.012833 0.002407
1563.45000 1.010817 0.003477
1581.02000 1.009083 0.002421
1598.59000 1.010616 0.003049
1616.15000 1.011019 0.004104
1633.72000 1.011092 0.004873
&
