# 17x17 trunk, m = 2, 10 realizations x 5 seeds: <K(F)>/K_0 over active rods, x = F / F\srup\N
# One set per T_s in the order 2, 8, 16, 32, 64, 128; columns x  value/initial  SE/initial
# Source: Reviews/N18_df_ten_ts/geometry_during_fracture_curves.csv
@type xydy
# T_s = 2, K_0 = 55.4418
0.00000 1.000000 0.013098
0.01000 1.000000 0.013098
0.02000 0.999906 0.013100
0.03000 0.999904 0.013100
0.04000 0.999870 0.013106
0.05000 0.999802 0.013103
0.06000 0.999771 0.013106
0.07000 0.999701 0.013094
0.08000 0.999450 0.013104
0.09000 0.999313 0.013099
0.10000 0.999183 0.013104
0.11000 0.999129 0.013109
0.12000 0.998810 0.013084
0.13000 0.998570 0.013071
0.14000 0.998485 0.013058
0.15000 0.998364 0.013060
0.16000 0.998057 0.013044
0.17000 0.997626 0.012999
0.18000 0.997251 0.013035
0.19000 0.995090 0.013337
0.20000 0.993799 0.013447
0.21000 0.992681 0.013490
0.22000 0.991770 0.013559
0.23000 0.990776 0.013557
0.24000 0.990449 0.013535
0.25000 0.989506 0.013628
0.26000 0.988038 0.013812
0.27000 0.987152 0.013882
0.28000 0.986768 0.013879
0.29000 0.985845 0.013873
0.30000 0.984716 0.013988
0.31000 0.984393 0.014000
0.32000 0.983112 0.013982
0.33000 0.981858 0.014097
0.34000 0.980531 0.014212
0.35000 0.979090 0.014221
0.36000 0.977131 0.014445
0.37000 0.976593 0.014396
0.38000 0.975897 0.014494
0.39000 0.974857 0.014460
0.40000 0.974061 0.014476
0.41000 0.972257 0.014700
0.42000 0.970924 0.014748
0.43000 0.969272 0.014960
0.44000 0.968480 0.014938
0.45000 0.967914 0.014925
0.46000 0.964469 0.015337
0.47000 0.961819 0.015111
0.48000 0.959747 0.015035
0.49000 0.958914 0.015016
0.50000 0.957148 0.014987
0.51000 0.955304 0.015092
0.52000 0.953658 0.015117
0.53000 0.952599 0.015080
0.54000 0.951592 0.015023
0.55000 0.948230 0.015264
0.56000 0.946091 0.015423
0.57000 0.944863 0.015346
0.58000 0.943357 0.015212
0.59000 0.942498 0.015175
0.60000 0.938609 0.014816
0.61000 0.933575 0.014976
0.62000 0.931207 0.014946
0.63000 0.929822 0.014842
0.64000 0.928420 0.014981
0.65000 0.927782 0.014968
0.66000 0.924730 0.015119
0.67000 0.922634 0.015049
0.68000 0.920095 0.015027
0.69000 0.918193 0.014960
0.70000 0.916276 0.014779
0.71000 0.913244 0.014716
0.72000 0.910239 0.014648
0.73000 0.905461 0.014227
0.74000 0.902754 0.014239
0.75000 0.899845 0.014251
0.76000 0.896311 0.014493
0.77000 0.894451 0.014425
0.78000 0.892612 0.014263
0.79000 0.890786 0.014198
0.80000 0.889482 0.014292
0.81000 0.886733 0.013926
0.82000 0.885666 0.013920
0.83000 0.884594 0.013853
0.84000 0.882370 0.013853
0.85000 0.880101 0.013925
0.86000 0.877787 0.013822
0.87000 0.876461 0.013852
0.88000 0.875305 0.013797
0.89000 0.872731 0.013764
0.90000 0.870859 0.013835
0.91000 0.866790 0.013451
0.92000 0.863421 0.013347
0.93000 0.859559 0.013245
0.94000 0.854247 0.013009
0.95000 0.847189 0.013373
0.96000 0.842016 0.012997
0.97000 0.836915 0.013168
0.98000 0.834926 0.013199
0.99000 0.829708 0.013137
1.00000 0.825983 0.013276
&
@type xydy
# T_s = 8, K_0 = 78.4905
0.00000 1.000000 0.011369
0.01000 1.000000 0.011369
0.02000 0.999999 0.011369
0.03000 0.999985 0.011370
0.04000 0.999944 0.011366
0.05000 0.999865 0.011368
0.06000 0.999787 0.011370
0.07000 0.999698 0.011374
0.08000 0.999483 0.011376
0.09000 0.999346 0.011384
0.10000 0.998502 0.011464
0.11000 0.998342 0.011467
0.12000 0.998084 0.011455
0.13000 0.997814 0.011446
0.14000 0.997633 0.011443
0.15000 0.997443 0.011456
0.16000 0.996514 0.011579
0.17000 0.996252 0.011577
0.18000 0.996052 0.011567
0.19000 0.995475 0.011507
0.20000 0.995035 0.011467
0.21000 0.994515 0.011508
0.22000 0.993760 0.011452
0.23000 0.993413 0.011430
0.24000 0.993046 0.011418
0.25000 0.992549 0.011400
0.26000 0.991396 0.011449
0.27000 0.990571 0.011374
0.28000 0.989411 0.011419
0.29000 0.988985 0.011396
0.30000 0.988527 0.011368
0.31000 0.988164 0.011352
0.32000 0.986968 0.011444
0.33000 0.986495 0.011416
0.34000 0.985277 0.011549
0.35000 0.984904 0.011556
0.36000 0.983801 0.011667
0.37000 0.983141 0.011629
0.38000 0.982727 0.011623
0.39000 0.982135 0.011618
0.40000 0.980633 0.011792
0.41000 0.980114 0.011796
0.42000 0.979730 0.011754
0.43000 0.978469 0.011897
0.44000 0.977799 0.011886
0.45000 0.976909 0.011823
0.46000 0.975951 0.011816
0.47000 0.974757 0.011716
0.48000 0.974444 0.011695
0.49000 0.972992 0.011896
0.50000 0.972355 0.011874
0.51000 0.970889 0.011726
0.52000 0.970277 0.011730
0.53000 0.969084 0.011817
0.54000 0.967517 0.011640
0.55000 0.966764 0.011658
0.56000 0.964917 0.011532
0.57000 0.963796 0.011461
0.58000 0.962598 0.011560
0.59000 0.961593 0.011482
0.60000 0.960435 0.011429
0.61000 0.959528 0.011405
0.62000 0.957024 0.011095
0.63000 0.956062 0.011034
0.64000 0.954693 0.011119
0.65000 0.952840 0.011223
0.66000 0.950770 0.011182
0.67000 0.949952 0.011139
0.68000 0.948223 0.011083
0.69000 0.947210 0.011032
0.70000 0.946001 0.011024
0.71000 0.944730 0.011173
0.72000 0.943155 0.011157
0.73000 0.940919 0.011138
0.74000 0.940208 0.011116
0.75000 0.938524 0.011109
0.76000 0.937245 0.011128
0.77000 0.935395 0.011117
0.78000 0.933657 0.011124
0.79000 0.930607 0.010847
0.80000 0.929283 0.010762
0.81000 0.927850 0.010808
0.82000 0.925452 0.010745
0.83000 0.924067 0.010629
0.84000 0.920239 0.010459
0.85000 0.916623 0.010718
0.86000 0.912770 0.010571
0.87000 0.910680 0.010544
0.88000 0.908176 0.010465
0.89000 0.904836 0.010467
0.90000 0.901760 0.010602
0.91000 0.899686 0.010585
0.92000 0.898004 0.010642
0.93000 0.895566 0.010674
0.94000 0.894073 0.010619
0.95000 0.890873 0.010759
0.96000 0.887423 0.011108
0.97000 0.885534 0.011141
0.98000 0.883980 0.011194
0.99000 0.881807 0.011355
1.00000 0.876171 0.011415
&
@type xydy
# T_s = 16, K_0 = 110.6350
0.00000 1.000000 0.005907
0.01000 0.999991 0.005906
0.02000 0.999991 0.005906
0.03000 0.999964 0.005910
0.04000 0.999946 0.005908
0.05000 0.999901 0.005912
0.06000 0.999837 0.005908
0.07000 0.999647 0.005906
0.08000 0.999521 0.005894
0.09000 0.999367 0.005876
0.10000 0.999069 0.005871
0.11000 0.998924 0.005870
0.12000 0.998798 0.005872
0.13000 0.998536 0.005857
0.14000 0.998301 0.005839
0.15000 0.997813 0.005835
0.16000 0.997551 0.005831
0.17000 0.997334 0.005824
0.18000 0.996900 0.005820
0.19000 0.996638 0.005823
0.20000 0.996267 0.005859
0.21000 0.995869 0.005840
0.22000 0.995589 0.005829
0.23000 0.995246 0.005824
0.24000 0.994884 0.005802
0.25000 0.994116 0.005808
0.26000 0.993718 0.005800
0.27000 0.993311 0.005784
0.28000 0.992905 0.005763
0.29000 0.992525 0.005769
0.30000 0.991910 0.005787
0.31000 0.991368 0.005758
0.32000 0.990735 0.005755
0.33000 0.990211 0.005748
0.34000 0.989750 0.005744
0.35000 0.989154 0.005733
0.36000 0.988738 0.005701
0.37000 0.988223 0.005697
0.38000 0.987644 0.005698
0.39000 0.987156 0.005680
0.40000 0.986044 0.005741
0.41000 0.985646 0.005730
0.42000 0.984960 0.005704
0.43000 0.984417 0.005688
0.44000 0.983956 0.005668
0.45000 0.983333 0.005658
0.46000 0.982311 0.005698
0.47000 0.981733 0.005686
0.48000 0.980992 0.005702
0.49000 0.979826 0.005601
0.50000 0.979039 0.005567
0.51000 0.978000 0.005614
0.52000 0.977213 0.005632
0.53000 0.976544 0.005581
0.54000 0.975903 0.005558
0.55000 0.975062 0.005566
0.56000 0.973887 0.005626
0.57000 0.973047 0.005631
0.58000 0.972224 0.005667
0.59000 0.971148 0.005651
0.60000 0.970272 0.005628
0.61000 0.969115 0.005605
0.62000 0.968193 0.005584
0.63000 0.966575 0.005610
0.64000 0.965562 0.005655
0.65000 0.964152 0.005756
0.66000 0.962842 0.005721
0.67000 0.961242 0.005736
0.68000 0.959235 0.005948
0.69000 0.958006 0.005988
0.70000 0.956488 0.005992
0.71000 0.955222 0.005959
0.72000 0.953821 0.005918
0.73000 0.951543 0.005935
0.74000 0.950124 0.005907
0.75000 0.948488 0.005941
0.76000 0.946464 0.005996
0.77000 0.945415 0.005983
0.78000 0.944150 0.005956
0.79000 0.942559 0.005997
0.80000 0.940787 0.005978
0.81000 0.939133 0.005921
0.82000 0.937579 0.005907
0.83000 0.936141 0.005883
0.84000 0.933800 0.005835
0.85000 0.931785 0.005792
0.86000 0.929380 0.005813
0.87000 0.926334 0.005699
0.88000 0.923578 0.005712
0.89000 0.920287 0.005705
0.90000 0.918308 0.005728
0.91000 0.915750 0.005811
0.92000 0.912975 0.005725
0.93000 0.910643 0.005776
0.94000 0.906811 0.006068
0.95000 0.903571 0.006266
0.96000 0.900142 0.006387
0.97000 0.896400 0.006455
0.98000 0.892554 0.006748
0.99000 0.888971 0.007094
1.00000 0.885381 0.006918
&
@type xydy
# T_s = 32, K_0 = 153.6210
0.00000 1.000000 0.009212
0.01000 0.999993 0.009212
0.02000 0.999987 0.009212
0.03000 0.999948 0.009214
0.04000 0.999883 0.009212
0.05000 0.999805 0.009212
0.06000 0.999759 0.009211
0.07000 0.999694 0.009214
0.08000 0.999629 0.009212
0.09000 0.999570 0.009212
0.10000 0.999466 0.009206
0.11000 0.999362 0.009203
0.12000 0.999264 0.009206
0.13000 0.999167 0.009211
0.14000 0.998978 0.009211
0.15000 0.998822 0.009212
0.16000 0.998620 0.009205
0.17000 0.998496 0.009201
0.18000 0.998295 0.009201
0.19000 0.998099 0.009192
0.20000 0.997904 0.009186
0.21000 0.997767 0.009185
0.22000 0.997552 0.009172
0.23000 0.997370 0.009166
0.24000 0.997136 0.009167
0.25000 0.996875 0.009167
0.26000 0.996596 0.009158
0.27000 0.996290 0.009154
0.28000 0.996010 0.009143
0.29000 0.995684 0.009137
0.30000 0.995346 0.009134
0.31000 0.995131 0.009141
0.32000 0.994779 0.009149
0.33000 0.994415 0.009158
0.34000 0.994135 0.009163
0.35000 0.993835 0.009157
0.36000 0.993438 0.009153
0.37000 0.993048 0.009166
0.38000 0.992586 0.009158
0.39000 0.992390 0.009169
0.40000 0.991980 0.009179
0.41000 0.991648 0.009178
0.42000 0.991206 0.009167
0.43000 0.990796 0.009154
0.44000 0.990418 0.009161
0.45000 0.990027 0.009161
0.46000 0.989546 0.009130
0.47000 0.989084 0.009128
0.48000 0.988758 0.009131
0.49000 0.988231 0.009119
0.50000 0.987690 0.009115
0.51000 0.987072 0.009107
0.52000 0.986532 0.009100
0.53000 0.985985 0.009087
0.54000 0.985523 0.009088
0.55000 0.984983 0.009085
0.56000 0.984514 0.009072
0.57000 0.983980 0.009048
0.58000 0.983349 0.009027
0.59000 0.982841 0.009029
0.60000 0.982138 0.009033
0.61000 0.981389 0.009016
0.62000 0.980699 0.009008
0.63000 0.979905 0.008992
0.64000 0.979111 0.009005
0.65000 0.978447 0.009012
0.66000 0.977698 0.009008
0.67000 0.976898 0.009022
0.68000 0.976019 0.009022
0.69000 0.975029 0.009006
0.70000 0.974007 0.009004
0.71000 0.972914 0.008992
0.72000 0.971892 0.009001
0.73000 0.971202 0.009004
0.74000 0.970134 0.009007
0.75000 0.968956 0.009005
0.76000 0.967745 0.008986
0.77000 0.966541 0.009013
0.78000 0.965500 0.009027
0.79000 0.964425 0.009054
0.80000 0.963228 0.009020
0.81000 0.961893 0.008995
0.82000 0.960637 0.008961
0.83000 0.959439 0.008951
0.84000 0.957988 0.008987
0.85000 0.956458 0.008985
0.86000 0.955195 0.008983
0.87000 0.953502 0.009021
0.88000 0.951862 0.009088
0.89000 0.950280 0.009062
0.90000 0.948900 0.009044
0.91000 0.947364 0.009060
0.92000 0.945418 0.009147
0.93000 0.943348 0.009143
0.94000 0.941395 0.009115
0.95000 0.939474 0.009049
0.96000 0.937339 0.009006
0.97000 0.935185 0.009049
0.98000 0.932607 0.009104
0.99000 0.930068 0.009120
1.00000 0.927536 0.009100
&
@type xydy
# T_s = 64, K_0 = 182.3780
0.00000 1.000000 0.002796
0.01000 0.999995 0.002796
0.02000 0.999989 0.002797
0.03000 0.999934 0.002800
0.04000 0.999868 0.002797
0.05000 0.999786 0.002796
0.06000 0.999742 0.002794
0.07000 0.999655 0.002790
0.08000 0.999517 0.002786
0.09000 0.999353 0.002784
0.10000 0.999205 0.002774
0.11000 0.999046 0.002768
0.12000 0.998865 0.002767
0.13000 0.998750 0.002758
0.14000 0.998585 0.002761
0.15000 0.998393 0.002751
0.16000 0.998234 0.002745
0.17000 0.997982 0.002736
0.18000 0.997801 0.002731
0.19000 0.997571 0.002718
0.20000 0.997352 0.002710
0.21000 0.997127 0.002703
0.22000 0.996858 0.002696
0.23000 0.996661 0.002692
0.24000 0.996387 0.002692
0.25000 0.995997 0.002719
0.26000 0.995712 0.002718
0.27000 0.995389 0.002708
0.28000 0.995147 0.002708
0.29000 0.994851 0.002701
0.30000 0.994648 0.002699
0.31000 0.994155 0.002730
0.32000 0.993821 0.002711
0.33000 0.993497 0.002724
0.34000 0.993174 0.002726
0.35000 0.992795 0.002726
0.36000 0.992527 0.002726
0.37000 0.992154 0.002718
0.38000 0.991666 0.002711
0.39000 0.991260 0.002715
0.40000 0.990876 0.002723
0.41000 0.990564 0.002713
0.42000 0.990202 0.002701
0.43000 0.989856 0.002694
0.44000 0.989204 0.002734
0.45000 0.988913 0.002737
0.46000 0.988403 0.002752
0.47000 0.987926 0.002771
0.48000 0.987279 0.002796
0.49000 0.986703 0.002798
0.50000 0.986133 0.002799
0.51000 0.985492 0.002813
0.52000 0.985009 0.002799
0.53000 0.984433 0.002777
0.54000 0.983902 0.002767
0.55000 0.983194 0.002768
0.56000 0.982586 0.002761
0.57000 0.982109 0.002751
0.58000 0.981335 0.002744
0.59000 0.980518 0.002783
0.60000 0.979806 0.002782
0.61000 0.979016 0.002777
0.62000 0.978413 0.002786
0.63000 0.977695 0.002778
0.64000 0.976779 0.002811
0.65000 0.975830 0.002814
0.66000 0.974898 0.002830
0.67000 0.974081 0.002849
0.68000 0.973215 0.002838
0.69000 0.972349 0.002838
0.70000 0.971307 0.002814
0.71000 0.970095 0.002852
0.72000 0.969196 0.002841
0.73000 0.968434 0.002845
0.74000 0.967496 0.002853
0.75000 0.966103 0.002831
0.76000 0.964881 0.002861
0.77000 0.963757 0.002859
0.78000 0.962824 0.002847
0.79000 0.961333 0.002864
0.80000 0.959995 0.002879
0.81000 0.958794 0.002880
0.82000 0.957067 0.002891
0.83000 0.955812 0.002911
0.84000 0.954298 0.002914
0.85000 0.952851 0.002890
0.86000 0.951529 0.002881
0.87000 0.949555 0.002847
0.88000 0.948141 0.002822
0.89000 0.946167 0.002879
0.90000 0.944621 0.002912
0.91000 0.943189 0.002858
0.92000 0.941265 0.002865
0.93000 0.939384 0.002886
0.94000 0.937509 0.002992
0.95000 0.935689 0.002986
0.96000 0.933501 0.003023
0.97000 0.931050 0.003032
0.98000 0.928922 0.003061
0.99000 0.926471 0.002976
1.00000 0.924174 0.002994
&
@type xydy
# T_s = 128, K_0 = 193.5580
0.00000 1.000000 0.001012
0.01000 1.000000 0.001012
0.02000 0.999995 0.001012
0.03000 0.999990 0.001013
0.04000 0.999897 0.001008
0.05000 0.999819 0.001007
0.06000 0.999762 0.001016
0.07000 0.999638 0.001015
0.08000 0.999561 0.001010
0.09000 0.999494 0.001010
0.10000 0.999370 0.001014
0.11000 0.999199 0.001016
0.12000 0.999153 0.001013
0.13000 0.999029 0.001010
0.14000 0.998915 0.001006
0.15000 0.998812 0.000999
0.16000 0.998662 0.000999
0.17000 0.998455 0.001006
0.18000 0.998285 0.001005
0.19000 0.998119 0.000999
0.20000 0.997928 0.001000
0.21000 0.997737 0.001011
0.22000 0.997561 0.001011
0.23000 0.997406 0.001014
0.24000 0.997195 0.001017
0.25000 0.996988 0.001024
0.26000 0.996755 0.001025
0.27000 0.996502 0.001022
0.28000 0.996234 0.001014
0.29000 0.995986 0.001009
0.30000 0.995696 0.001008
0.31000 0.995355 0.001006
0.32000 0.995102 0.001016
0.33000 0.994818 0.001013
0.34000 0.994451 0.001016
0.35000 0.994115 0.001014
0.36000 0.993805 0.001026
0.37000 0.993371 0.001030
0.38000 0.993036 0.001040
0.39000 0.992721 0.001040
0.40000 0.992338 0.001046
0.41000 0.991987 0.001043
0.42000 0.991610 0.001045
0.43000 0.991274 0.001049
0.44000 0.990902 0.001053
0.45000 0.990520 0.001074
0.46000 0.990127 0.001069
0.47000 0.989734 0.001069
0.48000 0.989388 0.001073
0.49000 0.989114 0.001080
0.50000 0.988541 0.001082
0.51000 0.988060 0.001105
0.52000 0.987668 0.001102
0.53000 0.987161 0.001098
0.54000 0.986676 0.001092
0.55000 0.986330 0.001090
0.56000 0.985891 0.001090
0.57000 0.985482 0.001103
0.58000 0.984955 0.001111
0.59000 0.984387 0.001103
0.60000 0.983757 0.001111
0.61000 0.983111 0.001129
0.62000 0.982424 0.001111
0.63000 0.981556 0.001129
0.64000 0.980993 0.001130
0.65000 0.980430 0.001139
0.66000 0.979520 0.001133
0.67000 0.978751 0.001160
0.68000 0.978063 0.001167
0.69000 0.977288 0.001202
0.70000 0.976472 0.001239
0.71000 0.975847 0.001256
0.72000 0.975010 0.001273
0.73000 0.974121 0.001274
0.74000 0.973315 0.001287
0.75000 0.972334 0.001258
0.76000 0.971311 0.001256
0.77000 0.970154 0.001259
0.78000 0.969337 0.001255
0.79000 0.968573 0.001245
0.80000 0.967638 0.001268
0.81000 0.966491 0.001301
0.82000 0.965318 0.001363
0.83000 0.964011 0.001411
0.84000 0.962606 0.001444
0.85000 0.961567 0.001452
0.86000 0.960198 0.001480
0.87000 0.958824 0.001471
0.88000 0.957723 0.001451
0.89000 0.956096 0.001517
0.90000 0.954189 0.001538
0.91000 0.952882 0.001533
0.92000 0.950826 0.001545
0.93000 0.949416 0.001580
0.94000 0.947375 0.001586
0.95000 0.945396 0.001640
0.96000 0.943278 0.001713
0.97000 0.941046 0.001775
0.98000 0.938329 0.001894
0.99000 0.934836 0.001824
1.00000 0.932129 0.001786
&
