# 17x17 trunk, m = 2, 10 realizations x 5 seeds: <N(F)>/N_0 over active rods, x = F / F\srup\N
# One set per T_s in the order 2, 8, 16, 32, 64, 128; columns x  value/initial  SE/initial
# Source: Reviews/N18_df_ten_ts/geometry_during_fracture_curves.csv
@type xydy
# T_s = 2, N_0 = 27.1614
0.00000 1.000000 0.003187
0.01000 1.000000 0.003187
0.02000 1.000129 0.003195
0.03000 1.000151 0.003192
0.04000 1.000217 0.003208
0.05000 1.000320 0.003201
0.06000 1.000346 0.003202
0.07000 1.000453 0.003191
0.08000 1.000711 0.003192
0.09000 1.000854 0.003202
0.10000 1.000965 0.003208
0.11000 1.001079 0.003211
0.12000 1.001381 0.003206
0.13000 1.001671 0.003224
0.14000 1.001767 0.003227
0.15000 1.001903 0.003229
0.16000 1.002150 0.003238
0.17000 1.002415 0.003233
0.18000 1.002809 0.003256
0.19000 1.003730 0.003422
0.20000 1.004488 0.003531
0.21000 1.004926 0.003560
0.22000 1.005180 0.003553
0.23000 1.005622 0.003575
0.24000 1.005817 0.003553
0.25000 1.006528 0.003638
0.26000 1.007106 0.003713
0.27000 1.007673 0.003797
0.28000 1.007949 0.003801
0.29000 1.008593 0.003803
0.30000 1.009318 0.003858
0.31000 1.009804 0.003859
0.32000 1.010493 0.003880
0.33000 1.011115 0.003969
0.34000 1.012002 0.004042
0.35000 1.012978 0.003985
0.36000 1.013460 0.004046
0.37000 1.013873 0.004031
0.38000 1.014197 0.004047
0.39000 1.014874 0.004004
0.40000 1.015507 0.004032
0.41000 1.015993 0.004083
0.42000 1.016785 0.004087
0.43000 1.017503 0.004156
0.44000 1.017989 0.004133
0.45000 1.018464 0.004133
0.46000 1.019561 0.004154
0.47000 1.020275 0.004100
0.48000 1.020894 0.004068
0.49000 1.021258 0.004061
0.50000 1.021998 0.004102
0.51000 1.022687 0.004130
0.52000 1.023357 0.004118
0.53000 1.023975 0.004132
0.54000 1.024351 0.004090
0.55000 1.025234 0.004038
0.56000 1.025934 0.004027
0.57000 1.026527 0.004001
0.58000 1.026921 0.003985
0.59000 1.027333 0.003986
0.60000 1.028110 0.003984
0.61000 1.029085 0.003923
0.62000 1.029700 0.003894
0.63000 1.029980 0.003901
0.64000 1.030518 0.003894
0.65000 1.030871 0.003896
0.66000 1.031696 0.003887
0.67000 1.031935 0.003904
0.68000 1.032237 0.003885
0.69000 1.032741 0.003826
0.70000 1.033065 0.003778
0.71000 1.033673 0.003713
0.72000 1.034637 0.003756
0.73000 1.035326 0.003733
0.74000 1.035827 0.003719
0.75000 1.036486 0.003742
0.76000 1.037159 0.003723
0.77000 1.037678 0.003707
0.78000 1.037944 0.003656
0.79000 1.038326 0.003640
0.80000 1.038643 0.003679
0.81000 1.039170 0.003654
0.82000 1.039630 0.003658
0.83000 1.039899 0.003655
0.84000 1.040421 0.003615
0.85000 1.040911 0.003610
0.86000 1.041717 0.003568
0.87000 1.041923 0.003576
0.88000 1.042295 0.003601
0.89000 1.042925 0.003586
0.90000 1.043267 0.003594
0.91000 1.044018 0.003596
0.92000 1.044865 0.003587
0.93000 1.045090 0.003578
0.94000 1.045660 0.003638
0.95000 1.046537 0.003637
0.96000 1.047781 0.003632
0.97000 1.048503 0.003677
0.98000 1.048749 0.003676
0.99000 1.049095 0.003648
1.00000 1.049596 0.003676
&
@type xydy
# T_s = 8, N_0 = 33.2785
0.00000 1.000000 0.003527
0.01000 1.000000 0.003527
0.02000 1.000021 0.003532
0.03000 1.000081 0.003532
0.04000 1.000147 0.003527
0.05000 1.000361 0.003529
0.06000 1.000553 0.003535
0.07000 1.000757 0.003536
0.08000 1.000995 0.003561
0.09000 1.001172 0.003580
0.10000 1.001677 0.003576
0.11000 1.001902 0.003583
0.12000 1.002272 0.003590
0.13000 1.002710 0.003581
0.14000 1.003194 0.003580
0.15000 1.003876 0.003580
0.16000 1.004231 0.003590
0.17000 1.004769 0.003593
0.18000 1.005475 0.003613
0.19000 1.006223 0.003621
0.20000 1.006890 0.003657
0.21000 1.007353 0.003657
0.22000 1.007624 0.003655
0.23000 1.008008 0.003664
0.24000 1.008534 0.003690
0.25000 1.009180 0.003694
0.26000 1.009835 0.003687
0.27000 1.010400 0.003691
0.28000 1.011290 0.003663
0.29000 1.011737 0.003678
0.30000 1.012344 0.003688
0.31000 1.012801 0.003733
0.32000 1.013243 0.003750
0.33000 1.013486 0.003757
0.34000 1.014057 0.003744
0.35000 1.014550 0.003752
0.36000 1.014880 0.003752
0.37000 1.015184 0.003767
0.38000 1.015593 0.003766
0.39000 1.016143 0.003750
0.40000 1.016458 0.003770
0.41000 1.016744 0.003769
0.42000 1.016987 0.003768
0.43000 1.017284 0.003774
0.44000 1.017714 0.003800
0.45000 1.018276 0.003824
0.46000 1.018778 0.003848
0.47000 1.019409 0.003914
0.48000 1.019514 0.003932
0.49000 1.019932 0.003923
0.50000 1.020187 0.003926
0.51000 1.020659 0.003904
0.52000 1.020950 0.003892
0.53000 1.021149 0.003885
0.54000 1.021858 0.003939
0.55000 1.022032 0.003973
0.56000 1.022489 0.003960
0.57000 1.022880 0.004008
0.58000 1.023129 0.003985
0.59000 1.023631 0.003989
0.60000 1.024085 0.004000
0.61000 1.024298 0.004038
0.62000 1.024935 0.004116
0.63000 1.025160 0.004106
0.64000 1.025341 0.004111
0.65000 1.025852 0.004064
0.66000 1.026588 0.004105
0.67000 1.026723 0.004108
0.68000 1.027035 0.004077
0.69000 1.027159 0.004121
0.70000 1.027258 0.004124
0.71000 1.027462 0.004110
0.72000 1.027748 0.004096
0.73000 1.028054 0.004089
0.74000 1.028274 0.004113
0.75000 1.028640 0.004114
0.76000 1.028881 0.004113
0.77000 1.029478 0.004116
0.78000 1.029752 0.004108
0.79000 1.030025 0.004080
0.80000 1.030413 0.004079
0.81000 1.030521 0.004079
0.82000 1.031065 0.004103
0.83000 1.031209 0.004111
0.84000 1.031982 0.004150
0.85000 1.032435 0.004122
0.86000 1.033175 0.004084
0.87000 1.033376 0.004139
0.88000 1.034004 0.004073
0.89000 1.034551 0.004069
0.90000 1.035188 0.004157
0.91000 1.035870 0.004154
0.92000 1.035888 0.004198
0.93000 1.036011 0.004181
0.94000 1.036008 0.004200
0.95000 1.036035 0.004202
0.96000 1.036312 0.004156
0.97000 1.036552 0.004155
0.98000 1.036684 0.004170
0.99000 1.037114 0.004211
1.00000 1.037556 0.004223
&
@type xydy
# T_s = 16, N_0 = 37.7214
0.00000 1.000000 0.001594
0.01000 1.000027 0.001595
0.02000 1.000027 0.001595
0.03000 1.000170 0.001593
0.04000 1.000252 0.001604
0.05000 1.000339 0.001604
0.06000 1.000504 0.001613
0.07000 1.000795 0.001609
0.08000 1.000999 0.001618
0.09000 1.001318 0.001646
0.10000 1.001607 0.001644
0.11000 1.001980 0.001638
0.12000 1.002452 0.001649
0.13000 1.002929 0.001662
0.14000 1.003303 0.001685
0.15000 1.003892 0.001704
0.16000 1.004358 0.001714
0.17000 1.004806 0.001737
0.18000 1.005106 0.001749
0.19000 1.005527 0.001755
0.20000 1.005986 0.001743
0.21000 1.006556 0.001784
0.22000 1.006959 0.001817
0.23000 1.007436 0.001865
0.24000 1.007982 0.001878
0.25000 1.008481 0.001886
0.26000 1.009011 0.001883
0.27000 1.009374 0.001871
0.28000 1.009777 0.001854
0.29000 1.010053 0.001869
0.30000 1.010747 0.001870
0.31000 1.011195 0.001876
0.32000 1.011744 0.001861
0.33000 1.012351 0.001902
0.34000 1.012730 0.001901
0.35000 1.013075 0.001889
0.36000 1.013427 0.001902
0.37000 1.013703 0.001891
0.38000 1.013997 0.001875
0.39000 1.014432 0.001892
0.40000 1.014811 0.001925
0.41000 1.015005 0.001919
0.42000 1.015233 0.001914
0.43000 1.015474 0.001912
0.44000 1.015691 0.001926
0.45000 1.015808 0.001934
0.46000 1.016084 0.001949
0.47000 1.016142 0.001942
0.48000 1.016338 0.001937
0.49000 1.016768 0.001956
0.50000 1.016866 0.001965
0.51000 1.017216 0.001967
0.52000 1.017330 0.001975
0.53000 1.017351 0.001958
0.54000 1.017595 0.001957
0.55000 1.017613 0.001961
0.56000 1.017860 0.001984
0.57000 1.017828 0.002002
0.58000 1.017926 0.002003
0.59000 1.018122 0.001997
0.60000 1.018276 0.002013
0.61000 1.018698 0.002028
0.62000 1.018793 0.002033
0.63000 1.019045 0.002014
0.64000 1.019363 0.002018
0.65000 1.019713 0.001963
0.66000 1.020042 0.001994
0.67000 1.020177 0.001984
0.68000 1.020508 0.001946
0.69000 1.020551 0.001962
0.70000 1.020760 0.001943
0.71000 1.020749 0.001933
0.72000 1.021036 0.001933
0.73000 1.021060 0.001895
0.74000 1.021203 0.001910
0.75000 1.021319 0.001927
0.76000 1.021484 0.001879
0.77000 1.021426 0.001870
0.78000 1.021460 0.001881
0.79000 1.021550 0.001874
0.80000 1.021945 0.001873
0.81000 1.022184 0.001869
0.82000 1.022406 0.001909
0.83000 1.022762 0.001918
0.84000 1.023188 0.001961
0.85000 1.023599 0.001995
0.86000 1.023870 0.002002
0.87000 1.024358 0.001991
0.88000 1.024689 0.002000
0.89000 1.025399 0.002010
0.90000 1.025410 0.002029
0.91000 1.025686 0.002023
0.92000 1.025638 0.001983
0.93000 1.025964 0.001991
0.94000 1.026036 0.001989
0.95000 1.026213 0.001953
0.96000 1.026460 0.001949
0.97000 1.027077 0.001975
0.98000 1.027576 0.001964
0.99000 1.027812 0.001959
1.00000 1.028578 0.002049
&
@type xydy
# T_s = 32, N_0 = 42.7630
0.00000 1.000000 0.000919
0.01000 1.000007 0.000918
0.02000 1.000065 0.000914
0.03000 1.000171 0.000910
0.04000 1.000276 0.000906
0.05000 1.000414 0.000908
0.06000 1.000545 0.000905
0.07000 1.000678 0.000898
0.08000 1.000769 0.000887
0.09000 1.000940 0.000872
0.10000 1.001141 0.000855
0.11000 1.001438 0.000841
0.12000 1.001639 0.000829
0.13000 1.001995 0.000806
0.14000 1.002219 0.000791
0.15000 1.002657 0.000763
0.16000 1.002909 0.000737
0.17000 1.003265 0.000720
0.18000 1.003431 0.000710
0.19000 1.003844 0.000700
0.20000 1.004148 0.000701
0.21000 1.004483 0.000698
0.22000 1.004754 0.000690
0.23000 1.005194 0.000684
0.24000 1.005594 0.000685
0.25000 1.006036 0.000695
0.26000 1.006384 0.000687
0.27000 1.006679 0.000678
0.28000 1.006927 0.000683
0.29000 1.007027 0.000671
0.30000 1.007303 0.000643
0.31000 1.007528 0.000654
0.32000 1.007850 0.000666
0.33000 1.008082 0.000659
0.34000 1.008290 0.000646
0.35000 1.008229 0.000642
0.36000 1.008430 0.000663
0.37000 1.008566 0.000679
0.38000 1.008559 0.000678
0.39000 1.008816 0.000677
0.40000 1.008970 0.000666
0.41000 1.009069 0.000672
0.42000 1.009111 0.000683
0.43000 1.009207 0.000693
0.44000 1.009454 0.000697
0.45000 1.009560 0.000727
0.46000 1.009674 0.000739
0.47000 1.009733 0.000779
0.48000 1.009784 0.000790
0.49000 1.009976 0.000837
0.50000 1.010142 0.000819
0.51000 1.010233 0.000824
0.52000 1.010289 0.000828
0.53000 1.010266 0.000839
0.54000 1.010226 0.000855
0.55000 1.010380 0.000848
0.56000 1.010427 0.000866
0.57000 1.010453 0.000863
0.58000 1.010607 0.000891
0.59000 1.010729 0.000893
0.60000 1.010743 0.000891
0.61000 1.010888 0.000888
0.62000 1.010998 0.000896
0.63000 1.011117 0.000902
0.64000 1.011208 0.000913
0.65000 1.011365 0.000910
0.66000 1.011395 0.000897
0.67000 1.011512 0.000896
0.68000 1.011524 0.000909
0.69000 1.011856 0.000955
0.70000 1.011805 0.000974
0.71000 1.012031 0.000947
0.72000 1.011992 0.000969
0.73000 1.012045 0.000993
0.74000 1.012008 0.001037
0.75000 1.011905 0.001063
0.76000 1.011952 0.001072
0.77000 1.011996 0.001070
0.78000 1.012158 0.001086
0.79000 1.012230 0.001096
0.80000 1.012359 0.001109
0.81000 1.012431 0.001127
0.82000 1.012616 0.001137
0.83000 1.012698 0.001137
0.84000 1.012988 0.001178
0.85000 1.012822 0.001198
0.86000 1.012824 0.001212
0.87000 1.012798 0.001257
0.88000 1.012822 0.001293
0.89000 1.012712 0.001307
0.90000 1.012667 0.001318
0.91000 1.012735 0.001368
0.92000 1.012936 0.001419
0.93000 1.013058 0.001431
0.94000 1.013046 0.001469
0.95000 1.013194 0.001504
0.96000 1.013315 0.001509
0.97000 1.013502 0.001525
0.98000 1.013512 0.001553
0.99000 1.013736 0.001568
1.00000 1.013729 0.001596
&
@type xydy
# T_s = 64, N_0 = 46.0953
0.00000 1.000000 0.000668
0.01000 1.000011 0.000669
0.02000 1.000078 0.000674
0.03000 1.000154 0.000674
0.04000 1.000204 0.000676
0.05000 1.000323 0.000684
0.06000 1.000571 0.000695
0.07000 1.000748 0.000702
0.08000 1.000870 0.000703
0.09000 1.001145 0.000703
0.10000 1.001640 0.000719
0.11000 1.002002 0.000754
0.12000 1.002475 0.000772
0.13000 1.002816 0.000783
0.14000 1.003070 0.000803
0.15000 1.003530 0.000818
0.16000 1.003760 0.000824
0.17000 1.004154 0.000848
0.18000 1.004660 0.000866
0.19000 1.005085 0.000908
0.20000 1.005573 0.000938
0.21000 1.005864 0.000938
0.22000 1.006202 0.000911
0.23000 1.006432 0.000895
0.24000 1.006708 0.000881
0.25000 1.006966 0.000877
0.26000 1.007291 0.000839
0.27000 1.007747 0.000798
0.28000 1.008062 0.000793
0.29000 1.008285 0.000774
0.30000 1.008495 0.000764
0.31000 1.008725 0.000734
0.32000 1.008882 0.000732
0.33000 1.008975 0.000730
0.34000 1.009020 0.000723
0.35000 1.009272 0.000700
0.36000 1.009456 0.000689
0.37000 1.009483 0.000697
0.38000 1.009598 0.000706
0.39000 1.009671 0.000684
0.40000 1.009741 0.000670
0.41000 1.009856 0.000671
0.42000 1.009906 0.000677
0.43000 1.009995 0.000682
0.44000 1.010129 0.000674
0.45000 1.010287 0.000678
0.46000 1.010352 0.000681
0.47000 1.010604 0.000678
0.48000 1.010756 0.000693
0.49000 1.010747 0.000685
0.50000 1.010953 0.000691
0.51000 1.011248 0.000682
0.52000 1.011309 0.000666
0.53000 1.011507 0.000687
0.54000 1.011641 0.000680
0.55000 1.012147 0.000684
0.56000 1.012205 0.000703
0.57000 1.012138 0.000711
0.58000 1.012190 0.000711
0.59000 1.012307 0.000698
0.60000 1.012374 0.000674
0.61000 1.012507 0.000667
0.62000 1.012583 0.000642
0.63000 1.012537 0.000639
0.64000 1.012518 0.000630
0.65000 1.012531 0.000632
0.66000 1.012646 0.000639
0.67000 1.012925 0.000643
0.68000 1.012930 0.000617
0.69000 1.012832 0.000612
0.70000 1.012665 0.000614
0.71000 1.012559 0.000636
0.72000 1.012465 0.000661
0.73000 1.012463 0.000660
0.74000 1.012383 0.000677
0.75000 1.012524 0.000680
0.76000 1.012431 0.000674
0.77000 1.012320 0.000681
0.78000 1.012225 0.000699
0.79000 1.012322 0.000701
0.80000 1.012218 0.000714
0.81000 1.011891 0.000739
0.82000 1.011843 0.000744
0.83000 1.011656 0.000741
0.84000 1.011550 0.000735
0.85000 1.011320 0.000743
0.86000 1.010927 0.000734
0.87000 1.010676 0.000764
0.88000 1.010491 0.000743
0.89000 1.010446 0.000742
0.90000 1.010255 0.000763
0.91000 1.009999 0.000768
0.92000 1.009890 0.000770
0.93000 1.009509 0.000775
0.94000 1.009437 0.000798
0.95000 1.009131 0.000811
0.96000 1.008895 0.000860
0.97000 1.008608 0.000850
0.98000 1.008443 0.000856
0.99000 1.008239 0.000871
1.00000 1.007908 0.000886
&
@type xydy
# T_s = 128, N_0 = 47.6833
0.00000 1.000000 0.001250
0.01000 1.000017 0.001249
0.02000 1.000050 0.001246
0.03000 1.000111 0.001248
0.04000 1.000145 0.001251
0.05000 1.000206 0.001241
0.06000 1.000252 0.001238
0.07000 1.000388 0.001237
0.08000 1.000608 0.001229
0.09000 1.000761 0.001227
0.10000 1.001011 0.001232
0.11000 1.001281 0.001246
0.12000 1.001634 0.001255
0.13000 1.001938 0.001253
0.14000 1.002177 0.001262
0.15000 1.002372 0.001261
0.16000 1.002617 0.001282
0.17000 1.003018 0.001305
0.18000 1.003278 0.001312
0.19000 1.003607 0.001332
0.20000 1.004035 0.001333
0.21000 1.004423 0.001353
0.22000 1.004712 0.001335
0.23000 1.005203 0.001343
0.24000 1.005417 0.001348
0.25000 1.005688 0.001339
0.26000 1.005962 0.001338
0.27000 1.006067 0.001330
0.28000 1.006287 0.001314
0.29000 1.006570 0.001332
0.30000 1.006707 0.001349
0.31000 1.006740 0.001334
0.32000 1.006963 0.001322
0.33000 1.007141 0.001319
0.34000 1.007294 0.001323
0.35000 1.007447 0.001321
0.36000 1.007818 0.001300
0.37000 1.007741 0.001302
0.38000 1.007764 0.001301
0.39000 1.007760 0.001290
0.40000 1.007814 0.001278
0.41000 1.007890 0.001284
0.42000 1.007896 0.001284
0.43000 1.007883 0.001280
0.44000 1.007934 0.001268
0.45000 1.008026 0.001251
0.46000 1.008076 0.001256
0.47000 1.008122 0.001256
0.48000 1.008267 0.001254
0.49000 1.008307 0.001246
0.50000 1.008382 0.001244
0.51000 1.008584 0.001246
0.52000 1.008653 0.001240
0.53000 1.008785 0.001251
0.54000 1.008808 0.001222
0.55000 1.008942 0.001234
0.56000 1.008944 0.001235
0.57000 1.009188 0.001230
0.58000 1.009232 0.001244
0.59000 1.009274 0.001259
0.60000 1.009330 0.001264
0.61000 1.009351 0.001269
0.62000 1.009335 0.001270
0.63000 1.009452 0.001267
0.64000 1.009349 0.001244
0.65000 1.009204 0.001254
0.66000 1.009286 0.001261
0.67000 1.009133 0.001283
0.68000 1.009104 0.001273
0.69000 1.009108 0.001284
0.70000 1.009169 0.001268
0.71000 1.009003 0.001274
0.72000 1.009074 0.001259
0.73000 1.009028 0.001277
0.74000 1.009030 0.001265
0.75000 1.009160 0.001280
0.76000 1.009280 0.001275
0.77000 1.009154 0.001258
0.78000 1.009022 0.001261
0.79000 1.008781 0.001243
0.80000 1.008670 0.001243
0.81000 1.008630 0.001234
0.82000 1.008603 0.001215
0.83000 1.008563 0.001238
0.84000 1.008487 0.001234
0.85000 1.008424 0.001253
0.86000 1.008487 0.001246
0.87000 1.008611 0.001253
0.88000 1.008642 0.001243
0.89000 1.008743 0.001251
0.90000 1.008944 0.001244
0.91000 1.008848 0.001233
0.92000 1.009112 0.001257
0.93000 1.008968 0.001254
0.94000 1.009047 0.001246
0.95000 1.009060 0.001266
0.96000 1.009169 0.001231
0.97000 1.009223 0.001238
0.98000 1.009343 0.001184
0.99000 1.009332 0.001254
1.00000 1.009546 0.001244
&
