f,num_active_particles,num_deleted_particles,total_deleted_rods,avalanche_sizes
0,12324,0,0,"0"
29.622866436420054,12321,3,1,"1"
32.847116328633021,12309,15,1,"1"
35.914483569487778,12308,16,1,"1"
49.807847810998879,12290,34,1,"1"
60.936055675522034,12289,35,1,"1"
67.728697640470585,12288,36,1,"1"
69.777234452130898,12282,42,2,"1-1"
70.43153178399487,12233,91,5,"3-1-1"
73.023730352732628,12215,109,1,"1"
73.815349757542947,12197,127,1,"1"
77.309704071422715,12183,141,1,"1"
79.328755881302996,12178,146,1,"1"
81.98603946224479,12169,155,1,"1"
84.794680011652943,12151,173,1,"1"
94.340467431097252,12133,191,1,"1"
94.732510043351553,12115,209,1,"1"
97.096816880728568,12097,227,1,"1"
100.76225346904666,12079,245,1,"1"
106.14246132510202,12061,263,1,"1"
106.14783332483358,11932,392,9,"9"
106.78525357004074,11914,410,1,"1"
108.21961380793053,11896,428,1,"1"
109.73258438701637,11878,446,1,"1"
109.93310854898714,11860,464,1,"1"
115.31941627487323,11789,535,4,"4"
116.50989639739464,11438,886,21,"18-1-1-1"
117.3566433417503,11410,914,2,"2"
119.32292770093346,11320,1004,5,"4-1"
119.88702377712858,11302,1022,1,"1"
121.41080296404357,11284,1040,1,"1"
123.87156895561291,11266,1058,1,"1"
124.42077925867636,11263,1061,1,"1"
127.47292025381005,11245,1079,1,"1"
139.25243142948091,11240,1084,1,"1"
140.82004282425541,11222,1102,1,"1"
145.49963602787807,10826,1498,22,"17-3-1-1"
146.03611981652412,10790,1534,2,"2"
147.11766234893472,10772,1552,1,"1"
156.13656309337327,10736,1588,2,"1-1"
160.01330749563505,10726,1598,1,"1"
177.17169614939695,10717,1607,1,"1"
180.68611227261943,10641,1683,5,"5"
183.0007100103326,10609,1715,2,"1-1"
185.39781194303342,10573,1751,2,"2"
192.81813132557491,10091,2233,28,"10-5-4-3-2-2-1-1"
195.12658869863168,10073,2251,1,"1"
196.64734972411767,9929,2395,9,"3-2-1-1-1-1"
199.75635385244752,9911,2413,1,"1"
203.80696423352271,0,12324,559,"559"
----------------------------------------------1
0,12324,0,0,"0"
19.898273007672763,12310,14,1,"1"
27.261753811442031,12309,15,1,"1"
32.269626415730443,12291,33,1,"1"
39.901272077104451,12290,34,1,"1"
52.508581205317817,12289,35,1,"1"
56.004703548009822,12244,80,3,"3"
66.838621228673034,12229,95,3,"1-1-1"
68.148335464762155,12227,97,2,"2"
68.400611215744007,12209,115,1,"1"
70.974381611510125,12191,133,1,"1"
74.275467201557916,12173,151,1,"1"
75.230982851332712,12168,156,1,"1"
79.684843716013773,12112,212,4,"3-1"
79.771022291219552,12094,230,1,"1"
86.612901979194163,12091,233,1,"1"
94.098544449827926,12073,251,1,"1"
94.168435438553132,12070,254,1,"1"
96.144872473213681,11929,395,8,"8"
99.035763652182013,11858,466,4,"4"
100.79569763909191,11776,548,5,"4-1"
105.7791606020707,11767,557,1,"1"
113.38820171564491,11748,576,3,"1-1-1"
121.73596218039681,11730,594,1,"1"
132.13427132074787,11712,612,1,"1"
137.77207207682017,11321,1003,23,"17-5-1"
138.41984246215279,11303,1021,1,"1"
145.29608413113607,11285,1039,1,"1"
146.91516201684155,11038,1286,14,"13-1"
151.41280941966218,10822,1502,12,"9-1-1-1"
157.18636640281187,10804,1520,1,"1"
157.90982514544078,10801,1523,1,"1"
162.46660724824429,10783,1541,1,"1"
164.38932533234794,10729,1595,3,"3"
167.81848952595448,10675,1649,3,"3"
168.30633251859993,10591,1733,6,"2-1-1-1-1"
168.67835356296501,10501,1823,5,"2-1-1-1"
171.5775965819887,0,12324,593,"593"
----------------------------------------------2
0,12324,0,0,"0"
27.004794412075292,12323,1,1,"1"
31.481322300275348,12305,19,1,"1"
33.282201810256481,12287,37,1,"1"
34.014544558021747,12269,55,1,"1"
35.58251834550083,12268,56,1,"1"
37.656637963254525,12223,101,3,"3"
45.316090260015471,12222,102,1,"1"
54.185860647797959,12204,120,1,"1"
55.870700419096202,12203,121,1,"1"
58.646660578501979,12185,139,1,"1"
59.619509625607812,12184,140,1,"1"
61.086475947940279,12166,158,1,"1"
62.207375990441726,12163,161,1,"1"
65.287117359839584,12145,179,1,"1"
65.397566550437787,12142,182,1,"1"
67.655342811723301,12124,200,1,"1"
74.65738983924517,12110,214,1,"1"
74.762022901043608,12107,217,1,"1"
75.457023122472535,12093,231,2,"1-1"
77.520567356662951,12081,243,1,"1"
82.705688450040583,12067,257,1,"1"
83.629104802043202,12049,275,1,"1"
84.359143768187792,12031,293,1,"1"
86.119858661761157,12028,296,1,"1"
97.589878908906854,11833,491,11,"8-1-1-1"
104.72562807986083,11779,545,3,"3"
105.36971365678123,11707,617,4,"3-1"
110.33594297085253,11693,631,2,"2"
110.49390589910458,11675,649,1,"1"
110.75073734827562,11226,1098,26,"18-4-2-1-1"
116.62412571205067,11208,1116,1,"1"
119.96923668208544,11203,1121,1,"1"
120.30759372864379,11198,1126,1,"1"
122.18906361467658,11180,1144,1,"1"
122.27194354751991,11177,1147,1,"1"
127.89867070360762,11168,1156,1,"1"
134.99034506555836,11140,1184,2,"2"
140.4953280617309,11122,1202,2,"1-1"
141.48062592124262,11077,1247,3,"2-1"
142.82769349879354,11070,1254,1,"1"
144.33088654506008,11052,1272,1,"1"
144.88115123905146,10977,1347,5,"5"
148.14399082798826,10872,1452,6,"6"
149.07814039624432,10854,1470,1,"1"
150.28316543370983,10836,1488,1,"1"
156.2331186140857,10818,1506,1,"1"
156.25390595053062,10229,2095,33,"30-1-1-1"
158.70503529778983,0,12324,576,"576"
----------------------------------------------3
0,12324,0,0,"0"
11.816486244187185,12323,1,1,"1"
12.921718584350884,12322,2,1,"1"
50.462134159675983,12304,20,1,"1"
52.575070621706288,12286,38,1,"1"
53.174248128552499,12283,41,1,"1"
53.66088802231841,12282,42,1,"1"
56.689852333930936,12273,51,1,"1"
65.556387138988626,12272,52,1,"1"
68.260016267905939,12254,70,1,"1"
71.563483919983739,12250,74,2,"1-1"
72.149953574795902,12236,88,1,"1"
73.779339924320098,12222,102,1,"1"
76.835546758873562,12204,120,1,"1"
77.330088192715309,12162,162,3,"3"
77.982328341459677,12152,172,1,"1"
79.095588258299045,12147,177,1,"1"
81.059581408081357,12093,231,3,"3"
88.100061867184834,12043,281,4,"3-1"
92.159852979591406,12025,299,1,"1"
94.626663098479597,12022,302,1,"1"
95.478751499400957,12004,320,1,"1"
98.097490828323004,11986,338,1,"1"
100.87556477609513,11983,341,1,"1"
104.3201480784456,11965,359,1,"1"
109.06867900939311,11947,377,1,"1"
113.99272171724553,11929,395,1,"1"
122.54639247222771,11915,409,1,"1"
124.36872334725187,11568,756,21,"18-1-1-1"
142.99846884129903,11550,774,1,"1"
143.37587679486711,11541,783,1,"1"
145.30198941759485,11515,809,2,"1-1"
146.75904619498192,11503,821,1,"1"
151.89936579540498,11320,1004,11,"5-5-1"
152.62251846398547,11302,1022,1,"1"
153.38901042120304,11295,1029,1,"1"
154.19162886281296,11259,1065,2,"1-1"
157.1049790189717,11151,1173,7,"6-1"
158.05719553148973,11118,1206,2,"2"
161.6262413020645,11046,1278,4,"4"
166.76302398396166,11028,1296,1,"1"
170.77876010293642,10992,1332,2,"2"
172.52332916237305,10956,1368,2,"1-1"
174.41252306379465,10938,1386,1,"1"
174.95355030378349,10920,1404,1,"1"
175.90254645116073,10727,1597,12,"8-3-1"
176.76121822136636,10691,1633,2,"2"
182.45753787967627,10673,1651,1,"1"
183.16590815504313,10493,1831,10,"9-1"
184.56514222347855,10246,2078,14,"11-1-1-1"
184.86976422308049,0,12324,577,"577"
----------------------------------------------4
0,12324,0,0,"0"
9.6990797267004307,12306,18,1,"1"
13.900654807289431,12305,19,1,"1"
18.854200653618879,12302,22,1,"1"
23.512457293232949,12293,31,1,"1"
24.402616853341858,12275,49,1,"1"
43.502325500852351,12274,50,1,"1"
50.511435418650535,12202,122,4,"2-1-1"
52.184378381652223,12184,140,1,"1"
56.275195144856966,12103,221,5,"3-1-1"
58.600325492127041,12089,235,1,"1"
59.886026187100981,12088,236,1,"1"
62.885920185095351,12072,252,4,"3-1"
67.743360643374317,12054,270,1,"1"
68.086203744712336,12018,306,2,"2"
69.582737924118078,12015,309,1,"1"
74.022201534225516,12009,315,2,"2"
80.092609465492828,11991,333,1,"1"
87.187221225531232,11973,351,1,"1"
95.943007164596409,11955,369,1,"1"
96.152726746308858,11937,387,1,"1"
101.69567139382934,11919,405,1,"1"
106.28997872136991,11901,423,1,"1"
110.29777185959244,11883,441,1,"1"
113.23772362822845,11865,459,1,"1"
114.87606936930013,11847,477,1,"1"
122.69445267321871,11829,495,1,"1"
126.30995676206747,11797,527,2,"1-1"
129.14357461592346,11725,599,4,"2-2"
131.1848620156953,11654,670,4,"4"
131.60496331349145,11600,724,3,"3"
131.97443055883886,11546,778,3,"3"
133.58298093957791,11528,796,1,"1"
135.01307312833214,11456,868,4,"3-1"
140.20880739946085,11451,873,1,"1"
140.45387147780278,11442,882,1,"1"
140.670260441784,11365,959,6,"5-1"
141.41664938402863,11034,1290,20,"17-1-1-1"
148.97912485527101,11022,1302,1,"1"
149.31075895931298,11004,1320,1,"1"
149.74892554958328,10986,1338,1,"1"
150.13462996727824,10959,1365,2,"1-1"
150.6311489836869,10932,1392,2,"2"
153.12941189269191,10896,1428,2,"2"
160.17763285986027,10860,1464,2,"2"
160.64438127836746,10846,1478,1,"1"
162.47314704116792,10792,1532,3,"3"
167.01864765246378,10651,1673,8,"8"
181.10617600564919,10633,1691,1,"1"
187.41203225721864,10615,1709,1,"1"
189.47726199475323,10597,1727,1,"1"
190.12143377860755,10549,1775,3,"1-1-1"
190.85368165239737,10531,1793,1,"1"
192.55349346022916,10513,1811,1,"1"
196.85534324782736,10459,1865,5,"3-2"
199.66471808288014,0,12324,589,"589"
----------------------------------------------5
0,12324,0,0,"0"
15.446649144559448,12323,1,1,"1"
18.090945954136448,12305,19,1,"1"
22.719140642141401,12260,64,3,"3"
22.775105966718225,12242,82,1,"1"
23.211300916335677,12240,84,2,"2"
23.358711642647442,12226,98,1,"1"
28.305744305049149,12208,116,1,"1"
29.814544491670475,12199,125,1,"1"
42.215624839929632,12181,143,1,"1"
44.506610071416056,12163,161,1,"1"
52.086703375040024,12127,197,2,"2"
54.87167352878685,12126,198,1,"1"
65.895459881790075,12108,216,1,"1"
68.732746943123601,12099,225,1,"1"
68.918101866937377,12076,248,3,"2-1"
72.609122266742006,12058,266,1,"1"
75.349897398168636,12040,284,1,"1"
76.118241861151532,12037,287,1,"1"
76.173081316628966,12019,305,1,"1"
85.000324599532789,12010,314,1,"1"
86.325477901738694,12004,320,2,"1-1"
90.117718679828542,11986,338,1,"1"
90.537667023180362,11972,352,1,"1"
93.74185687264071,11954,370,1,"1"
94.53834062711725,11951,373,1,"1"
95.329400717900384,11933,391,1,"1"
99.384658578203428,11915,409,1,"1"
119.45543985737741,11903,421,1,"1"
123.60357888991456,11885,439,1,"1"
124.16758901285429,11556,768,20,"18-1-1"
133.14348795242387,11396,928,9,"7-1-1"
135.58919639990384,11391,933,1,"1"
137.41336207214957,11373,951,1,"1"
138.28617364765014,11319,1005,3,"3"
140.59743368460835,11301,1023,1,"1"
140.60814245887593,11283,1041,1,"1"
144.40786553621686,11142,1182,8,"7-1"
145.86538657620443,11139,1185,1,"1"
154.0264335035132,10963,1361,11,"7-2-1-1"
156.10086185492509,10945,1379,1,"1"
159.58245637699488,10879,1445,5,"3-1-1"
161.24989270528911,10861,1463,1,"1"
163.73594442517799,10816,1508,3,"2-1"
168.81884169563651,10798,1526,1,"1"
173.98208240387373,10727,1597,4,"4"
175.95146737954215,10709,1615,1,"1"
181.57359935077847,10619,1705,5,"3-1-1"
182.09617493228993,10543,1781,5,"5"
184.41232711849278,10507,1817,2,"2"
184.44774679785647,10489,1835,1,"1"
186.96244658697483,10453,1871,2,"2"
196.9719480099682,10435,1889,1,"1"
197.55821063834571,0,12324,588,"588"
----------------------------------------------6
0,12324,0,0,"0"
14.807309844952492,12315,9,1,"1"
31.460113729154859,12297,27,1,"1"
34.058355932479877,12279,45,1,"1"
38.558492919979912,12261,63,1,"1"
39.095747743847681,12243,81,1,"1"
41.991663633727057,12225,99,1,"1"
42.477889217640616,12224,100,1,"1"
46.247560775202246,12206,118,1,"1"
46.945550354256476,12205,119,1,"1"
52.974531499356971,12187,137,1,"1"
61.38502164323792,12137,187,3,"2-1"
65.213190304736244,12135,189,2,"2"
68.136362848890201,12117,207,1,"1"
68.151840394231527,12108,216,1,"1"
70.569900917917309,12107,217,1,"1"
72.052118782260138,12036,288,4,"4"
72.710572296190577,12031,293,1,"1"
73.006980514676457,11986,338,3,"3"
77.733616301101165,11968,356,1,"1"
83.513377780163353,11956,368,4,"2-1-1"
91.843803602845398,11938,386,1,"1"
99.416686775149955,11902,422,2,"1-1"
99.948906464261682,11893,431,1,"1"
101.46477528854281,11857,467,2,"2"
101.6711555082311,11854,470,1,"1"
108.18918897885946,11836,488,1,"1"
109.12037470824396,11800,524,2,"2"
116.25826539233515,11782,542,1,"1"
123.01096390472136,11746,578,2,"1-1"
127.684532278744,11741,583,1,"1"
128.10583314466908,11633,691,7,"5-2"
134.06381785198468,11291,1033,20,"18-1-1"
134.97365885169651,11251,1073,3,"3"
136.7043425087449,11233,1091,1,"1"
137.10047294973131,11215,1109,1,"1"
137.5615671746163,11197,1127,1,"1"
137.97643081959072,11179,1145,1,"1"
138.63198894851686,11153,1171,2,"1-1"
143.21628585451617,11099,1225,3,"3"
143.4983883522869,11090,1234,1,"1"
144.87541279039951,11000,1324,5,"5"
151.58534849115421,10982,1342,1,"1"
160.32674097243239,10964,1360,1,"1"
162.37705147381212,10950,1374,1,"1"
162.89663873999598,10932,1392,1,"1"
164.42206168644668,10914,1410,1,"1"
166.83511976910521,10611,1713,17,"15-1-1"
167.85569190215449,10594,1730,1,"1"
171.3504437750544,10558,1766,2,"2"
172.72390362670845,10540,1784,1,"1"
178.40462466363491,10488,1836,4,"3-1"
179.6882210321713,10476,1848,1,"1"
180.99141005012976,10458,1866,1,"1"
185.20522618519493,0,12324,590,"590"
----------------------------------------------7
0,12324,0,0,"0"
1.9285842203198325,12323,1,1,"1"
27.429354245256523,12320,4,1,"1"
30.763933981576976,12319,5,1,"1"
33.279607001191906,12301,23,1,"1"
33.70133404610079,12283,41,1,"1"
37.536528284279669,12265,59,1,"1"
53.22736719551299,12247,77,1,"1"
55.89283166653474,12202,122,3,"3"
65.772827695055341,12184,140,1,"1"
67.93220791379315,12170,154,1,"1"
68.116212109803598,12152,172,1,"1"
72.465308389862187,12130,194,6,"2-1-1-1-1"
72.860689595769273,12099,225,2,"2"
75.201277278683605,12057,267,3,"3"
78.330295057143317,12054,270,1,"1"
80.044246098809694,12036,288,1,"1"
87.556745042034876,12018,306,1,"1"
88.769797017465763,12000,324,1,"1"
91.392870615812427,11982,342,1,"1"
92.972626591373725,11964,360,1,"1"
97.740610399708856,11959,365,1,"1"
98.193020911042524,11941,383,1,"1"
100.45609632588827,11454,870,31,"19-6-2-1-1-1-1"
104.10386722394934,11442,882,1,"1"
114.00850830464088,11433,891,1,"1"
115.27428278526588,11397,927,2,"2"
121.79275644595236,11325,999,4,"4"
121.94828409617237,11253,1071,4,"2-1-1"
125.57685159787353,11162,1162,7,"6-1"
129.34543277367541,10820,1504,19,"15-3-1"
144.54053374176465,10802,1522,1,"1"
148.43917503078191,10770,1554,2,"2"
149.21853163693794,10752,1572,1,"1"
149.51385765764445,10468,1856,17,"8-4-3-1-1"
156.19494196746859,9757,2567,40,"28-9-1-1-1"
158.9605581871663,9739,2585,1,"1"
161.53204844655687,9723,2601,1,"1"
168.39950818696133,0,12324,548,"548"
----------------------------------------------8
0,12324,0,0,"0"
4.1979060295362105,12323,1,1,"1"
11.971502036577418,12314,10,1,"1"
26.031242253947923,12296,28,1,"1"
30.220598237375974,12282,42,1,"1"
30.375620679408421,12258,66,2,"2"
31.971359250285968,12255,69,1,"1"
36.902580298560629,12254,70,1,"1"
38.511412951100453,12244,80,1,"1"
40.536479628908282,12226,98,1,"1"
54.843728247445654,12208,116,1,"1"
57.937345534262107,12190,134,1,"1"
59.586365445527868,12189,135,1,"1"
61.209730522058713,12187,137,2,"2"
65.161864329837783,12182,142,1,"1"
76.481138227439104,12164,160,1,"1"
76.701574928705298,12158,166,2,"2"
76.86996256809536,12113,211,3,"3"
81.314609731032263,12108,216,1,"1"
81.605395102680774,12090,234,1,"1"
92.954475777875786,12087,237,1,"1"
93.07864771848044,12073,251,1,"1"
94.640766244991767,12055,269,1,"1"
96.402774841832851,12019,305,2,"1-1"
99.29630385796959,11965,359,3,"3"
110.27284754179982,11938,386,2,"2"
113.21655880656157,11924,400,1,"1"
113.49051364229474,11906,418,1,"1"
113.73848396622439,11894,430,1,"1"
114.75126040911879,11752,572,8,"7-1"
116.566713426489,11734,590,1,"1"
119.37405970106448,11722,602,1,"1"
120.68150551083326,11654,670,4,"3-1"
122.05572875706264,11636,688,1,"1"
123.14764309888778,11618,706,1,"1"
123.31944120698905,11606,718,1,"1"
125.75649544659143,11588,736,1,"1"
128.2521467274853,11574,750,2,"1-1"
128.66352039100215,11556,768,1,"1"
128.84252992753974,11538,786,1,"1"
131.12445329573555,11430,894,6,"6"
131.58116450639554,11412,912,1,"1"
132.86806265548142,11394,930,1,"1"
139.02435685860794,11376,948,1,"1"
142.08058042812229,11039,1285,19,"17-1-1"
143.69637577894611,11018,1306,3,"1-1-1"
143.72407601258826,11000,1324,1,"1"
143.79063214121308,10767,1557,14,"7-5-2"
146.71740114912217,10749,1575,1,"1"
146.93245803939317,10742,1582,1,"1"
147.58369320172895,10556,1768,11,"7-3-1"
149.19526971073324,10397,1927,9,"4-2-1-1-1"
150.40012961658732,10379,1945,1,"1"
152.54043104050831,10326,1998,3,"3"
154.25337490965572,10308,2016,1,"1"
156.82034116296677,10290,2034,1,"1"
157.660045394056,0,12324,579,"579"
----------------------------------------------9
0,12324,0,0,"0"
29.39689424359241,12306,18,1,"1"
33.366438766172401,12305,19,1,"1"
34.510072801703593,12300,24,1,"1"
46.122180921322816,12286,38,1,"1"
50.718191221302845,12268,56,1,"1"
56.299913740041632,12265,59,3,"2-1"
62.157972523217794,12247,77,1,"1"
64.72494967868559,12244,80,1,"1"
65.943683309851963,12230,94,4,"2-1-1"
65.979450461134306,12023,301,14,"7-3-2-1-1"
70.399511065763093,11821,503,12,"11-1"
80.58240839517525,11803,521,1,"1"
84.047064313174133,11785,539,1,"1"
84.201310814861912,11262,1062,32,"17-9-2-2-1-1"
90.328049601034763,11244,1080,1,"1"
93.539828711070385,11190,1134,3,"3"
93.691747220995552,11154,1170,2,"2"
94.666862680706885,11136,1188,1,"1"
97.125774583791241,10530,1794,35,"20-8-4-1-1-1"
98.908397688396775,10512,1812,1,"1"
101.30304662144451,10494,1830,1,"1"
101.78789940419946,10476,1848,1,"1"
112.1017400000639,10458,1866,1,"1"
112.19275205919749,10428,1896,2,"2"
112.54568072608346,10419,1905,1,"1"
118.19202941625686,10401,1923,1,"1"
118.73973144912627,10383,1941,1,"1"
121.64618422941636,10369,1955,1,"1"
122.64995104707178,10333,1991,2,"1-1"
123.03869253670922,10315,2009,1,"1"
126.10396139776979,10297,2027,1,"1"
126.71003539725349,10279,2045,1,"1"
130.49363017950591,10272,2052,1,"1"
130.77405463899171,10254,2070,1,"1"
133.76529078910607,10236,2088,1,"1"
135.46915651403353,9509,2815,41,"19-11-3-2-1-1-1-1-1-1"
142.08006537134582,0,12324,537,"537"
