f,num_active_particles,num_deleted_particles,total_deleted_rods,avalanche_sizes
0,12391,0,0,"0"
38.69208369237689,12373,18,1,"1"
51.538436042689248,12355,36,1,"1"
51.552325699768161,12337,54,1,"1"
57.003097862258102,12319,72,1,"1"
58.232920943618083,12309,82,1,"1"
65.514034745057614,12291,100,1,"1"
67.015572808404073,12273,118,1,"1"
71.364772289157997,12263,128,2,"2"
88.242953422840571,12245,146,1,"1"
90.369596367075061,12227,164,1,"1"
91.345678274843536,12101,290,7,"6-1"
97.210599699884298,12083,308,1,"1"
101.46055207680462,12065,326,1,"1"
103.51178030557325,12047,344,1,"1"
103.81603282633172,12013,378,5,"3-2"
113.71252982936927,11995,396,1,"1"
125.36839318016905,11983,408,1,"1"
125.4804919301144,11965,426,1,"1"
127.37233819500892,11929,462,2,"1-1"
128.35089856286999,11839,552,5,"3-1-1"
130.76838246716068,11821,570,1,"1"
131.77175025483027,11811,580,1,"1"
135.53299831905869,11793,598,1,"1"
137.10147869515691,11786,605,1,"1"
137.77523485277774,11750,641,2,"2"
148.26646365045903,11732,659,1,"1"
151.4980925800082,11715,676,1,"1"
154.12187940628027,11571,820,8,"4-2-1-1"
154.2308807265573,11499,892,4,"4"
154.54013378185527,11355,1036,8,"8"
155.64345998621789,11157,1234,11,"11"
155.66993367884692,11139,1252,1,"1"
156.42486897164451,11134,1257,1,"1"
157.79584905985061,11120,1271,1,"1"
158.97977033411209,11102,1289,1,"1"
164.11895064145668,11084,1307,1,"1"
168.26333734524974,11070,1321,1,"1"
169.26786595047491,11065,1326,1,"1"
172.50138467252148,11058,1333,1,"1"
172.59586586072888,11040,1351,1,"1"
174.00137054332197,11022,1369,1,"1"
175.9488197358838,10722,1669,18,"14-2-1-1"
178.31307390943093,10704,1687,1,"1"
181.16823837616778,10686,1705,1,"1"
182.87091251398556,10488,1903,11,"9-1-1"
183.33029888539929,10452,1939,2,"1-1"
183.44327231561013,10362,2029,7,"5-2"
183.86662413990163,10308,2083,3,"1-1-1"
185.71987369811526,10305,2086,1,"1"
186.29116476824061,9999,2392,17,"14-3"
188.13943325347958,9963,2428,2,"1-1"
190.2257889226056,9927,2464,2,"2"
192.41824141206092,0,12391,574,"574"
----------------------------------------------1
0,12391,0,0,"0"
11.798602275722914,12373,18,1,"1"
15.109012819546379,12363,28,1,"1"
40.908678958418108,12345,46,1,"1"
41.351260146748885,12327,64,1,"1"
57.751039875377565,12309,82,1,"1"
61.788532325600173,12299,92,2,"2"
66.661379743178202,12281,110,1,"1"
70.292147019832498,12263,128,1,"1"
82.546994699249325,12245,146,1,"1"
84.332894686534672,12227,164,1,"1"
87.964730981646838,12209,182,1,"1"
90.456788978630797,12137,254,4,"2-1-1"
90.559213965993607,12119,272,1,"1"
98.242427163687609,12101,290,1,"1"
99.801157128779934,12100,291,1,"1"
102.22319950175782,12082,309,1,"1"
107.78582467969791,12064,327,1,"1"
110.94133003895955,12046,345,1,"1"
111.86574134632981,12028,363,1,"1"
113.76438126031296,12010,381,1,"1"
117.19229958551591,12003,388,1,"1"
119.84071341005362,11985,406,1,"1"
125.40907835571686,11966,425,3,"3"
126.26921449519351,11948,443,1,"1"
127.2229633119187,11930,461,1,"1"
127.2970435450823,11896,495,3,"2-1"
131.14406111022166,11662,729,13,"10-3"
131.38994249205317,11644,747,1,"1"
132.14861464601444,10888,1503,42,"39-1-1-1"
133.7928381348743,10870,1521,1,"1"
138.8923226448064,10834,1557,2,"2"
140.41209238183558,10816,1575,1,"1"
145.2654632058061,10798,1593,1,"1"
155.36427416679419,10772,1619,2,"1-1"
156.05000826185389,10754,1637,1,"1"
157.84127982663253,10736,1655,1,"1"
164.13954751116316,10700,1691,2,"2"
164.34745530525134,10682,1709,1,"1"
165.25733412957698,10677,1714,1,"1"
167.25376308895449,10425,1966,14,"14"
176.65079202976611,10407,1984,1,"1"
178.53732235795303,10103,2288,17,"10-6-1"
179.07167481796913,10049,2342,3,"1-1-1"
179.17328506617807,10031,2360,1,"1"
179.52852792751844,10013,2378,1,"1"
181.58342310464849,0,12391,584,"584"
----------------------------------------------2
0,12391,0,0,"0"
25.691133816114885,12373,18,1,"1"
33.672867219336837,12363,28,1,"1"
39.896176666328167,12345,46,1,"1"
43.224236614018025,12289,102,4,"4"
45.07069581814352,12271,120,1,"1"
45.588552121005193,12253,138,1,"1"
56.672654045646951,12243,148,2,"2"
58.612413670605108,12204,187,3,"3"
62.738889616487214,12186,205,1,"1"
67.605054811124901,12168,223,1,"1"
69.941854748529522,12150,241,1,"1"
69.985115145721053,12149,242,1,"1"
72.07342240634479,12131,260,1,"1"
76.208353052187746,12113,278,1,"1"
89.103731316540149,12095,296,1,"1"
90.499634237389344,12059,332,2,"1-1"
90.786830249571736,12041,350,1,"1"
90.834310072760701,12023,368,1,"1"
92.361380542013862,11793,598,13,"11-1-1"
95.906223630645115,11775,616,1,"1"
96.602795684346574,11757,634,1,"1"
96.960753894963517,11739,652,1,"1"
99.030290098779318,11721,670,1,"1"
104.06104958158161,11703,688,1,"1"
108.02763054491773,11685,706,1,"1"
112.0538481520145,11667,724,1,"1"
120.50619698536387,11649,742,1,"1"
120.78341333919735,11631,760,1,"1"
122.64202535894233,11613,778,1,"1"
123.00162475499607,11595,796,1,"1"
124.02362632405369,11577,814,1,"1"
126.90920302143317,11563,828,1,"1"
128.06995334485094,11545,846,1,"1"
135.34212914953224,11527,864,1,"1"
149.52517909745538,11509,882,1,"1"
152.69552068238781,11491,900,1,"1"
154.50899545304077,11482,909,1,"1"
161.26316028749557,11464,927,1,"1"
162.6843079043654,11446,945,1,"1"
166.88688236307962,11432,959,1,"1"
170.01373769988587,11414,977,1,"1"
170.41335411368212,11396,995,1,"1"
172.30236883570484,11370,1021,2,"2"
175.09784885621565,11350,1041,2,"2"
178.98237033915242,11332,1059,1,"1"
181.47462584731792,11314,1077,1,"1"
182.19959948927834,11296,1095,1,"1"
184.27245488635467,10882,1509,23,"10-4-3-2-2-1-1"
185.83419277426148,10610,1781,16,"15-1"
194.91413952063959,10603,1788,1,"1"
195.28256339433329,10593,1798,1,"1"
196.23446794876401,10549,1842,3,"2-1"
196.3219793918532,0,12391,612,"612"
----------------------------------------------3
0,12391,0,0,"0"
14.834095755172671,12381,10,1,"1"
38.046894546071087,12363,28,1,"1"
38.304943260680304,12345,46,1,"1"
55.822167028894164,12335,56,2,"2"
67.608774350936173,12317,74,1,"1"
79.008650078057258,12299,92,1,"1"
82.307045036506409,12281,110,1,"1"
88.070779075551016,12263,128,1,"1"
88.229664074760734,12227,164,2,"1-1"
90.058293403402047,12191,200,2,"1-1"
97.293127491272173,12173,218,1,"1"
98.257725694320527,12155,236,1,"1"
100.41574500280834,12137,254,1,"1"
100.62724533455656,12119,272,1,"1"
104.47907640329701,12101,290,1,"1"
107.25505822742564,12065,326,2,"2"
107.39958606022998,12047,344,1,"1"
109.70860097781896,12029,362,1,"1"
111.61984473957193,12011,380,1,"1"
111.66502996007571,11993,398,1,"1"
116.11581041690449,11983,408,1,"1"
117.49653379482825,11965,426,1,"1"
123.13276782539081,11947,444,1,"1"
124.38685407991639,11946,445,1,"1"
125.77599907877246,11928,463,1,"1"
127.68078017897254,11910,481,1,"1"
130.73186827278687,11892,499,1,"1"
133.09081728821431,11874,517,1,"1"
138.56131688137106,11860,531,1,"1"
142.08365370940126,11626,765,13,"10-3"
149.50711538932956,11608,783,1,"1"
149.63838858661541,11590,801,1,"1"
153.90339369346654,11576,815,1,"1"
156.51954462461788,11558,833,1,"1"
159.25820738750309,11540,851,1,"1"
167.09133849812443,11522,869,1,"1"
169.201540413949,11504,887,1,"1"
173.89764044588264,11432,959,4,"2-2"
174.97923170384487,10718,1673,43,"14-11-5-4-2-2-1-1-1-1-1"
186.0865383660437,10713,1678,1,"1"
188.40417705651356,10673,1718,3,"3"
189.30766775611488,10663,1728,2,"2"
191.50362936301906,10645,1746,1,"1"
194.0760939574358,0,12391,617,"617"
----------------------------------------------4
0,12391,0,0,"0"
13.937603274071348,12373,18,1,"1"
16.643525821753109,12355,36,1,"1"
25.514104460973492,12346,45,1,"1"
31.817745058783572,12328,63,1,"1"
35.053999262681188,12310,81,1,"1"
38.613526546916908,12309,82,1,"1"
42.630132447473308,12291,100,1,"1"
50.600354060762982,12286,105,1,"1"
55.778246373357121,12268,123,1,"1"
57.470491507352833,12250,141,1,"1"
58.393384195533621,12232,159,1,"1"
62.374989598948105,12222,169,1,"1"
83.272920479832635,12204,187,1,"1"
84.396955950729875,12132,259,4,"3-1"
84.706019569517977,12114,277,1,"1"
87.670446363427359,12078,313,2,"2"
92.617600433979817,12060,331,1,"1"
94.924301624756183,12042,349,1,"1"
95.434025030718985,11538,853,28,"28"
96.781550644996599,11520,871,1,"1"
97.67906531897475,11502,889,1,"1"
101.26974564128868,11490,901,1,"1"
104.30332013362461,11472,919,1,"1"
105.20126946204583,11454,937,1,"1"
106.96950810615662,11436,955,1,"1"
110.75144358225074,11418,973,1,"1"
111.31553003449797,11401,990,1,"1"
112.43923373551313,11398,993,1,"1"
112.85135536006685,11397,994,1,"1"
114.36141783170201,11379,1012,1,"1"
119.96544002270602,11372,1019,1,"1"
122.99668405527504,11367,1024,1,"1"
124.22744780492965,11344,1047,2,"2"
135.97104723888802,11326,1065,1,"1"
137.11907005503798,11236,1155,5,"5"
137.51123004955022,11215,1176,2,"2"
138.96397084404975,11197,1194,1,"1"
140.24706387887753,11179,1212,1,"1"
140.85128198265195,11169,1222,2,"2"
142.80647683450189,11133,1258,2,"2"
143.96128410016624,11115,1276,1,"1"
149.90182174957781,11043,1348,4,"2-1-1"
150.61451871895648,11040,1351,1,"1"
158.9094827014722,10626,1765,23,"14-3-3-2-1"
164.31109054621527,10612,1779,1,"1"
164.97691218043022,10592,1799,2,"2"
166.22591234107497,10538,1853,3,"3"
168.65906420366389,10518,1873,2,"2"
172.75385593923383,10482,1909,2,"2"
175.68028209528072,10302,2089,10,"10"
180.98650036198049,10230,2161,4,"4"
183.50698873325231,10216,2175,1,"1"
184.40575693307983,10198,2193,1,"1"
195.15866352510065,10180,2211,1,"1"
196.91460682722411,9100,3291,62,"54-2-2-2-1-1"
201.59999057536882,9042,3349,4,"2-1-1"
204.75640423654067,9024,3367,1,"1"
204.81726200015393,9006,3385,1,"1"
206.33407438929677,0,12391,521,"521"
----------------------------------------------5
0,12391,0,0,"0"
35.278868043877189,12373,18,1,"1"
38.18124547526871,12355,36,1,"1"
38.350854080906188,12337,54,1,"1"
44.185193635931782,12328,63,1,"1"
46.886896270418852,12310,81,1,"1"
53.933299697350897,12292,99,1,"1"
57.527295362940798,12274,117,1,"1"
63.906853600125231,12264,127,1,"1"
65.037385230584164,12263,128,1,"1"
70.18118595520086,12245,146,1,"1"
70.773413941625151,12227,164,1,"1"
71.070733449899933,12209,182,1,"1"
75.349351712147921,12191,200,1,"1"
77.55469298344407,12173,218,1,"1"
79.055948254422205,12155,236,1,"1"
86.748540560782999,12137,254,1,"1"
91.973159855670275,12119,272,1,"1"
94.949829374797019,12118,273,1,"1"
96.124583320062953,12100,291,1,"1"
101.22951073589115,12082,309,1,"1"
103.28714083577884,12046,345,2,"1-1"
106.3011075615492,12028,363,1,"1"
111.49785322479742,12010,381,1,"1"
112.66481001212099,11996,395,1,"1"
117.53382488334184,11402,989,33,"30-1-1-1"
128.71859624033078,11397,994,1,"1"
134.70240888040112,11307,1084,5,"3-1-1"
139.02019230986048,11293,1098,1,"1"
145.22701638152574,11257,1134,2,"2"
147.67315420202974,11209,1182,5,"3-1-1"
160.0887062061075,11148,1243,5,"5"
161.55420597051693,11145,1246,1,"1"
168.5062583449795,10947,1444,11,"11"
170.00669484548337,10935,1456,2,"2"
171.05786518183163,10917,1474,1,"1"
172.69317599976324,10881,1510,2,"2"
172.77433301534904,10863,1528,1,"1"
182.00840753701408,10827,1564,2,"2"
182.3633401111878,10809,1582,1,"1"
189.30594715118451,10791,1600,1,"1"
192.26214448309608,10757,1634,2,"2"
195.22240261604355,10739,1652,1,"1"
197.02381021328068,0,12391,622,"622"
----------------------------------------------6
0,12391,0,0,"0"
20.116627882479865,12373,18,1,"1"
30.539015403586994,12359,32,1,"1"
36.119511441409543,12349,42,2,"2"
37.630461637015948,12331,60,1,"1"
43.628051969853679,12313,78,1,"1"
49.723702323205991,12105,286,12,"12"
60.79209398357515,12085,306,2,"2"
61.28359636196118,12049,342,2,"2"
67.359784198172605,12031,360,1,"1"
74.179594220702057,11959,432,4,"2-1-1"
81.611633173784199,11941,450,1,"1"
87.202890207084465,11923,468,1,"1"
87.357313596083841,11913,478,1,"1"
89.92462204246948,11895,496,1,"1"
90.565952987523829,11877,514,1,"1"
90.621079282485397,11841,550,2,"2"
91.606216064357127,11823,568,1,"1"
100.12857414448804,11811,580,1,"1"
100.51511561823223,11793,598,1,"1"
100.53484840380392,11775,616,1,"1"
109.77201760424026,11757,634,1,"1"
110.39559365289415,11756,635,1,"1"
111.23361195337066,11738,653,1,"1"
112.62989624188384,11432,959,17,"16-1"
118.56531029112054,11324,1067,6,"6"
118.88384278345877,11288,1103,2,"1-1"
119.14279060988083,11270,1121,1,"1"
119.27340642868602,11216,1175,3,"3"
121.95219595282971,11162,1229,3,"2-1"
125.58199912005256,11144,1247,1,"1"
136.06570461108174,11126,1265,1,"1"
137.67926418275144,11108,1283,1,"1"
145.8142393780133,11090,1301,1,"1"
146.18372955399997,11072,1319,1,"1"
152.74518469378717,11054,1337,1,"1"
155.92270338103293,11049,1342,1,"1"
156.65752448364907,11031,1360,1,"1"
157.21754212492041,11013,1378,1,"1"
157.94170971650001,10995,1396,1,"1"
158.42964747194466,0,12391,641,"641"
----------------------------------------------7
0,12391,0,0,"0"
14.47222614023903,12381,10,1,"1"
20.83808547248525,12363,28,1,"1"
39.566163098412986,12345,46,1,"1"
42.096362133605659,12327,64,1,"1"
44.497376633680545,12307,84,2,"2"
50.014284078866574,12289,102,1,"1"
51.810118081836329,12271,120,1,"1"
54.047403157211725,12261,130,2,"2"
64.834766645764233,12243,148,1,"1"
71.438322138910848,12207,184,2,"1-1"
73.654757424037257,12189,202,1,"1"
85.80811050278848,12171,220,1,"1"
87.652337687912237,12081,310,5,"5"
91.481020658082272,12063,328,1,"1"
95.507046638082969,12045,346,1,"1"
97.362754297536711,12027,364,1,"1"
98.538928739393413,12009,382,1,"1"
101.05336731574316,11991,400,1,"1"
102.14801830871531,11973,418,1,"1"
102.16349903925469,11955,436,1,"1"
106.93604643988544,11937,454,1,"1"
110.96032294886638,11919,472,1,"1"
114.92909980941762,11905,486,2,"2"
115.33136020747557,11887,504,1,"1"
119.53926281859385,11873,518,1,"1"
121.6057296378651,11855,536,1,"1"
125.76586674911803,11854,537,1,"1"
132.47380244776878,11782,609,4,"4"
132.83934798746552,11764,627,1,"1"
133.34128610556601,11710,681,3,"2-1"
134.49519152776739,11692,699,1,"1"
136.3235948597524,11674,717,1,"1"
141.31376548185949,11656,735,1,"1"
160.45295093824839,11651,740,1,"1"
163.97885639263475,11633,758,1,"1"
166.50676211456312,11183,1208,25,"12-11-1-1"
167.28414336549176,11129,1262,3,"2-1"
171.1586318471125,11097,1294,3,"2-1"
172.42005718403388,11079,1312,1,"1"
172.42235958641314,11061,1330,1,"1"
172.58122153116494,11025,1366,2,"2"
173.48245555990835,11007,1384,1,"1"
176.67256956658812,10989,1402,1,"1"
178.42433031187167,0,12391,639,"639"
----------------------------------------------8
0,12391,0,0,"0"
24.644113542792773,12373,18,1,"1"
26.558667140108678,12364,27,1,"1"
30.731734317728826,12292,99,4,"4"
42.360292917688589,12291,100,1,"1"
45.947536561719367,12290,101,1,"1"
53.372692827500423,12272,119,1,"1"
60.299680757452549,12254,137,1,"1"
60.697191759286156,12244,147,1,"1"
61.767289661112763,12226,165,1,"1"
64.376503953513108,12208,183,1,"1"
74.389211158219439,12190,201,1,"1"
81.033225982057971,12172,219,1,"1"
84.427500550238236,12154,237,1,"1"
85.329036918391481,12122,269,2,"2"
89.665396784044063,12104,287,1,"1"
98.761972124427004,12068,323,2,"1-1"
99.285974094222041,12050,341,1,"1"
100.06868163316149,12032,359,1,"1"
102.60133636842117,12014,377,1,"1"
107.39490225069508,11996,395,1,"1"
111.15395718210881,11978,413,1,"1"
119.3261600194073,11960,431,1,"1"
120.84319442531176,11942,449,1,"1"
121.95514403389865,11924,467,1,"1"
125.11992476886695,11915,476,1,"1"
127.1461530067595,11912,479,1,"1"
127.75278232442325,11901,490,1,"1"
132.55843503428522,11891,500,1,"1"
133.80110324075693,11873,518,1,"1"
134.38630462421605,11855,536,1,"1"
136.44239308097443,11819,572,2,"2"
137.47048081160699,11801,590,1,"1"
139.9770123246432,11765,626,2,"2"
141.53780869109497,11747,644,1,"1"
142.30313648796948,11711,680,2,"1-1"
142.64889119082642,11675,716,2,"2"
149.40566296146673,11441,950,13,"11-1-1"
149.81249092202819,11423,968,1,"1"
149.96833973158979,11405,986,1,"1"
151.31743929860266,11391,1000,1,"1"
158.45166582278543,11355,1036,2,"2"
164.49313691400764,11337,1054,1,"1"
166.05624226002601,11301,1090,2,"2"
169.21753277469355,11283,1108,1,"1"
172.60334781479443,11265,1126,1,"1"
174.51594507058357,11247,1144,1,"1"
177.5051549968851,11205,1186,3,"1-1-1"
180.54325984467863,11183,1208,2,"2"
181.67501946250709,11165,1226,1,"1"
185.94769652674645,11155,1236,1,"1"
186.9872925947036,11137,1254,1,"1"
188.32022351363472,11119,1272,1,"1"
188.74168008071197,11112,1279,1,"1"
189.77171865318269,11095,1296,3,"2-1"
189.93091477952584,0,12391,642,"642"
----------------------------------------------9
0,12391,0,0,"0"
3.0492026357947188,12377,14,1,"1"
27.104383664114064,12359,32,1,"1"
29.937636703109167,12341,50,1,"1"
35.233172165058136,12269,122,4,"3-1"
36.676615966178446,12257,134,1,"1"
37.703272643850454,12239,152,1,"1"
37.78937446367852,12229,162,2,"2"
41.133547254154415,12211,180,1,"1"
44.834618721711223,12193,198,1,"1"
47.537177729727802,12175,216,1,"1"
48.316004780712731,12165,226,1,"1"
50.885637731548734,12147,244,1,"1"
55.144997277407647,12129,262,1,"1"
58.971984717817556,12111,280,1,"1"
65.027693375587674,12093,298,1,"1"
69.825589252219359,12075,316,1,"1"
77.125418751894316,12057,334,1,"1"
77.278810379167226,12039,352,1,"1"
82.807771316234906,12021,370,1,"1"
82.845505718971779,12003,388,1,"1"
86.644740935299225,11985,406,1,"1"
98.941526073743205,11949,442,2,"2"
99.389722886653175,11931,460,1,"1"
101.5650914380859,11913,478,1,"1"
103.94798254439992,11895,496,1,"1"
106.98894117400975,11875,516,2,"2"
107.96125831297344,11857,534,1,"1"
113.23698825354916,11847,544,1,"1"
114.27447877629402,11649,742,11,"10-1"
116.80493332924713,11648,743,1,"1"
118.79768139637494,11630,761,1,"1"
119.17318806719001,11612,779,1,"1"
120.81949516838284,11598,793,1,"1"
125.13009648527985,11580,811,1,"1"
126.35817798023869,11562,829,1,"1"
128.09945799403482,11544,847,1,"1"
136.41276240768133,10608,1783,52,"37-12-1-1-1"
138.29107724893456,10370,2021,14,"13-1"
145.25199585434865,10352,2039,1,"1"
147.59105084831108,10334,2057,1,"1"
152.88810745240389,10324,2067,1,"1"
157.21407858395847,10306,2085,1,"1"
158.93094514365444,10288,2103,1,"1"
161.224987292657,10263,2128,3,"3"
166.58303223959894,9885,2506,21,"21"
167.00620523404308,9867,2524,1,"1"
167.93661792114111,9849,2542,1,"1"
169.22112934204532,9831,2560,1,"1"
170.1061884042951,9813,2578,1,"1"
171.49023256743754,9795,2596,1,"1"
176.92763746094258,9777,2614,1,"1"
177.86894659001874,9705,2686,4,"4"
178.94298607948835,9669,2722,2,"2"
183.29541557446618,9651,2740,1,"1"
185.50604838596112,9633,2758,1,"1"
185.67546460923541,9617,2774,1,"1"
187.72097450129328,9581,2810,2,"2"
192.85008014379645,9563,2828,1,"1"
193.08456304209071,9545,2846,1,"1"
197.51810078194765,9529,2862,1,"1"
197.95872548230278,9511,2880,1,"1"
198.32265670490267,9493,2898,1,"1"
202.19386675063538,9475,2916,1,"1"
202.78744117297379,9472,2919,1,"1"
203.16393340444489,9454,2937,1,"1"
204.31928010117736,9400,2991,3,"2-1"
204.89563099034314,9364,3027,2,"1-1"
205.57256716455117,9346,3045,1,"1"
210.83608766556065,8734,3657,34,"31-1-1-1"
212.80977554711123,8672,3719,5,"3-2"
213.96991739612301,8667,3724,1,"1"
225.07021361387694,0,12391,506,"506"
