f,num_active_particles,num_deleted_particles,total_deleted_rods,avalanche_sizes
0,10489,0,0,"0"
15.375907875858822,10480,9,1,"1"
26.004150958905463,10462,27,1,"1"
26.773472229689347,10448,41,1,"1"
33.912512232585421,10447,42,1,"1"
45.35520412496404,10437,52,1,"1"
57.454881723317776,10401,88,2,"2"
66.188142159685782,10365,124,2,"1-1"
67.555280037123865,10347,142,1,"1"
68.978539242513477,10329,160,1,"1"
69.700258731121536,10322,167,1,"1"
69.900377511021645,10304,185,1,"1"
70.401189041016096,10286,203,1,"1"
70.454677498319967,10276,213,1,"1"
70.484727350253522,10258,231,1,"1"
73.705284342984697,10240,249,1,"1"
75.702139464165725,10222,267,1,"1"
82.732676910539624,10204,285,1,"1"
88.418867811011026,10186,303,1,"1"
93.625255199610223,10150,339,2,"2"
98.658954793672535,10132,357,2,"1-1"
107.14495807761139,10114,375,1,"1"
114.98421740655749,10086,403,2,"1-1"
115.29008024135422,10016,473,4,"4"
121.68199069283608,9998,491,1,"1"
122.03577485239587,9987,502,1,"1"
124.11101533119019,9969,520,1,"1"
126.12074178255814,9951,538,1,"1"
127.81973944138943,9923,566,2,"2"
130.11013858335565,9920,569,1,"1"
137.55831176732232,9902,587,1,"1"
142.11490999462828,9899,590,1,"1"
149.62291055558961,9773,716,7,"5-1-1"
153.67426996115074,9760,729,3,"3"
156.13808233064913,9750,739,2,"2"
159.27075536906676,9747,742,1,"1"
160.72575577982124,9279,1210,26,"23-1-1-1"
162.93355381080218,9186,1303,6,"5-1"
165.7417869522331,9172,1317,1,"1"
168.08112287808436,9154,1335,1,"1"
173.258127765854,9136,1353,1,"1"
176.38332309822601,9100,1389,2,"2"
181.2706314360999,9086,1403,1,"1"
184.15542712478529,9050,1439,2,"1-1"
184.42994377494804,9032,1457,1,"1"
184.806112940356,9014,1475,1,"1"
189.94082342577533,9004,1485,2,"1-1"
194.89184691933769,8968,1521,2,"1-1"
197.19241716778578,8950,1539,1,"1"
208.12146745599057,8878,1611,4,"2-1-1"
212.79187772172099,8875,1614,1,"1"
213.23272092415951,0,10489,510,"510"
----------------------------------------------1
0,10489,0,0,"0"
24.797486262586446,10479,10,1,"1"
30.36788762290497,10478,11,1,"1"
35.42159986319507,10460,29,1,"1"
40.827092071714333,10446,43,1,"1"
43.742025309807616,10428,61,1,"1"
45.15402417458084,10418,71,1,"1"
52.858819031903586,10400,89,1,"1"
57.192139022015645,10382,107,1,"1"
65.995081756585364,10346,143,2,"2"
72.922756770109203,10274,215,4,"4"
77.388633824323051,10256,233,1,"1"
77.874226293606199,10238,251,1,"1"
78.88379540575248,10235,254,1,"1"
80.726343562666926,10207,282,4,"4"
83.85743575691825,10189,300,1,"1"
86.675150253175914,10179,310,2,"2"
90.329258962383335,10161,328,1,"1"
92.58433972752681,10145,344,2,"1-1"
99.473401010982229,10133,356,2,"1-1"
111.50853611516311,10115,374,1,"1"
113.22471391864437,10097,392,1,"1"
115.24067484363714,10079,410,1,"1"
115.62069242805728,9965,524,8,"5-2-1"
116.89590223012462,9947,542,1,"1"
119.80438768248882,9929,560,1,"1"
126.83457108956706,9915,574,1,"1"
128.50749159399925,9897,592,1,"1"
143.57840752599307,9827,662,4,"4"
154.4583386673672,9813,676,1,"1"
155.27751427407381,9796,693,3,"3"
173.13706630843808,9786,703,1,"1"
173.54715627450486,9776,713,2,"2"
173.74099010542929,9758,731,1,"1"
199.10404314175079,9074,1415,38,"30-2-2-1-1-1-1"
203.02870474948048,9022,1467,4,"3-1"
207.03681875889279,9004,1485,1,"1"
208.85120248552573,8995,1494,1,"1"
212.73623323827849,8984,1505,1,"1"
226.23477867796484,8927,1562,5,"2-1-1-1"
227.88383825947588,8891,1598,2,"1-1"
234.44340253329094,0,10489,507,"507"
----------------------------------------------2
0,10489,0,0,"0"
4.4342409031625918,10471,18,1,"1"
18.703216056546925,10461,28,1,"1"
19.588287442505006,10451,38,1,"1"
26.566849108773074,10433,56,1,"1"
37.208678034001927,10424,65,1,"1"
43.230412025193267,10010,479,23,"23"
44.048284227197357,9992,497,1,"1"
44.9449062021963,9991,498,1,"1"
52.200071673345711,9919,570,4,"4"
55.716953664776334,9904,585,1,"1"
57.453302464063356,9872,617,2,"1-1"
64.652526734555167,9869,620,1,"1"
74.169401162409358,9851,638,1,"1"
79.13022795664034,9835,654,1,"1"
86.273632846834943,9821,668,2,"2"
89.781988437127112,9811,678,2,"2"
98.061707631171387,9793,696,1,"1"
99.703428950533066,9777,712,1,"1"
101.02102757408868,9761,728,2,"1-1"
107.22768050800732,9747,742,1,"1"
114.33928040499848,9729,760,1,"1"
114.33996329625452,9711,778,1,"1"
118.49816044891988,9600,889,7,"5-1-1"
120.79397075051861,9582,907,1,"1"
132.10503093509607,9564,925,1,"1"
132.72986156001718,9561,928,1,"1"
133.21683205691397,9543,946,1,"1"
137.3696363291524,9540,949,1,"1"
137.67199037616513,9522,967,1,"1"
137.7746902786437,9504,985,1,"1"
138.53309939582203,9468,1021,2,"2"
141.32375030827336,9432,1057,2,"2"
142.43297066140897,9396,1093,2,"2"
144.88040776106078,9376,1113,2,"1-1"
155.89569556523551,9340,1149,2,"2"
162.85029748481088,9322,1167,1,"1"
165.80168780422781,9304,1185,1,"1"
169.54511894303479,9286,1203,1,"1"
171.01912528661694,9250,1239,2,"1-1"
171.42745306072263,9228,1261,2,"2"
171.74051590411636,9210,1279,1,"1"
178.21815666169871,9156,1333,3,"2-1"
179.89098265181886,9120,1369,2,"2"
186.02994707052295,9102,1387,1,"1"
191.37758393077627,9091,1398,1,"1"
193.24308004023655,9073,1416,1,"1"
196.12516001219606,9070,1419,1,"1"
199.30222810102168,9052,1437,1,"1"
199.59406395316128,9049,1440,1,"1"
199.93311491907048,9044,1445,1,"1"
205.67813754509402,9026,1463,1,"1"
207.55443409789473,8954,1535,4,"1-1-1-1"
215.66520566968222,8936,1553,1,"1"
216.80638333708197,8918,1571,1,"1"
220.24695068928739,8900,1589,1,"1"
221.05361432664745,8852,1637,3,"3"
222.69815289969222,8834,1655,1,"1"
223.59536471719886,8831,1658,1,"1"
223.67559825886315,8687,1802,8,"3-3-1-1"
223.98096020131561,8669,1820,1,"1"
226.33777609012586,8664,1825,1,"1"
228.6891714529055,0,10489,497,"497"
----------------------------------------------3
0,10489,0,0,"0"
29.492317183225648,10488,1,1,"1"
39.637690083703191,10478,11,1,"1"
39.910998286036353,10442,47,2,"2"
42.568369471118061,10428,61,1,"1"
43.689233753452136,10410,79,1,"1"
43.740029761598187,10392,97,1,"1"
55.404162039416853,10374,115,1,"1"
58.186355402655678,10356,133,1,"1"
72.760110834115082,10320,169,2,"2"
79.686052550951331,10307,182,1,"1"
79.727358101674824,10304,185,1,"1"
83.292696431789381,10295,194,1,"1"
87.590687226297177,10277,212,1,"1"
92.120969074751841,10259,230,1,"1"
93.471448391699056,10253,236,2,"1-1"
94.797244103972091,10243,246,1,"1"
96.976156082648174,10225,264,1,"1"
109.14304446579861,10207,282,1,"1"
109.44345336182401,10132,357,5,"4-1"
116.85879873489871,10114,375,2,"2"
120.28692361614623,10096,393,1,"1"
121.37667059696702,10078,411,1,"1"
144.46112776819245,10068,421,2,"2"
150.5546424198904,10050,439,1,"1"
151.1088752743521,9600,889,25,"22-1-1-1"
163.04431888501702,9582,907,1,"1"
167.73204424240646,9564,925,1,"1"
169.18145724912148,9528,961,2,"2"
173.75978581654459,9525,964,1,"1"
177.38553740832236,9510,979,1,"1"
183.8898520007846,9492,997,1,"1"
184.36596046067663,9456,1033,2,"2"
186.8473052016279,9438,1051,1,"1"
196.41080563579166,9377,1112,6,"3-2-1"
206.70431210924536,9359,1130,1,"1"
213.70986447497191,9335,1154,4,"2-2"
215.32651473807269,9317,1172,1,"1"
215.6052035745189,9281,1208,2,"2"
216.45213043444139,9263,1226,1,"1"
218.30355296114027,9245,1244,1,"1"
225.68940599376202,9029,1460,12,"4-3-2-1-1-1"
227.04166055123278,0,10489,519,"519"
----------------------------------------------4
0,10489,0,0,"0"
11.994653554604472,10396,93,6,"5-1"
16.288403360487003,10395,94,1,"1"
22.700887099730981,10377,112,1,"1"
29.470546646377134,10367,122,1,"1"
33.556877287204046,9953,536,23,"23"
37.130315587751234,9939,550,1,"1"
45.892162936212742,9921,568,1,"1"
50.955628767662368,9885,604,2,"2"
51.630872697379914,9882,607,1,"1"
52.343878673775961,9864,625,1,"1"
61.564939432854473,9846,643,1,"1"
67.197464217692243,9810,679,2,"2"
71.929334729954434,9785,704,3,"3"
73.917348037018286,9605,884,10,"10"
80.623848325591922,9569,920,2,"2"
87.825109362361559,9559,930,1,"1"
95.231085618124382,9550,939,1,"1"
96.289063394185618,9532,957,1,"1"
98.9347749832652,9514,975,1,"1"
100.85934769389856,9507,982,1,"1"
100.87374848038083,9489,1000,1,"1"
101.55861523076717,9486,1003,1,"1"
103.15251616185236,9483,1006,1,"1"
103.44047290002351,9447,1042,2,"1-1"
104.44021525795712,9429,1060,1,"1"
104.57079851692404,9416,1073,1,"1"
104.57935451031248,9398,1091,1,"1"
105.65669564637658,9380,1109,1,"1"
105.92097692285252,9362,1127,1,"1"
108.79004327812578,9344,1145,1,"1"
111.026327736846,9326,1163,1,"1"
111.26996957017826,9319,1170,1,"1"
112.92711024550347,9283,1206,2,"2"
113.88575495090107,8966,1523,18,"16-1-1"
116.29711419559568,8948,1541,1,"1"
118.89240305920184,8930,1559,1,"1"
119.68343334371389,8916,1573,2,"2"
125.24527436291642,8898,1591,1,"1"
135.47912230112772,8862,1627,2,"1-1"
136.52338725849916,8844,1645,1,"1"
140.9544165917824,8826,1663,1,"1"
142.56119942557686,8823,1666,1,"1"
152.52842923030624,8807,1682,1,"1"
155.92395512751003,8771,1718,2,"2"
156.0047737814144,8709,1780,4,"3-1"
159.3888247245574,0,10489,504,"504"
----------------------------------------------5
0,10489,0,0,"0"
3.5669011653180052,10471,18,1,"1"
9.3764356778750884,10470,19,1,"1"
35.034628584266621,10452,37,1,"1"
41.238189891905272,10438,51,1,"1"
43.786372237660657,10420,69,1,"1"
49.444544725344741,10410,79,1,"1"
58.711815798322718,10401,88,1,"1"
64.533110998261947,10383,106,1,"1"
64.652408621017656,10365,124,1,"1"
67.209688501920525,10351,138,1,"1"
67.606999740602092,10333,156,1,"1"
72.352142355969477,10319,170,1,"1"
74.917191539104351,10301,188,1,"1"
82.888763507861171,10226,263,5,"4-1"
91.417927285433919,10180,309,3,"2-1"
101.4112589057586,10162,327,1,"1"
103.28215411147575,10149,340,1,"1"
111.04397544169568,10131,358,1,"1"
121.02241448402062,10128,361,1,"1"
121.45167274701237,10110,379,1,"1"
121.64524483478409,10085,404,3,"3"
122.71950664307532,10067,422,1,"1"
132.28782210149959,10013,476,3,"3"
136.16172492916391,9995,494,1,"1"
138.2361063397349,9977,512,1,"1"
144.31257563219231,9971,518,2,"2"
152.09567604830198,9953,536,1,"1"
155.82295365148229,9377,1112,32,"26-2-2-1-1"
156.09639534250604,9323,1166,3,"2-1"
166.74372989841044,9301,1188,2,"2"
171.37771234521026,9283,1206,1,"1"
173.46715198626092,9265,1224,1,"1"
174.0660156204917,9247,1242,1,"1"
177.83571935465136,9229,1260,1,"1"
179.66043003133143,9211,1278,1,"1"
182.99057046031851,9193,1296,1,"1"
184.50207851510984,9175,1314,1,"1"
187.73982103128321,9157,1332,1,"1"
187.81737366046823,9141,1348,1,"1"
189.02767196597156,9123,1366,1,"1"
194.68608812395317,9105,1384,1,"1"
197.72331131265256,9089,1400,1,"1"
200.15295723305888,9071,1418,1,"1"
204.72786178683239,8351,2138,40,"30-3-1-1-1-1-1-1-1"
206.90719573762507,8189,2300,9,"6-1-1-1"
212.99309537957285,8171,2318,1,"1"
213.32638262567127,8153,2336,1,"1"
214.69961792310733,8135,2354,1,"1"
215.52060895522158,0,10489,475,"475"
----------------------------------------------6
0,10489,0,0,"0"
9.4656816881154668,10471,18,1,"1"
18.30334183809936,10453,36,1,"1"
28.557325681065091,10439,50,1,"1"
43.851113964694719,10429,60,1,"1"
52.069329377639235,10428,61,1,"1"
52.463918439740475,10418,71,1,"1"
59.533955148576958,10400,89,1,"1"
69.315595565308882,10387,102,1,"1"
69.335343560961434,10369,120,1,"1"
73.047824772477725,10360,129,1,"1"
76.808223897858241,10342,147,1,"1"
77.354786709779376,10306,183,2,"2"
79.535676626071478,10288,201,1,"1"
80.056586066195834,9874,615,23,"22-1"
80.996549429044052,9856,633,1,"1"
81.192668933552611,9770,719,5,"4-1"
84.001751543006691,9767,722,1,"1"
100.78232132561514,9749,740,1,"1"
103.83797444480481,9738,751,1,"1"
110.87699128350351,9716,773,2,"2"
121.25720592139183,9698,791,1,"1"
128.86035540224051,9680,809,1,"1"
132.34971969022706,9662,827,1,"1"
135.86074797579687,9626,863,2,"2"
142.87091209130136,9502,987,11,"5-5-1"
145.22195992030339,9491,998,1,"1"
146.78070834342125,9473,1016,1,"1"
147.61733273675011,9437,1052,2,"2"
150.94986289153346,9329,1160,6,"3-2-1"
156.83582199628071,8681,1808,36,"26-5-2-1-1-1"
163.41955857126399,8663,1826,1,"1"
164.90541641376146,8645,1844,1,"1"
169.58700579191364,0,10489,503,"503"
----------------------------------------------7
0,10489,0,0,"0"
21.10674307789013,10475,14,1,"1"
26.32972310693134,10474,15,1,"1"
26.945795610005227,10471,18,1,"1"
33.52569205194574,10399,90,4,"4"
38.389048475002419,10363,126,2,"2"
47.306140900229529,10281,208,5,"2-1-1-1"
52.338109949724014,10278,211,1,"1"
52.776816724977849,10269,220,1,"1"
54.124431705868183,10251,238,1,"1"
55.155596241603519,10235,254,1,"1"
63.069659465800321,10217,272,1,"1"
64.808010532100354,9548,941,38,"36-1-1"
68.396632449381841,9476,1013,4,"4"
75.433790653747735,9432,1057,6,"5-1"
75.725964675979952,9429,1060,1,"1"
80.811296841032302,9426,1063,1,"1"
83.07512530765905,9416,1073,1,"1"
83.532893809349247,9413,1076,1,"1"
88.752990035901604,9395,1094,1,"1"
94.176811450521654,9377,1112,1,"1"
96.526038309426184,9370,1119,1,"1"
103.02908149681861,9352,1137,1,"1"
108.72376595277147,9334,1155,1,"1"
113.36910593593072,9316,1173,2,"2"
119.0399611215559,9311,1178,1,"1"
123.36220941424195,9041,1448,15,"12-2-1"
126.45548019782379,9023,1466,1,"1"
128.57616048839131,9005,1484,1,"1"
129.93549128164543,8987,1502,1,"1"
132.68582196275722,8951,1538,2,"1-1"
134.38157440488146,8933,1556,1,"1"
138.43163983496521,8483,2006,25,"22-1-1-1"
139.91656876881424,8321,2168,9,"9"
142.27546463479425,8303,2186,1,"1"
144.02994665649217,8285,2204,1,"1"
151.14516603695029,8267,2222,1,"1"
154.86849598064001,8258,2231,1,"1"
156.65428652372773,8114,2375,8,"5-1-1-1"
167.39209417879081,8100,2389,1,"1"
168.82862212226402,8082,2407,1,"1"
175.43341661411174,8064,2425,1,"1"
178.4726170503707,7992,2497,4,"2-1-1"
178.9576874162079,7987,2502,1,"1"
179.52595328856444,7969,2520,1,"1"
182.27405219334213,7951,2538,1,"1"
182.98979145399883,0,10489,459,"459"
----------------------------------------------8
0,10489,0,0,"0"
17.721674633772189,10471,18,1,"1"
17.725384884672579,10456,33,1,"1"
27.2674026476368,10442,47,1,"1"
39.231297309062327,10424,65,1,"1"
46.653440407779236,10421,68,1,"1"
49.685128452355379,10417,72,2,"1-1"
50.645378249288491,10402,87,1,"1"
52.787887185127175,10384,105,1,"1"
54.944251726589094,10374,115,2,"2"
56.515540137609044,10364,125,1,"1"
59.556658166755852,10346,143,1,"1"
62.17194692332609,10337,152,1,"1"
63.47494220386438,10326,163,1,"1"
63.490264561250221,10308,181,1,"1"
65.949373899950089,10290,199,1,"1"
70.064101813599891,10272,217,1,"1"
74.301574259275398,10254,235,1,"1"
83.527333453276256,10236,253,1,"1"
83.622780187591005,10218,271,1,"1"
87.346586731484265,10182,307,2,"2"
88.611528784082566,10172,317,1,"1"
96.358102627973835,10136,353,2,"1-1"
99.103671250516271,10100,389,2,"2"
103.06648003091225,10010,479,5,"4-1"
106.47711540349842,9997,492,1,"1"
107.63113863584148,9979,510,1,"1"
110.74153472057675,9961,528,1,"1"
115.64726536808871,9954,535,1,"1"
118.11009009463038,9936,553,1,"1"
118.38383101828096,9918,571,1,"1"
126.93395588719565,9910,579,2,"1-1"
129.18424181664693,9892,597,1,"1"
131.88032578380668,9886,603,2,"2"
132.03779540962719,9868,621,1,"1"
134.75894887874014,9850,639,1,"1"
148.64201026199703,9832,657,1,"1"
154.66541139701928,9721,768,7,"6-1"
155.84862350513896,9703,786,1,"1"
163.14267148633672,9689,800,2,"2"
164.6777012115237,9668,821,3,"2-1"
167.19204623859474,9650,839,1,"1"
168.10564689740562,9632,857,1,"1"
169.80292539022307,9617,872,1,"1"
175.96693321161575,9401,1088,12,"7-2-1-1-1"
186.66595658844736,9329,1160,4,"4"
187.71950773282734,9293,1196,2,"2"
191.76561515890458,9221,1268,4,"2-1-1"
191.83567412070425,0,10489,530,"530"
----------------------------------------------9
0,10489,0,0,"0"
17.090117255664747,10471,18,1,"1"
29.828133679531863,10461,28,1,"1"
31.064450343711016,10443,46,1,"1"
39.963073021871537,10440,49,1,"1"
51.961416800098377,10422,67,1,"1"
52.063829835213504,10421,68,1,"1"
53.147438233509334,10411,78,1,"1"
53.885638853442408,10393,96,1,"1"
56.385008476247563,10315,174,5,"4-1"
64.123346806015022,10279,210,2,"1-1"
68.176142203394477,10243,246,2,"2"
75.572555732404652,10225,264,1,"1"
75.774698349809256,10212,277,1,"1"
78.463618904315837,10194,295,1,"1"
78.68808678418327,10176,313,1,"1"
80.306201479890376,10158,331,1,"1"
87.625964334354009,10140,349,1,"1"
88.288761659423017,10122,367,1,"1"
92.701951241387718,10113,376,1,"1"
93.310451640786624,10095,394,1,"1"
98.5835907084913,10086,403,1,"1"
99.487960424368424,10031,458,6,"3-1-1-1"
100.60563052304114,10025,464,2,"2"
102.99279696848238,10007,482,1,"1"
106.76936066264587,10004,485,1,"1"
108.04929338585151,9986,503,1,"1"
115.85689846611427,9968,521,1,"1"
118.89658338871936,9950,539,1,"1"
123.26652073354487,9518,971,24,"21-1-1-1"
125.12651760359701,9500,989,1,"1"
126.54956132646153,9464,1025,2,"2"
136.10762777642174,9461,1028,1,"1"
143.51756239733908,9443,1046,1,"1"
145.05505074584076,9425,1064,1,"1"
147.01705053227224,9409,1080,1,"1"
151.99153519684069,9211,1278,11,"8-2-1"
155.86192967469685,9193,1296,1,"1"
165.33418963530991,9175,1314,1,"1"
165.86201009970492,9157,1332,1,"1"
173.04535729401675,9082,1407,5,"5"
174.17308775135766,8938,1551,8,"8"
175.67624721560534,8920,1569,1,"1"
183.84677262063275,8895,1594,3,"2-1"
188.34979689074888,8319,2170,32,"30-1-1"
189.93476519067352,8314,2175,1,"1"
196.57464351350953,8296,2193,1,"1"
197.03747116994322,8282,2207,1,"1"
198.36374903881523,8264,2225,1,"1"
198.93813938565165,8228,2261,2,"2"
200.15120481506736,8210,2279,1,"1"
200.70841642240239,8205,2284,1,"1"
200.84448601250298,8198,2291,1,"1"
201.05760039524887,0,10489,472,"472"
