f,num_active_particles,num_deleted_particles,total_deleted_rods,avalanche_sizes
0,10626,0,0,"0"
34.011810261015519,10608,18,1,"1"
36.283863380651525,10590,36,1,"1"
44.317928403852726,10576,50,1,"1"
47.355744507764285,10575,51,1,"1"
52.051574565105987,10565,61,1,"1"
54.84237692882138,10547,79,1,"1"
56.251276408189099,10529,97,1,"1"
61.308517354746009,10511,115,1,"1"
65.450022110259084,10510,116,1,"1"
70.720925474191304,10492,134,1,"1"
70.903360374694458,10474,152,1,"1"
72.77343388389987,10471,155,1,"1"
74.430692178091661,10465,161,2,"1-1"
77.399658576615536,10375,251,5,"5"
84.529445451683458,10357,269,1,"1"
85.28357444184212,9879,747,28,"15-5-4-1-1-1-1"
89.782907629574794,9872,754,3,"1-1-1"
90.639639174909462,9854,772,1,"1"
95.845750980623563,9519,1107,19,"18-1"
112.47805922359491,9516,1110,1,"1"
114.92268249396341,9498,1128,1,"1"
119.05778901481878,9462,1164,2,"1-1"
119.39199081668639,9444,1182,1,"1"
125.48552971261707,9433,1193,1,"1"
126.50661902221832,9421,1205,1,"1"
129.64933698876897,9403,1223,1,"1"
130.55193882179753,0,10626,544,"544"
----------------------------------------------1
0,10626,0,0,"0"
10.26326658730647,10625,1,1,"1"
24.232945245112138,10624,2,1,"1"
38.247378399465504,10619,7,1,"1"
42.757551822503295,10601,25,1,"1"
48.18692246953335,10583,43,1,"1"
59.637328296512827,10569,57,1,"1"
61.12197155653039,10551,75,1,"1"
62.700545235494026,10527,99,2,"1-1"
65.357829380393682,10509,117,1,"1"
67.807410324068016,10491,135,1,"1"
68.246413418229736,10490,136,1,"1"
69.729707977237013,10472,154,1,"1"
74.068928977908371,10459,167,1,"1"
76.669718508791576,9199,1427,75,"74-1"
78.119846566225547,8834,1792,21,"15-5-1"
80.825387089050452,8816,1810,1,"1"
82.305165379479348,8798,1828,1,"1"
83.968815096721585,8780,1846,1,"1"
92.481754862611197,8550,2076,14,"13-1"
95.341383551949804,8532,2094,1,"1"
96.655153533095515,8514,2112,1,"1"
97.969490068684991,8460,2166,3,"1-1-1"
100.64434025862514,8442,2184,1,"1"
100.98747268935269,8424,2202,1,"1"
105.36776039853613,8406,2220,1,"1"
127.11994549917313,8382,2244,2,"2"
132.0308769908363,8364,2262,1,"1"
134.42679682327568,8346,2280,1,"1"
141.06504972013917,8184,2442,9,"5-1-1-1-1"
141.29092243187094,0,10626,475,"475"
----------------------------------------------2
0,10626,0,0,"0"
17.469208562285829,10608,18,1,"1"
19.090749865905288,10243,383,21,"15-5-1"
27.013519304731489,10225,401,1,"1"
29.760040107267692,10224,402,1,"1"
35.163536577137705,10223,403,1,"1"
42.416548647987035,10205,421,1,"1"
49.063900744820259,10187,439,1,"1"
58.864170208007089,10169,457,1,"1"
62.774656292848974,10151,475,1,"1"
68.924744087976535,10133,493,1,"1"
71.641151852123485,10132,494,1,"1"
72.191946765121216,10122,504,1,"1"
72.197896472542368,9894,732,14,"14"
73.911524082395104,9876,750,1,"1"
79.370120907766363,9732,894,8,"4-2-1-1"
79.805187260409639,9684,942,3,"3"
81.369291199613286,9661,965,3,"2-1"
84.247695139177736,9643,983,1,"1"
84.450486000176255,9625,1001,1,"1"
90.18464787707542,9611,1015,1,"1"
91.283686393111211,8154,2472,84,"69-3-3-1-1-1-1-1-1-1-1-1"
91.455455808250932,8136,2490,1,"1"
95.056770772083439,0,10626,474,"474"
----------------------------------------------3
0,10626,0,0,"0"
39.10669749777874,10625,1,1,"1"
39.570828423477572,10607,19,1,"1"
41.707153954785881,10589,37,1,"1"
44.515425556002207,10553,73,2,"1-1"
45.317617874096641,10552,74,1,"1"
57.569723402628625,10542,84,1,"1"
59.420939974106126,10506,120,2,"1-1"
59.758831421073104,10488,138,1,"1"
66.620350093751384,10434,192,3,"3"
71.000438807585667,10416,210,1,"1"
71.717974962676891,10038,588,22,"15-5-1-1"
79.097463880694974,10033,593,1,"1"
81.370632155474581,10032,594,1,"1"
89.838166910313603,10031,595,1,"1"
91.585806385530589,10017,609,1,"1"
92.269381940097574,9999,627,1,"1"
97.704952722355401,9998,628,1,"1"
102.79811849483286,9980,646,1,"1"
102.8598932105337,9962,664,1,"1"
104.45068279180111,9957,669,1,"1"
117.36634033098073,9939,687,1,"1"
121.81479281955826,9903,723,2,"1-1"
122.58474035649793,9885,741,1,"1"
131.53552986262261,9867,759,1,"1"
136.17397536037495,9849,777,1,"1"
137.58729362179767,9840,786,1,"1"
141.31117476832239,9822,804,1,"1"
141.57355552534173,9804,822,1,"1"
145.14583557043926,9786,840,1,"1"
151.11086729735365,9783,843,1,"1"
151.3920744587794,9765,861,1,"1"
154.20723112353588,9729,897,2,"2"
155.36623465015214,9657,969,4,"3-1"
156.49394499644157,9639,987,1,"1"
157.8227775567168,9603,1023,2,"2"
158.36233671369601,9600,1026,1,"1"
162.17221864765943,9582,1044,1,"1"
172.28536216260892,9564,1062,1,"1"
172.67197971147246,0,10626,554,"554"
----------------------------------------------4
0,10626,0,0,"0"
7.3237655921440492,10625,1,1,"1"
17.501387811581846,10607,19,1,"1"
20.589198446246087,10606,20,1,"1"
23.333216482810432,10588,38,1,"1"
45.288063681271055,10564,62,2,"1-1"
47.476142455868562,10546,80,1,"1"
50.726944528305665,10420,206,7,"5-1-1"
51.60548730674391,10346,280,5,"3-2"
58.116090851530032,10341,285,1,"1"
60.421149483979931,10323,303,1,"1"
60.832468681411186,10269,357,3,"3"
66.345255082932809,10268,358,1,"1"
68.215709203216875,10250,376,1,"1"
75.284586744894995,10232,394,1,"1"
76.091438550264883,10231,395,1,"1"
84.777125879756539,10213,413,1,"1"
86.187963655190458,9729,897,28,"14-13-1"
87.305171596461136,9711,915,1,"1"
89.858178448384336,9693,933,1,"1"
91.770229487278186,9675,951,1,"1"
92.323638852000173,9664,962,1,"1"
95.482409211905633,9646,980,1,"1"
97.882818528812408,9538,1088,6,"6"
98.106715247404622,9520,1106,1,"1"
98.844901269115567,9502,1124,1,"1"
101.77259402344393,9484,1142,1,"1"
105.28073237390014,9466,1160,1,"1"
109.54357691715504,9448,1178,1,"1"
113.08727277023257,9409,1217,4,"2-1-1"
118.18996248624858,9391,1235,1,"1"
118.68021448760805,9388,1238,1,"1"
123.83101274510877,9385,1241,1,"1"
124.24690459641951,9367,1259,1,"1"
125.2747137644115,9295,1331,4,"4"
130.05122349201312,9286,1340,1,"1"
130.33426527563614,9268,1358,1,"1"
131.29459805992062,9145,1481,7,"7"
132.73151757888124,9127,1499,1,"1"
134.58961553317747,9124,1502,1,"1"
138.12087616154264,9106,1520,1,"1"
146.17490138829066,9088,1538,1,"1"
147.47355044130444,9070,1556,1,"1"
147.89774758228282,8944,1682,7,"6-1"
149.257207982414,8908,1718,2,"2"
151.8983142919503,8866,1760,3,"3"
154.93184047332343,0,10626,512,"512"
----------------------------------------------5
0,10626,0,0,"0"
26.201915473173258,10608,18,1,"1"
37.829153912427884,10590,36,1,"1"
38.364280950480563,10589,37,1,"1"
39.740416300020584,10571,55,1,"1"
44.713642473704994,10553,73,1,"1"
52.44907258931228,10535,91,1,"1"
54.335166850186745,10517,109,1,"1"
55.265095240857846,10481,145,2,"2"
58.172171202171597,10480,146,1,"1"
59.63668836224457,10462,164,1,"1"
63.273921197320625,10444,182,1,"1"
67.278470546371693,10426,200,1,"1"
70.184476172566306,10419,207,1,"1"
71.474736821158388,10395,231,2,"1-1"
72.748759289370412,10394,232,1,"1"
73.508658230655243,10376,250,1,"1"
80.071205310129557,10371,255,1,"1"
85.21280191954547,10353,273,1,"1"
87.970223308965046,10335,291,1,"1"
90.476604395270471,10334,292,1,"1"
91.747961266793908,10316,310,1,"1"
92.66318223126207,9634,992,39,"17-14-5-1-1-1"
94.64172504534308,9633,993,1,"1"
95.172968298047024,9615,1011,1,"1"
95.193174771328628,9597,1029,1,"1"
96.840090587161839,9594,1032,1,"1"
102.26050783288615,9444,1182,9,"8-1"
109.86530322084681,9390,1236,3,"3"
116.62519136100656,9372,1254,1,"1"
130.92383865320332,0,10626,544,"544"
----------------------------------------------6
0,10626,0,0,"0"
28.824543406805972,10608,18,1,"1"
30.674878428030247,10607,19,1,"1"
37.350578108657693,10589,37,1,"1"
48.188493388668256,10584,42,1,"1"
48.754932421784716,10566,60,1,"1"
50.052572001087952,10565,61,1,"1"
50.127142327554992,10547,79,1,"1"
55.392803777770567,10529,97,1,"1"
65.393359594995928,10511,115,1,"1"
70.034488919546874,10493,133,1,"1"
70.674170178388167,10475,151,1,"1"
72.271101389560201,10457,169,1,"1"
74.746389462168622,9143,1483,78,"74-2-1-1"
75.173018320359574,8807,1819,20,"17-1-1-1"
77.636852368351597,8771,1855,2,"2"
79.477860028614046,8406,2220,21,"15-5-1"
80.748101532401947,8388,2238,1,"1"
81.067856838485213,8370,2256,1,"1"
85.512573973138544,8360,2266,1,"1"
86.655415687119373,8342,2284,1,"1"
87.132357261260097,8324,2302,1,"1"
88.170955591451857,8310,2316,1,"1"
88.547555652829317,8292,2334,1,"1"
94.040484380637139,8274,2352,1,"1"
104.46749005174547,8256,2370,1,"1"
106.89404766032901,8238,2388,1,"1"
111.79146235497495,8202,2424,2,"2"
111.90805618006762,8040,2586,9,"8-1"
114.35513108696917,8004,2622,2,"2"
114.90778820674659,8001,2625,1,"1"
115.85208825162087,7983,2643,1,"1"
120.54311021362624,7965,2661,1,"1"
122.90502515049552,7947,2679,1,"1"
124.57308225616045,0,10626,463,"463"
----------------------------------------------7
0,10626,0,0,"0"
15.65508039696757,10625,1,1,"1"
25.296749122079564,10615,11,1,"1"
34.707821339351668,10597,29,1,"1"
43.077622277212676,10596,30,1,"1"
43.477502561331804,10595,31,1,"1"
43.7591015420603,10577,49,1,"1"
48.332286271708838,10559,67,1,"1"
72.310310248921184,10543,83,2,"1-1"
72.325392829898107,10525,101,1,"1"
73.119358504279376,10142,484,22,"15-5-1-1"
76.825617014891435,10139,487,1,"1"
78.312124255188209,10025,601,7,"7"
78.781388024630573,9989,637,2,"2"
80.925218437852493,9971,655,1,"1"
81.758952295291195,9969,657,2,"1-1"
82.424280499987432,9919,707,3,"2-1"
83.031236741797485,9901,725,1,"1"
85.007774029706312,9883,743,1,"1"
85.47512731690486,9865,761,1,"1"
90.175869762878534,9860,766,1,"1"
95.390994380990293,9806,820,3,"2-1"
95.733991271688552,9752,874,3,"3"
98.989522442949109,9734,892,1,"1"
100.75534163726813,9716,910,1,"1"
110.42734112599479,9698,928,1,"1"
111.60616477611279,9685,941,1,"1"
112.04131554308785,9667,959,1,"1"
118.95607302397477,9363,1263,17,"16-1"
127.53672334696952,9345,1281,1,"1"
127.95916389117112,9309,1317,2,"1-1"
130.11657489792682,9219,1407,5,"3-1-1"
130.33814225830181,9201,1425,1,"1"
130.57856802971304,9183,1443,1,"1"
130.62848316834936,9180,1446,1,"1"
134.73037553000631,7631,2995,90,"67-10-2-1-1-1-1-1-1-1-1-1-1-1"
137.32288389003392,7541,3085,5,"3-1-1"
140.53031944855456,7451,3175,5,"4-1"
142.93830878944541,0,10626,432,"432"
----------------------------------------------8
0,10626,0,0,"0"
5.4926412675324139,10608,18,1,"1"
23.075806061458991,10598,28,1,"1"
26.215537142810472,10597,29,1,"1"
27.882945383456729,10453,173,8,"5-2-1"
33.998910442276141,10399,227,3,"3"
39.631890223641669,10381,245,1,"1"
40.315415096248451,10376,250,1,"1"
41.446417202511341,10375,251,1,"1"
41.470781342177467,10370,256,1,"1"
42.084812291762205,10131,495,14,"13-1"
47.309075306123908,10113,513,1,"1"
54.98740120850821,8822,1804,76,"75-1"
55.706751208490132,8804,1822,1,"1"
59.121497309535982,8786,1840,1,"1"
59.297984610344479,8785,1841,1,"1"
62.439567572699744,8767,1859,1,"1"
65.976555739433934,8753,1873,1,"1"
70.727262862001581,8735,1891,1,"1"
72.30878762874444,8699,1927,2,"2"
77.142331559965456,8696,1930,1,"1"
86.398278725515439,8691,1935,1,"1"
87.110566851890027,8637,1989,3,"1-1-1"
90.3983911602852,8353,2273,17,"14-1-1-1"
96.013606247067557,8335,2291,1,"1"
96.026656019609717,8317,2309,1,"1"
99.476275464437194,8281,2345,2,"1-1"
100.21746685097369,8276,2350,1,"1"
100.79057734581099,8273,2353,1,"1"
101.345275754014,8201,2425,4,"2-2"
104.06037211937519,8183,2443,1,"1"
106.66231915622537,8180,2446,1,"1"
108.5857867109647,8126,2500,3,"3"
113.03702531215868,8116,2510,1,"1"
113.04024884945304,8098,2528,1,"1"
113.20004728701977,8080,2546,1,"1"
116.64868073079116,8062,2564,1,"1"
118.67043105883464,8008,2618,3,"3"
120.5219760780783,7972,2654,2,"1-1"
121.3095604676985,0,10626,460,"460"
----------------------------------------------9
0,10626,0,0,"0"
8.2771868178979755,10621,5,1,"1"
17.167043775917247,10603,23,1,"1"
24.092204126718613,10602,24,1,"1"
28.661804244252885,10584,42,1,"1"
32.318627029223741,10566,60,1,"1"
32.515984422792641,10552,74,1,"1"
32.850643469086542,10534,92,1,"1"
39.943646821324286,10533,93,1,"1"
45.608919808808807,10532,94,1,"1"
46.827790371044316,10514,112,1,"1"
48.820105158182116,10513,113,1,"1"
50.287449422514406,10495,131,1,"1"
52.7898157144596,10494,132,1,"1"
63.642403115033247,10476,150,1,"1"
65.381748321437144,10466,160,1,"1"
66.428956840354942,10448,178,1,"1"
76.044711032220889,10430,196,1,"1"
79.217359692618857,10412,214,1,"1"
85.43708826117215,10409,217,1,"1"
85.712241771691623,10391,235,1,"1"
87.298524546322156,10388,238,1,"1"
94.782103741513765,10352,274,2,"2"
95.872405310222987,10334,292,1,"1"
104.09771169761389,0,10626,599,"599"
