f,num_active_particles,num_deleted_particles,total_deleted_rods,avalanche_sizes
0,9889,0,0,"0"
29.270819354103697,9871,18,1,"1"
30.629306625930475,9573,316,17,"14-2-1"
31.068023875272143,9555,334,1,"1"
33.67708564057402,9554,335,1,"1"
40.935403452926245,9536,353,1,"1"
41.772733298204102,9535,354,1,"1"
49.514226466147548,9517,372,1,"1"
49.810259620017483,9489,400,3,"3"
56.428431753939407,9471,418,1,"1"
57.788242837326457,9453,436,1,"1"
66.668063407337442,9435,454,1,"1"
71.053472319801529,9417,472,1,"1"
73.352314891026495,9399,490,1,"1"
80.415977046564052,9381,508,1,"1"
81.766030931991907,9363,526,1,"1"
82.269083086096558,9345,544,1,"1"
83.415525172175634,8895,994,25,"23-2"
91.709566122411644,8877,1012,1,"1"
93.840579089021261,8859,1030,1,"1"
96.562959333643889,8841,1048,1,"1"
98.292221079395105,8823,1066,1,"1"
99.231357777679776,8769,1120,3,"1-1-1"
105.11317335941118,8751,1138,1,"1"
116.54374094493528,8733,1156,1,"1"
117.01475485462882,8697,1192,2,"1-1"
131.19356041777459,8679,1210,1,"1"
136.66060886769799,8661,1228,1,"1"
143.12295059880702,8654,1235,1,"1"
145.61061397213899,8651,1238,1,"1"
146.73395716137637,8609,1280,3,"3"
154.51758081581323,8591,1298,2,"2"
162.6727684349766,8275,1614,18,"10-4-2-1-1"
165.78492899757447,0,9889,475,"475"
----------------------------------------------1
0,9889,0,0,"0"
10.002480432296023,9888,1,1,"1"
20.534483735470044,9887,2,1,"1"
32.670098941313803,9876,13,1,"1"
37.41396279017124,9858,31,1,"1"
42.175124294376879,9840,49,1,"1"
48.923931269767763,9822,67,1,"1"
58.249205306043805,9572,317,14,"14"
62.320010029115373,9554,335,1,"1"
64.269463247159479,9536,353,1,"1"
64.685667118546291,9518,371,1,"1"
64.692927001609718,9500,389,1,"1"
70.985919711813551,9482,407,1,"1"
71.484838148532717,9464,425,1,"1"
72.266210975270042,9446,443,1,"1"
83.426775315742788,9428,461,1,"1"
84.132822091724307,9374,515,3,"3"
85.321741797450997,9356,533,1,"1"
91.547882463260024,9326,563,2,"2"
98.628964491784927,9308,581,1,"1"
108.1360943076149,9254,635,3,"2-1"
108.40046872539864,9236,653,1,"1"
112.63687335428908,9221,668,1,"1"
114.91118155147772,9203,686,1,"1"
117.79273057442815,9197,692,2,"1-1"
120.28070411718186,9179,710,1,"1"
121.28540688018974,9001,888,12,"12"
124.32456239022488,8983,906,1,"1"
124.90148121455198,8893,996,5,"4-1"
126.45316593729119,8227,1662,37,"36-1"
126.95600930174119,8215,1674,1,"1"
127.13167036642409,7423,2466,44,"24-10-4-3-2-1"
128.35085983861947,0,9889,428,"428"
----------------------------------------------2
0,9889,0,0,"0"
5.3019793971133051,9871,18,1,"1"
11.000616108095025,9870,19,1,"1"
12.415866701821805,9852,37,1,"1"
27.519161684926988,9834,55,1,"1"
35.050726656795796,9816,73,1,"1"
36.705172100395281,9798,91,1,"1"
37.948656209419191,9780,109,1,"1"
41.912505799797131,9779,110,1,"1"
44.360980378530002,9529,360,14,"14"
46.661893605081097,9511,378,1,"1"
49.699774149108549,9493,396,1,"1"
55.358848525879715,9475,414,1,"1"
58.335681549774222,9457,432,1,"1"
72.813310733431265,9439,450,1,"1"
73.249497196056964,9349,540,5,"4-1"
100.80902130473139,9342,547,1,"1"
102.6890584768187,9312,577,2,"2"
107.25516105068422,9294,595,1,"1"
109.65367498335898,9276,613,1,"1"
110.18928379433665,9264,625,1,"1"
110.22474222187778,9246,643,1,"1"
115.60750060680891,9228,661,1,"1"
120.83166791832009,9210,679,1,"1"
121.65835410220639,8724,1165,27,"24-2-1"
122.02060951879291,8706,1183,1,"1"
123.14405713919207,8562,1327,8,"4-3-1"
123.8531133947361,8526,1363,2,"1-1"
125.43756478105381,8346,1543,10,"4-3-2-1"
126.25346594236971,8328,1561,2,"2"
129.97187659869846,8238,1651,5,"5"
132.48146161866688,8220,1669,1,"1"
132.74245496917433,8202,1687,1,"1"
134.82095859156851,0,9889,474,"474"
----------------------------------------------3
0,9889,0,0,"0"
21.504444845349113,9888,1,1,"1"
32.413848617944396,9870,19,1,"1"
36.834448784366892,9852,37,1,"1"
38.707896154691078,9834,55,1,"1"
39.258576910123466,9816,73,1,"1"
41.13798767009262,9366,523,25,"23-2"
41.812460100833391,9365,524,1,"1"
41.945653561715005,9347,542,1,"1"
44.126661470358641,9335,554,1,"1"
50.370077829603161,9299,590,2,"1-1"
53.715100783093988,9049,840,14,"14"
55.399421508978982,9031,858,1,"1"
63.531796450579463,9013,876,1,"1"
72.355201174097729,8995,894,1,"1"
73.979523545497244,8984,905,1,"1"
74.136452823334977,8966,923,1,"1"
79.177964254903543,8948,941,1,"1"
92.80875733848525,8930,959,1,"1"
117.53968881480007,8912,977,1,"1"
120.74990207154347,8894,995,1,"1"
122.05575853725257,8876,1013,2,"2"
129.19379537458872,8846,1043,2,"2"
130.11950527243911,8756,1133,5,"5"
130.78446183761582,8741,1148,1,"1"
134.1795179641249,8723,1166,1,"1"
136.47230918725433,8705,1184,1,"1"
137.41787390880577,8687,1202,1,"1"
143.46968297240653,8669,1220,1,"1"
154.01658338345808,8651,1238,1,"1"
157.61730673533225,8639,1250,1,"1"
159.49539033323401,8621,1268,1,"1"
159.75498592418512,0,9889,497,"497"
----------------------------------------------4
0,9889,0,0,"0"
13.888074142156954,9888,1,1,"1"
20.70279079509994,9870,19,1,"1"
22.288494166872169,9852,37,1,"1"
23.1219132103687,9834,55,1,"1"
23.257881100384317,9584,305,14,"14"
31.256408571088965,9566,323,1,"1"
31.773948980169099,9565,324,1,"1"
34.551652982367891,9457,432,6,"3-2-1"
42.755072292426526,9450,439,1,"1"
51.152109838865826,9422,467,3,"3"
58.826845624748273,9296,593,7,"7"
59.688880551968332,9278,611,1,"1"
61.314543752144409,9260,629,1,"1"
63.994250876422939,9242,647,1,"1"
64.152301760288026,9224,665,1,"1"
74.245073132321338,9206,683,1,"1"
74.811964579033329,9188,701,1,"1"
80.264700912767438,8900,989,16,"11-3-1-1"
88.841982095901031,8882,1007,1,"1"
89.906265616910687,8875,1014,1,"1"
94.518476780856744,8839,1050,2,"1-1"
96.90708555634086,8821,1068,1,"1"
102.66477676457471,8791,1098,2,"2"
105.730920258231,8323,1566,26,"24-2"
106.25062525849948,8306,1583,1,"1"
106.95179543401051,8288,1601,1,"1"
111.97998764914226,8270,1619,1,"1"
112.02814406444534,8126,1763,8,"2-2-1-1-1-1"
119.04904283482958,0,9889,469,"469"
----------------------------------------------5
0,9889,0,0,"0"
11.180074752392159,9888,1,1,"1"
17.105623297988483,9881,8,1,"1"
26.881585219691697,9863,26,1,"1"
28.05406049691436,9613,276,14,"14"
31.580108753994192,9612,277,1,"1"
35.783323332443288,9601,288,1,"1"
44.865576810204324,9583,306,1,"1"
46.071966062118989,9565,324,1,"1"
48.602586719757703,9547,342,1,"1"
49.324053890458877,9529,360,1,"1"
50.207078484446086,9511,378,1,"1"
60.089052854270946,9493,396,1,"1"
60.842542280108482,9478,411,1,"1"
61.607272067470156,9460,429,1,"1"
68.879632206021242,9442,447,1,"1"
79.565647617230042,9424,465,1,"1"
85.513622447904453,9406,483,1,"1"
94.391327302402075,9388,501,1,"1"
104.37798328775595,9367,522,2,"2"
107.5661286482939,9349,540,1,"1"
110.78001567108005,9223,666,7,"7"
111.19467140872615,9205,684,1,"1"
117.28007061396643,9187,702,1,"1"
122.77907810436265,9173,716,2,"1-1"
124.41659358012065,9155,734,1,"1"
126.05748295315847,9140,749,1,"1"
127.01279136780255,9104,785,2,"2"
135.20875270434689,9032,857,4,"2-1-1"
137.57702898414686,9014,875,1,"1"
140.8345227082103,8996,893,1,"1"
142.12120552352843,8906,983,5,"5"
142.95404462698332,8816,1073,5,"3-1-1"
143.40891010523615,8790,1099,2,"1-1"
150.24831822494133,8760,1129,2,"2"
151.59594900562908,8749,1140,1,"1"
155.185204490193,0,9889,502,"502"
----------------------------------------------6
0,9889,0,0,"0"
17.381524906915228,9888,1,1,"1"
28.860644099890781,9887,2,1,"1"
32.068955818477228,9880,9,1,"1"
34.358250809208307,9862,27,1,"1"
34.637374946998229,9612,277,14,"14"
35.234382519617526,9594,295,1,"1"
35.851414134078212,9576,313,1,"1"
41.122331578800484,9558,331,1,"1"
52.913240247146696,9342,547,12,"9-1-1-1"
56.206672264269251,9324,565,1,"1"
59.872464308996953,8856,1033,26,"24-2"
66.283860857940425,8838,1051,1,"1"
70.323407319947478,8820,1069,1,"1"
70.754918980255951,8802,1087,1,"1"
74.559049102222772,8787,1102,1,"1"
85.595996004371187,8780,1109,1,"1"
88.570908118931072,8762,1127,1,"1"
91.936646634799885,8744,1145,1,"1"
93.296184584529541,8712,1177,3,"2-1"
97.870077877922512,8694,1195,1,"1"
103.28665089002214,8658,1231,2,"2"
105.17656267123111,8655,1234,1,"1"
106.15541608211201,8601,1288,3,"3"
107.06616045561235,8421,1468,10,"3-2-2-1-1-1"
112.03627656950158,8406,1483,1,"1"
112.64337004849533,8376,1513,2,"2"
113.12227120903027,8268,1621,6,"4-1-1"
113.48196324224962,8250,1639,1,"1"
113.51475980636687,8239,1650,1,"1"
118.25243257104246,8167,1722,4,"2-1-1"
122.14382407149375,8113,1776,3,"1-1-1"
131.3444326360796,8095,1794,1,"1"
132.31151180321228,8077,1812,1,"1"
139.86362652404841,8065,1824,1,"1"
142.05276699731346,0,9889,464,"464"
----------------------------------------------7
0,9889,0,0,"0"
15.581753370901996,9871,18,1,"1"
20.157026235570026,9856,33,1,"1"
22.554086080014731,9802,87,3,"2-1"
22.683960596069763,9801,88,1,"1"
25.286374158046115,9800,89,1,"1"
32.621297129751476,9772,117,3,"3"
35.419716528373797,9754,135,1,"1"
38.532673990361801,9504,385,14,"14"
50.652336765061015,9486,403,1,"1"
51.259758837166245,9468,421,1,"1"
54.965884880705339,9450,439,1,"1"
55.234767121422891,9420,469,2,"2"
55.579060648423841,9402,487,1,"1"
57.687405302602535,9384,505,1,"1"
58.900895639605139,9366,523,1,"1"
68.517232481404932,9240,649,7,"7"
70.119854668124646,9222,667,1,"1"
70.871665411921327,9204,685,1,"1"
73.372298336684324,9186,703,1,"1"
74.336310979561702,9168,721,1,"1"
77.566227713397168,9150,739,1,"1"
84.719894964135264,8790,1099,20,"17-2-1"
88.947711956487339,8772,1117,1,"1"
89.238878429455852,8754,1135,1,"1"
97.043382852177302,8646,1243,6,"4-1-1"
99.609358971061084,8634,1255,1,"1"
101.09279164664008,8598,1291,2,"2"
102.43455845922213,8580,1309,2,"2"
104.42273061456237,8569,1320,1,"1"
112.79929904180325,8551,1338,1,"1"
116.66853353970666,8533,1356,1,"1"
121.91908350260776,8515,1374,1,"1"
126.27166805731221,8497,1392,1,"1"
127.8696920585589,8335,1554,9,"4-2-2-1"
129.72869013580518,0,9889,480,"480"
----------------------------------------------8
0,9889,0,0,"0"
2.9316097954060116,9888,1,1,"1"
6.2130053312007751,9887,2,1,"1"
36.679545016956254,9869,20,1,"1"
42.114077258584039,9619,270,14,"14"
43.809769753800289,9612,277,1,"1"
48.96084147917032,9601,288,1,"1"
50.599786583073097,9583,306,1,"1"
58.74802199724725,9565,324,1,"1"
63.581805794965142,9547,342,1,"1"
64.486177985855747,9529,360,1,"1"
65.730769929121394,9461,428,6,"6"
66.494552401361716,9443,446,1,"1"
69.452544959620255,9425,464,1,"1"
78.020766128980085,9407,482,1,"1"
78.850700790291995,9395,494,1,"1"
84.993091816701465,9383,506,1,"1"
87.913493634770489,9365,524,1,"1"
89.188894119893007,9347,542,1,"1"
90.518974580650834,9329,560,1,"1"
101.03597554715783,9293,596,2,"1-1"
108.78206494542968,9263,626,2,"2"
112.10235724040987,9245,644,1,"1"
112.68760380290428,9227,662,1,"1"
114.23398841104596,9224,665,1,"1"
117.31018787125733,8684,1205,30,"23-3-2-1-1"
125.4565147939616,8576,1313,6,"3-2-1"
126.8139611276535,8558,1331,1,"1"
128.19455974398937,8432,1457,7,"3-2-1-1"
131.987104640231,8414,1475,2,"2"
146.47098444033011,8396,1493,1,"1"
157.54418506996731,8342,1547,3,"1-1-1"
160.56720648362733,0,9889,478,"478"
----------------------------------------------9
0,9889,0,0,"0"
28.574699798813633,9871,18,1,"1"
30.354867466538845,9692,197,13,"12-1"
30.61058555774131,9691,198,1,"1"
35.187731263757136,9673,216,1,"1"
35.427287037159857,9648,241,2,"2"
50.811908865354113,9630,259,1,"1"
51.089099700225283,9594,295,2,"1-1"
52.345637069607399,9576,313,1,"1"
53.702442860287981,9540,349,3,"3"
55.805474737691313,9290,599,14,"14"
59.937255704483817,9272,617,1,"1"
64.076908479255451,8678,1211,33,"23-4-3-2-1"
64.847351874991105,8642,1247,2,"1-1"
66.803684116523826,8624,1265,1,"1"
68.301617155301813,8606,1283,1,"1"
80.412490039582238,8588,1301,1,"1"
82.480701158371247,8570,1319,1,"1"
83.666716343076743,8567,1322,1,"1"
90.014910154845751,8555,1334,1,"1"
92.482755414663401,8537,1352,1,"1"
101.83859616356629,8519,1370,1,"1"
102.7250941557954,8508,1381,1,"1"
106.02155431447385,8490,1399,1,"1"
107.07076768827629,8476,1413,1,"1"
108.68179260530295,8404,1485,4,"3-1"
112.98703393953429,8386,1503,2,"2"
119.11938757982502,8356,1533,2,"2"
123.85862680659442,8338,1551,1,"1"
132.69553096950446,8320,1569,1,"1"
135.32258098375766,8306,1583,2,"1-1"
136.16672674741469,8288,1601,1,"1"
141.32978300722633,8270,1619,1,"1"
144.26198814325159,8252,1637,1,"1"
145.38913601547799,8180,1709,4,"3-1"
151.76231859579241,8159,1730,3,"1-1-1"
158.06909680773322,0,9889,464,"464"
