# Figure 8(b): survival function of the preterminal cascade size
# Columns: s   P(S > s)
# Set order: m = 1, m = 2, m = 3, m = 5, m = 10
# The terminal cascade of each realization is excluded. Points with
# P(S > s) <= 3e-07 are dropped: there the tail is a single event.
# Use logarithmic axes on both.

@type xy
# m = 1; 3071545 cascatas preterminais
1 2.22427150e-01
2 9.07559551e-02
3 4.87897784e-02
4 3.05764688e-02
5 2.09910648e-02
6 1.54147180e-02
7 1.17992737e-02
8 9.34318071e-03
9 7.61278119e-03
10 6.31929534e-03
11 5.31393810e-03
12 4.54103717e-03
13 3.92603722e-03
14 3.41814950e-03
15 2.99100290e-03
16 2.62636556e-03
17 2.33140000e-03
18 2.06150325e-03
19 1.85248792e-03
20 1.66691356e-03
21 1.49826879e-03
22 1.34525133e-03
23 1.20460550e-03
24 1.08284267e-03
25 9.78660576e-04
26 8.79687584e-04
27 7.93737354e-04
28 7.12670659e-04
29 6.48207987e-04
30 5.85047590e-04
31 5.28073006e-04
32 4.80539924e-04
33 4.41471637e-04
34 4.05007903e-04
35 3.68869738e-04
36 3.33382711e-04
37 3.04081496e-04
38 2.75756989e-04
39 2.50037033e-04
40 2.26596062e-04
41 2.09015333e-04
42 1.92736880e-04
43 1.76132858e-04
44 1.59528836e-04
45 1.47482781e-04
46 1.31855467e-04
47 1.18507136e-04
48 1.10367909e-04
49 1.00600838e-04
50 9.34383185e-05
51 8.49735231e-05
52 7.61831586e-05
53 6.96717776e-05
54 6.21836893e-05
55 5.59978773e-05
56 5.14399105e-05
57 4.72075128e-05
58 4.23239770e-05
59 3.80915793e-05
60 3.35336126e-05
61 3.06034911e-05
62 2.70222315e-05
63 2.37665409e-05
64 2.08364195e-05
65 1.85574361e-05
66 1.72551599e-05
67 1.49761765e-05
68 1.43250384e-05
69 1.23716241e-05
70 9.76707162e-06
71 8.79036446e-06
72 7.48808824e-06
73 7.48808824e-06
74 7.16251919e-06
75 6.51138108e-06
76 6.18581203e-06
77 5.86024297e-06
78 5.20910486e-06
79 4.23239770e-06
80 4.23239770e-06
81 3.58125959e-06
82 2.93012149e-06
83 2.93012149e-06
84 2.93012149e-06
85 2.60455243e-06
86 1.62784527e-06
87 1.62784527e-06
88 1.62784527e-06
89 1.30227622e-06
90 9.76707162e-07
91 9.76707162e-07
92 3.25569054e-07
93 3.25569054e-07
&
@type xy
# m = 2; 1533784 cascatas preterminais
1 2.75894129e-01
2 1.28810184e-01
3 7.65564121e-02
4 5.08383188e-02
5 3.65807702e-02
6 2.76675203e-02
7 2.16699353e-02
8 1.74770372e-02
9 1.44537953e-02
10 1.21451260e-02
11 1.03326153e-02
12 8.91976967e-03
13 7.70186676e-03
14 6.73497702e-03
15 5.91021943e-03
16 5.18065125e-03
17 4.55605222e-03
18 4.06836947e-03
19 3.62371755e-03
20 3.22666034e-03
21 2.87328594e-03
22 2.55837849e-03
23 2.30019351e-03
24 2.06221997e-03
25 1.83728608e-03
26 1.65538303e-03
27 1.47739186e-03
28 1.33786765e-03
29 1.21073111e-03
30 1.08881042e-03
31 9.79277395e-04
32 8.87347893e-04
33 8.01938213e-04
34 7.17180516e-04
35 6.38290659e-04
36 5.77004324e-04
37 5.15717989e-04
38 4.68123282e-04
39 4.12704788e-04
40 3.78149726e-04
41 3.42290701e-04
42 3.05779693e-04
43 2.77092472e-04
44 2.45797322e-04
45 2.22977942e-04
46 2.00810544e-04
47 1.80599093e-04
48 1.53215837e-04
49 1.39524209e-04
50 1.25832581e-04
51 1.15400865e-04
52 1.06925095e-04
53 9.58413962e-05
54 8.67136442e-05
55 7.95418390e-05
56 7.10660693e-05
57 6.25902995e-05
58 5.60704767e-05
59 4.95506538e-05
60 4.30308309e-05
61 3.65110081e-05
62 3.25991143e-05
63 2.99911852e-05
64 2.80352383e-05
65 2.67312738e-05
66 2.41233446e-05
67 1.95594686e-05
68 1.62995572e-05
69 1.36916280e-05
70 1.23876635e-05
71 1.10836989e-05
72 9.77973430e-06
73 8.47576973e-06
74 7.17180516e-06
75 6.51982287e-06
76 5.21585830e-06
77 5.21585830e-06
78 5.21585830e-06
79 3.91189372e-06
80 3.25991143e-06
81 3.25991143e-06
82 3.25991143e-06
83 3.25991143e-06
84 3.25991143e-06
85 2.60792915e-06
86 2.60792915e-06
87 2.60792915e-06
88 1.95594686e-06
89 1.95594686e-06
90 1.95594686e-06
91 1.30396457e-06
92 1.30396457e-06
93 1.30396457e-06
94 6.51982287e-07
95 6.51982287e-07
96 6.51982287e-07
97 6.51982287e-07
98 6.51982287e-07
&
@type xy
# m = 3; 1129963 cascatas preterminais
1 3.32374600e-01
2 1.68077185e-01
3 1.03941456e-01
4 7.07465643e-02
5 5.16176193e-02
6 3.95048333e-02
7 3.11284529e-02
8 2.52742789e-02
9 2.09290039e-02
10 1.74368541e-02
11 1.47889798e-02
12 1.25703231e-02
13 1.08375230e-02
14 9.39145795e-03
15 8.21708321e-03
16 7.22413035e-03
17 6.31348106e-03
18 5.56920890e-03
19 4.94352470e-03
20 4.35235490e-03
21 3.85853342e-03
22 3.39214647e-03
23 3.01779793e-03
24 2.70097339e-03
25 2.39211372e-03
26 2.10626366e-03
27 1.90006221e-03
28 1.71067548e-03
29 1.52571367e-03
30 1.35491162e-03
31 1.22747382e-03
32 1.09649608e-03
33 9.75253172e-04
34 8.59320172e-04
35 7.69051730e-04
36 6.74358364e-04
37 6.05329555e-04
38 5.33645792e-04
39 4.74351815e-04
40 4.17712792e-04
41 3.60188785e-04
42 3.07089701e-04
43 2.71690312e-04
44 2.39830862e-04
45 2.07971411e-04
46 1.86731778e-04
47 1.57527282e-04
48 1.42482541e-04
49 1.29207771e-04
50 1.18587954e-04
51 9.82333050e-05
52 8.40735493e-05
53 7.78786562e-05
54 7.25687478e-05
55 6.54888700e-05
56 5.13291143e-05
57 4.60192059e-05
58 4.07092976e-05
59 3.89393281e-05
60 3.18594503e-05
61 2.74345266e-05
62 2.56645572e-05
63 2.30096030e-05
64 2.21246182e-05
65 2.12396335e-05
66 1.76996946e-05
67 1.59297251e-05
68 1.50447404e-05
69 1.41597557e-05
70 1.32747709e-05
71 1.15048015e-05
72 1.06198168e-05
73 9.73483203e-06
74 9.73483203e-06
75 7.07987784e-06
76 7.07987784e-06
77 7.07987784e-06
78 5.30990838e-06
79 5.30990838e-06
80 5.30990838e-06
81 5.30990838e-06
82 3.53993892e-06
83 3.53993892e-06
84 3.53993892e-06
85 3.53993892e-06
86 3.53993892e-06
87 3.53993892e-06
88 2.65495419e-06
89 2.65495419e-06
90 2.65495419e-06
91 2.65495419e-06
92 1.76996946e-06
93 1.76996946e-06
94 1.76996946e-06
95 8.84984730e-07
96 8.84984730e-07
97 8.84984730e-07
98 8.84984730e-07
99 8.84984730e-07
100 8.84984730e-07
101 8.84984730e-07
102 8.84984730e-07
103 8.84984730e-07
104 8.84984730e-07
105 8.84984730e-07
106 8.84984730e-07
107 8.84984730e-07
108 8.84984730e-07
&
@type xy
# m = 5; 925371 cascatas preterminais
1 3.83428917e-01
2 2.07340623e-01
3 1.33485921e-01
4 9.35873288e-02
5 6.96358542e-02
6 5.35817526e-02
7 4.24024526e-02
8 3.43948535e-02
9 2.84221139e-02
10 2.37699258e-02
11 2.00157558e-02
12 1.70212812e-02
13 1.45984692e-02
14 1.25830613e-02
15 1.08950896e-02
16 9.45566697e-03
17 8.24858354e-03
18 7.21548438e-03
19 6.34556302e-03
20 5.58586772e-03
21 4.93964043e-03
22 4.30962284e-03
23 3.83413788e-03
24 3.36189485e-03
25 2.94692615e-03
26 2.57518336e-03
27 2.30610209e-03
28 2.00568205e-03
29 1.76253632e-03
30 1.57126169e-03
31 1.38755159e-03
32 1.20924472e-03
33 1.07416377e-03
34 9.61776412e-04
35 8.49389056e-04
36 7.60775948e-04
37 6.89453203e-04
38 6.12727220e-04
39 5.41404475e-04
40 4.81968854e-04
41 4.37662300e-04
42 3.83629917e-04
43 3.35000773e-04
44 3.05823286e-04
45 2.69081266e-04
46 2.46387665e-04
47 2.11806940e-04
48 1.90193987e-04
49 1.71822977e-04
50 1.57774557e-04
51 1.38322900e-04
52 1.31839014e-04
53 1.16709947e-04
54 1.08064765e-04
55 9.29356982e-05
56 8.64518123e-05
57 7.88872787e-05
58 6.70001545e-05
59 5.83549733e-05
60 4.86291444e-05
61 4.32259062e-05
62 3.89033155e-05
63 3.35000773e-05
64 3.02581343e-05
65 2.70161913e-05
66 2.37742484e-05
67 1.94516578e-05
68 1.83710101e-05
69 1.62097148e-05
70 1.29677718e-05
71 1.18871242e-05
72 1.08064765e-05
73 8.64518123e-06
74 6.48388592e-06
75 5.40323827e-06
76 5.40323827e-06
77 5.40323827e-06
78 3.24194296e-06
79 3.24194296e-06
80 3.24194296e-06
81 3.24194296e-06
82 1.08064765e-06
83 1.08064765e-06
84 1.08064765e-06
85 1.08064765e-06
86 1.08064765e-06
87 1.08064765e-06
88 1.08064765e-06
89 1.08064765e-06
90 1.08064765e-06
91 1.08064765e-06
92 1.08064765e-06
93 1.08064765e-06
94 1.08064765e-06
&
@type xy
# m = 10; 799181 cascatas preterminais
1 4.14873477e-01
2 2.39821768e-01
3 1.63765155e-01
4 1.21075201e-01
5 9.40325158e-02
6 7.53308700e-02
7 6.15142252e-02
8 5.10697827e-02
9 4.27787948e-02
10 3.60256312e-02
11 3.07502305e-02
12 2.62443677e-02
13 2.25055400e-02
14 1.94298914e-02
15 1.67496475e-02
16 1.45649108e-02
17 1.26479483e-02
18 1.09824933e-02
19 9.58356117e-03
20 8.28723406e-03
21 7.14731707e-03
22 6.19258966e-03
23 5.34547243e-03
24 4.64725763e-03
25 4.01160688e-03
26 3.48106374e-03
27 3.01308465e-03
28 2.63644906e-03
29 2.30110576e-03
30 1.99829576e-03
31 1.73928059e-03
32 1.52531154e-03
33 1.31509633e-03
34 1.14992724e-03
35 1.02605042e-03
36 8.90912071e-04
37 7.80799343e-04
38 6.76943020e-04
39 5.99363598e-04
40 5.21784177e-04
41 4.75486780e-04
42 4.32943226e-04
43 3.94153515e-04
44 3.56615085e-04
45 3.17825374e-04
46 2.91548473e-04
47 2.57763886e-04
48 2.36492109e-04
49 2.20225456e-04
50 2.05210084e-04
51 1.82687026e-04
52 1.60163968e-04
53 1.45148596e-04
54 1.18871695e-04
55 1.05107604e-04
56 9.75999179e-05
57 8.50871079e-05
58 8.25845459e-05
59 6.88204549e-05
60 6.13127689e-05
61 5.50563640e-05
62 4.62973970e-05
63 4.50461160e-05
64 4.25435540e-05
65 4.12922730e-05
66 3.50358680e-05
67 3.37845870e-05
68 3.00307440e-05
69 2.75281820e-05
70 2.75281820e-05
71 2.50256200e-05
72 2.50256200e-05
73 2.50256200e-05
74 2.37743390e-05
75 2.25230580e-05
76 2.00204960e-05
77 1.87692150e-05
78 1.75179340e-05
79 1.50153720e-05
80 1.50153720e-05
81 1.37640910e-05
82 1.25128100e-05
83 1.25128100e-05
84 1.12615290e-05
85 8.75896699e-06
86 7.50768599e-06
87 7.50768599e-06
88 7.50768599e-06
89 6.25640499e-06
90 5.00512400e-06
91 5.00512400e-06
92 3.75384300e-06
93 2.50256200e-06
&
