label           dF  k runs    F_rup     sd  sweeps/step  max sw  E[extra]  Q_quiet  aval_n  aval_mn aval_max
ts2_base       0.5  1   20     38.7    3.8         1.87      13     0.596    0.571     652     7.79      172
ts128_base     0.5  1   20    178.3    5.9         2.23      39     0.696    0.548    3181     5.10      226
ts8192_base    0.5  1   20    154.7    6.6         1.87      19     0.556    0.603    2423     3.46       48
ts128_k2       0.5  2   20    140.6    3.4         4.42     114     0.433    0.674    2897     5.57      206
ts128_k3       0.5  3   20    119.9    3.0         6.87     129     0.316    0.744    2627     6.04      175
ts128_k5       0.5  5   20    100.8    2.5        11.84     163     0.224    0.808    2342     6.83      220
ts128_dF025   0.25  1   20    155.6    4.2         1.83      28     0.515    0.634    4635     3.74      129
ts128_dF10     1.0  1   20    199.2    5.2         2.92      72     0.872    0.481    2058     7.73      325
ts2_k3         0.5  3   20     26.5    2.8         5.71      28     0.287    0.757     586     8.25      126
ts8192_k3      0.5  3   20    107.8    4.6         5.61      69     0.268    0.774    2142     3.82       60
