0.00000000 0.00000000
0.15931864 0.00003000
0.31863727 0.00010007
0.47795591 0.00022416
0.63727455 0.00041205
0.79659319 0.00067168
0.95591182 0.00100986
1.11523046 0.00143260
1.27454910 0.00194537
1.43386774 0.00255317
1.59318637 0.00326065
1.75250501 0.00407214
1.91182365 0.00499175
2.07114228 0.00602335
2.23046092 0.00717065
2.38977956 0.00843715
2.54909820 0.00982625
2.70841683 0.01134119
2.86773547 0.01298510
3.02705411 0.01476101
3.18637275 0.01667184
3.34569138 0.01872043
3.50501002 0.02090953
3.66432866 0.02324182
3.82364729 0.02571989
3.98296593 0.02834630
4.14228457 0.03112351
4.30160321 0.03405395
4.46092184 0.03713997
4.62024048 0.04038391
4.77955912 0.04378801
4.93887776 0.04735451
5.09819639 0.05108557
5.25751503 0.05498333
5.41683367 0.05904989
5.57615230 0.06328731
5.73547094 0.06769762
5.89478958 0.07228279
6.05410822 0.07704480
6.21342685 0.08198557
6.37274549 0.08710699
6.53206413 0.09241093
6.69138277 0.09789925
6.85070140 0.10357375
7.01002004 0.10943622
7.16933868 0.11548844
7.32865731 0.12173214
7.48797595 0.12816905
7.64729459 0.13480086
7.80661323 0.14162926
7.96593186 0.14865589
8.12525050 0.15588241
8.28456914 0.16331042
8.44388778 0.17094154
8.60320641 0.17877734
8.76252505 0.18681938
8.92184369 0.19506923
9.08116232 0.20352841
9.24048096 0.21219843
9.39979960 0.22108081
9.55911824 0.23017702
9.71843687 0.23948855
9.87775551 0.24901684
10.03707415 0.25876335
10.19639279 0.26872950
10.35571142 0.27891672
10.51503006 0.28932640
10.67434870 0.29995995
10.83366733 0.31081875
10.99298597 0.32190416
11.15230461 0.33321754
11.31162325 0.34476024
11.47094188 0.35653360
11.63026052 0.36853895
11.78957916 0.38077759
11.94889780 0.39325083
12.10821643 0.40595998
12.26753507 0.41890631
12.42685371 0.43209110
12.58617234 0.44551561
12.74549098 0.45918111
12.90480962 0.47308885
13.06412826 0.48724006
13.22344689 0.50163598
13.38276553 0.51627783
13.54208417 0.53116683
13.70140281 0.54630418
13.86072144 0.56169109
14.02004008 0.57732874
14.17935872 0.59321832
14.33867735 0.60936101
14.49799599 0.62575797
14.65731463 0.64241038
14.81663327 0.65931939
14.97595190 0.67648614
15.13527054 0.69391179
15.29458918 0.71159746
15.45390782 0.72954428
15.61322645 0.74775339
15.77254509 0.76622590
15.93186373 0.78496291
16.09118236 0.80396554
16.25050100 0.82323489
16.40981964 0.84277205
16.56913828 0.86257811
16.72845691 0.88265415
16.88777555 0.90300125
17.04709419 0.92362049
17.20641283 0.94451292
17.36573146 0.96567962
17.52505010 0.98712165
17.68436874 1.00884005
17.84368737 1.03083587
18.00300601 1.05311016
18.16232465 1.07566396
18.32164329 1.09849829
18.48096192 1.12161420
18.64028056 1.14501270
18.79959920 1.16869482
18.95891784 1.19266158
19.11823647 1.21691398
19.27755511 1.24145304
19.43687375 1.26627977
19.59619238 1.29139516
19.75551102 1.31680021
19.91482966 1.34249592
20.07414830 1.36848328
20.23346693 1.39476327
20.39278557 1.42133687
20.55210421 1.44820508
20.71142285 1.47536886
20.87074148 1.50282919
21.03006012 1.53058704
21.18937876 1.55864338
21.34869739 1.58699917
21.50801603 1.61565537
21.66733467 1.64461294
21.82665331 1.67387283
21.98597194 1.70343601
22.14529058 1.73330341
22.30460922 1.76347599
22.46392786 1.79395470
22.62324649 1.82474046
22.78256513 1.85583423
22.94188377 1.88723695
23.10120240 1.91894954
23.26052104 1.95097294
23.41983968 1.98330808
23.57915832 2.01595589
23.73847695 2.04891729
23.89779559 2.08219322
24.05711423 2.11578459
24.21643287 2.14969232
24.37575150 2.18391734
24.53507014 2.21846056
24.69438878 2.25332290
24.85370741 2.28850526
25.01302605 2.32400856
25.17234469 2.35983372
25.33166333 2.39598164
25.49098196 2.43245323
25.65030060 2.46924940
25.80961924 2.50637105
25.96893788 2.54381908
26.12825651 2.58159441
26.28757515 2.61969792
26.44689379 2.65813052
26.60621242 2.69689312
26.76553106 2.73598660
26.92484970 2.77541188
27.08416834 2.81516983
27.24348697 2.85526137
27.40280561 2.89568739
27.56212425 2.93644878
27.72144289 2.97754643
27.88076152 3.01898125
28.04008016 3.06075412
28.19939880 3.10286595
28.35871743 3.14531761
28.51803607 3.18811001
28.67735471 3.23124403
28.83667335 3.27472058
28.99599198 3.31854053
29.15531062 3.36270480
29.31462926 3.40721426
29.47394790 3.45206981
29.63326653 3.49727235
29.79258517 3.54282276
29.95190381 3.58872195
30.11122244 3.63497080
30.27054108 3.68157021
30.42985972 3.72852108
30.58917836 3.77582430
30.74849699 3.82348077
30.90781563 3.87149139
31.06713427 3.91985705
31.22645291 3.96857866
31.38577154 4.01765711
31.54509018 4.06709331
31.70440882 4.11688816
31.86372745 4.16704256
32.02304609 4.21755742
32.18236473 4.26843365
32.34168337 4.31967215
32.50100200 4.37127383
32.66032064 4.42323961
32.81963928 4.47557040
32.97895792 4.52826711
33.13827655 4.58133066
33.29759519 4.63476197
33.45691383 4.68856196
33.61623246 4.74273155
33.77555110 4.79727167
33.93486974 4.85218325
34.09418838 4.90746721
34.25350701 4.96312449
34.41282565 5.01915603
34.57214429 5.07556276
34.73146293 5.13234562
34.89078156 5.18950556
35.05010020 5.24704352
35.20941884 5.30496046
35.36873747 5.36325732
35.52805611 5.42193506
35.68737475 5.48099465
35.84669339 5.54043705
36.00601202 5.60026321
36.16533066 5.66047413
36.32464930 5.72107075
36.48396794 5.78205408
36.64328657 5.84342509
36.80260521 5.90518476
36.96192385 5.96733409
37.12124248 6.02987407
37.28056112 6.09280570
37.43987976 6.15613000
37.59919840 6.21984795
37.75851703 6.28396059
37.91783567 6.34846894
38.07715431 6.41337400
38.23647295 6.47867683
38.39579158 6.54437844
38.55511022 6.61047989
38.71442886 6.67698221
38.87374749 6.74388647
39.03306613 6.81119372
39.19238477 6.87890502
39.35170341 6.94702145
39.51102204 7.01554408
39.67034068 7.08447400
39.82965932 7.15381230
39.98897796 7.22356007
40.14829659 7.29371843
40.30761523 7.36428848
40.46693387 7.43527135
40.62625251 7.50666815
40.78557114 7.57848004
40.94488978 7.65070814
41.10420842 7.72335360
41.26352705 7.79641760
41.42284569 7.86990130
41.58216433 7.94380587
41.74148297 8.01813249
41.90080160 8.09288237
42.06012024 8.16805670
42.21943888 8.24365670
42.37875752 8.31968360
42.53807615 8.39613861
42.69739479 8.47302299
42.85671343 8.55033799
43.01603206 8.62808488
43.17535070 8.70626491
43.33466934 8.78487939
43.49398798 8.86392960
43.65330661 8.94341685
43.81262525 9.02334247
43.97194389 9.10370778
44.13126253 9.18451412
44.29058116 9.26576285
44.44989980 9.34745534
44.60921844 9.42959297
44.76853707 9.51217713
44.92785571 9.59520923
45.08717435 9.67869069
45.24649299 9.76262294
45.40581162 9.84700743
45.56513026 9.93184563
45.72444890 10.01713901
45.88376754 10.10288906
46.04308617 10.18909730
46.20240481 10.27576525
46.36172345 10.36289444
46.52104208 10.45048644
46.68036072 10.53854282
46.83967936 10.62706516
46.99899800 10.71605507
47.15831663 10.80551418
47.31763527 10.89544413
47.47695391 10.98584658
47.63627255 11.07672321
47.79559118 11.16807572
47.95490982 11.25990582
48.11422846 11.35221526
48.27354709 11.44500579
48.43286573 11.53827918
48.59218437 11.63203724
48.75150301 11.72628178
48.91082164 11.82101466
49.07014028 11.91623772
49.22945892 12.01195287
49.38877756 12.10816200
49.54809619 12.20486706
49.70741483 12.30206999
49.86673347 12.39977277
50.02605210 12.49797743
50.18537074 12.59668597
50.34468938 12.69590047
50.50400802 12.79562300
50.66332665 12.89585567
50.82264529 12.99660063
50.98196393 13.09786002
51.14128257 13.19963606
51.30060120 13.30193095
51.45991984 13.40474694
51.61923848 13.50808633
51.77855711 13.61195141
51.93787575 13.71634454
52.09719439 13.82126807
52.25651303 13.92672443
52.41583166 14.03271604
52.57515030 14.13924538
52.73446894 14.24631495
52.89378758 14.35392729
53.05310621 14.46208498
53.21242485 14.57079063
53.37174349 14.68004688
53.53106212 14.78985642
53.69038076 14.90022198
53.84969940 15.01114631
54.00901804 15.12263221
54.16833667 15.23468252
54.32765531 15.34730013
54.48697395 15.46048796
54.64629259 15.57424897
54.80561122 15.68858618
54.96492986 15.80350262
55.12424850 15.91900140
55.28356713 16.03508567
55.44288577 16.15175860
55.60220441 16.26902344
55.76152305 16.38688347
55.92084168 16.50534202
56.08016032 16.62440247
56.23947896 16.74406827
56.39879760 16.86434288
56.55811623 16.98522985
56.71743487 17.10673277
56.87675351 17.22885529
57.03607214 17.35160110
57.19539078 17.47497397
57.35470942 17.59897771
57.51402806 17.72361620
57.67334669 17.84889336
57.83266533 17.97481319
57.99198397 18.10137976
58.15130261 18.22859717
58.31062124 18.35646961
58.46993988 18.48500134
58.62925852 18.61419666
58.78857715 18.74405997
58.94789579 18.87459570
59.10721443 19.00580840
59.26653307 19.13770264
59.42585170 19.27028311
59.58517034 19.40355453
59.74448898 19.53752173
59.90380762 19.67218960
60.06312625 19.80756312
60.22244489 19.94364733
60.38176353 20.08044736
60.54108216 20.21796845
60.70040080 20.35621587
60.85971944 20.49519503
61.01903808 20.63491139
61.17835671 20.77537052
61.33767535 20.91657806
61.49699399 21.05853976
61.65631263 21.20126147
61.81563126 21.34474910
61.97494990 21.48900870
62.13426854 21.63404640
62.29358717 21.77986841
62.45290581 21.92648109
62.61222445 22.07389085
62.77154309 22.22210426
62.93086172 22.37112795
63.09018036 22.52096870
63.24949900 22.67163337
63.40881764 22.82312896
63.56813627 22.97546256
63.72745491 23.12864140
63.88677355 23.28267283
64.04609218 23.43756432
64.20541082 23.59332344
64.36472946 23.74995792
64.52404810 23.90747561
64.68336673 24.06588449
64.84268537 24.22519268
65.00200401 24.38540841
65.16132265 24.54654008
65.32064128 24.70859623
65.47995992 24.87158552
65.63927856 25.03551679
65.79859719 25.20039899
65.95791583 25.36624126
66.11723447 25.53305287
66.27655311 25.70084325
66.43587174 25.86962201
66.59519038 26.03939890
66.75450902 26.21018386
66.91382766 26.38198696
67.07314629 26.55481849
67.23246493 26.72868888
67.39178357 26.90360876
67.55110220 27.07958893
67.71042084 27.25664038
67.86973948 27.43477429
68.02905812 27.61400202
68.18837675 27.79433513
68.34769539 27.97578541
68.50701403 28.15836479
68.66633267 28.34208547
68.82565130 28.52695982
68.98496994 28.71300043
69.14428858 28.90022012
69.30360721 29.08863193
69.46292585 29.27824910
69.62224449 29.46908513
69.78156313 29.66115375
69.94088176 29.85446890
70.10020040 30.04904479
70.25951904 30.24489588
70.41883768 30.44203685
70.57815631 30.64048267
70.73747495 30.84024854
70.89679359 31.04134994
71.05611222 31.24380263
71.21543086 31.44762262
71.37474950 31.65282622
71.53406814 31.85943000
71.69338677 32.06745085
71.85270541 32.27690594
72.01202405 32.48781272
72.17134269 32.70018898
72.33066132 32.91405280
72.48997996 33.12942257
72.64929860 33.34631703
72.80861723 33.56475522
72.96793587 33.78475653
73.12725451 34.00634067
73.28657315 34.22952772
73.44589178 34.45433810
73.60521042 34.68079259
73.76452906 34.90891232
73.92384770 35.13871882
74.08316633 35.37023398
74.24248497 35.60348008
74.40180361 35.83847978
74.56112224 36.07525615
74.72044088 36.31383267
74.87975952 36.55423322
75.03907816 36.79648211
75.19839679 37.04060408
75.35771543 37.28662429
75.51703407 37.53456836
75.67635271 37.78446236
75.83567134 38.03633282
75.99498998 38.29020672
76.15430862 38.54611154
76.31362725 38.80407523
76.47294589 39.06412625
76.63226453 39.32629354
76.79158317 39.59060657
76.95090180 39.85709532
77.11022044 40.12579031
77.26953908 40.39672258
77.42885772 40.66992375
77.58817635 40.94542598
77.74749499 41.22326199
77.90681363 41.50346511
78.06613226 41.78606922
78.22545090 42.07110883
78.38476954 42.35861906
78.54408818 42.64863565
78.70340681 42.94119494
78.86272545 43.23633398
79.02204409 43.53409041
79.18136273 43.83450259
79.34068136 44.13760953
79.50000000 44.44345094
