f,num_active_particles,num_deleted_particles,total_deleted_rods,avalanche_sizes
0,27128,0,0,"0"
51.606841516747906,27127,1,1,"1"
93.498723992111891,27126,2,1,"1"
100.91229338546255,27123,5,3,"2-1"
103.40863434363,27122,6,1,"1"
108.53703759346746,27121,7,1,"1"
110.81713127046237,27119,9,2,"2"
119.64070268323161,27118,10,1,"1"
187.35523814138421,27115,13,1,"1"
203.90692323285043,27114,14,1,"1"
211.37335566877562,27109,19,1,"1"
211.87859306091227,27099,29,1,"1"
218.63910748158949,27096,32,1,"1"
222.39342567979821,27089,39,1,"1"
239.42338893565363,27086,42,1,"1"
272.44022637766676,27076,52,1,"1"
277.92215048500145,27073,55,1,"1"
291.37408943303063,27070,58,1,"1"
317.09309824462264,27065,63,1,"1"
328.51192550178678,27061,67,2,"1-1"
328.86309721791446,27027,101,6,"3-2-1"
362.02081538530058,27017,111,1,"1"
374.75978909849579,27012,116,1,"1"
375.743848830861,27000,128,1,"1"
385.74807184510547,26982,146,1,"1"
388.06717347976496,26963,165,3,"3"
388.39158079878467,26962,166,1,"1"
401.7280905684558,26957,171,1,"1"
421.74517788408349,26939,189,1,"1"
438.65557385422011,26936,192,1,"1"
442.73021653791255,26920,208,4,"4"
449.86747699994896,26911,217,1,"1"
456.71971223427772,26906,222,1,"1"
469.80048268425548,26903,225,1,"1"
476.97368752654927,26897,231,2,"2"
483.01331962309018,26879,249,1,"1"
488.80172822368633,26859,269,2,"1-1"
496.80320774655735,26856,272,1,"1"
500.06516875357323,26843,285,3,"3"
516.20711414199786,26825,303,1,"1"
522.19719002399393,26807,321,1,"1"
527.90032486768803,26793,335,1,"1"
543.4183467947571,26783,345,1,"1"
551.89888274855991,26737,391,3,"3"
555.0783071835092,26719,409,1,"1"
556.4795851553414,26701,427,1,"1"
561.81787954451158,26692,436,1,"1"
562.19253651653491,26685,443,1,"1"
575.3600979120705,26673,455,1,"1"
585.98805557593232,26663,465,1,"1"
589.63859160043432,26645,483,1,"1"
590.50204021779825,26598,530,7,"4-1-1-1"
599.01388787562018,26588,540,2,"1-1"
605.56741951992274,26578,550,1,"1"
625.77815302092426,26564,564,1,"1"
632.49390062894133,26546,582,1,"1"
633.25051732270265,26536,592,2,"2"
642.24000850308653,26522,606,2,"2"
648.32562291263378,26517,611,1,"1"
648.3904963749394,26508,620,1,"1"
650.22689936927964,26436,692,6,"1-1-1-1-1-1"
658.26197317572212,26413,715,2,"2"
659.29979188059917,26245,883,12,"4-3-2-1-1-1"
663.35288631036371,26209,919,2,"1-1"
663.76039761377626,26194,934,1,"1"
686.31014061344922,26168,960,2,"1-1"
689.66851625394963,26132,996,2,"2"
692.80056607505446,26059,1069,9,"3-2-2-1-1"
705.66827008206781,26041,1087,1,"1"
708.65732247107417,26023,1105,1,"1"
712.56132053254703,26005,1123,1,"1"
712.62132016241287,25981,1147,2,"2"
724.11420796533912,25972,1156,1,"1"
729.95382186761015,25852,1276,8,"2-2-1-1-1-1"
747.02291708012854,25828,1300,2,"2"
753.85804709473041,0,27128,1454,"1454"
----------------------------------------------1
0,27128,0,0,"0"
16.308962415383849,27127,1,1,"1"
19.17643933244047,27126,2,1,"1"
34.124661678469089,27108,20,1,"1"
78.4562740693964,27107,21,1,"1"
82.871055374631254,27106,22,1,"1"
93.630853603716389,27099,29,1,"1"
97.777832658501566,27097,31,2,"2"
102.79690986894541,27096,32,1,"1"
147.71213135669845,27095,33,1,"1"
172.99810508660346,27094,34,1,"1"
203.7437267273317,27076,52,1,"1"
210.22288295262305,27075,53,1,"1"
216.62006331967743,27057,71,1,"1"
236.83145093599708,27054,74,1,"1"
238.04288914314603,27053,75,1,"1"
240.97969943996247,27050,78,1,"1"
257.69484928916603,27047,81,1,"1"
260.07890729825795,27029,99,1,"1"
269.28031677744679,27026,102,1,"1"
278.13266927981783,27008,120,1,"1"
284.26924481416097,27007,121,1,"1"
294.6596468112964,26989,139,1,"1"
321.38755325282352,26983,145,2,"2"
328.31293234228838,26965,163,1,"1"
328.47248673265972,26944,184,3,"3"
334.30241020442548,26926,202,1,"1"
335.30900537773397,26908,220,1,"1"
340.76080771363615,26905,223,1,"1"
349.90940362957252,26902,226,1,"1"
351.20806057738264,26884,244,1,"1"
371.62997267232447,26866,262,1,"1"
394.55884578081248,26857,271,1,"1"
422.3918923761421,26852,276,1,"1"
432.74133857175042,26834,294,1,"1"
462.78077815995943,26816,312,1,"1"
464.0202418082817,26809,319,1,"1"
488.48475261745011,26806,322,1,"1"
489.0148582919424,26801,327,1,"1"
495.7318286380351,26783,345,1,"1"
499.73077728080477,26765,363,1,"1"
508.20761315196535,26755,373,2,"2"
517.24445725581404,26737,391,1,"1"
527.7587490029772,26719,409,1,"1"
529.35686754843562,26699,429,2,"1-1"
530.18375439459578,26696,432,1,"1"
540.94765576110376,26627,501,13,"4-3-2-2-1-1"
541.38175088035098,26605,523,2,"2"
555.13706713451495,26587,541,1,"1"
556.49700700414462,26569,559,1,"1"
559.32921499684733,26551,577,1,"1"
560.88073359548514,26545,583,2,"2"
567.37902046611975,26527,601,1,"1"
567.62336926987768,26509,619,1,"1"
570.48142967935257,26491,637,1,"1"
571.63764368898899,26473,655,1,"1"
573.67356228220297,26455,673,1,"1"
575.24412928985362,26434,694,3,"2-1"
580.48238334532505,26429,699,1,"1"
585.79689087979409,26418,710,1,"1"
604.89230418623538,26400,728,1,"1"
606.12644660125716,26377,751,3,"2-1"
606.69305893645083,26359,769,1,"1"
610.1667057737734,26354,774,1,"1"
612.32367345960495,26336,792,1,"1"
614.80952278568986,26331,797,1,"1"
619.66161540345342,26326,802,1,"1"
620.40462864455458,26308,820,1,"1"
621.45743656300556,26296,832,1,"1"
625.22324946220181,26278,850,1,"1"
632.76990907460311,26260,868,1,"1"
633.881749329076,26242,886,1,"1"
634.28333238070206,26228,900,1,"1"
643.41332416139755,26218,910,1,"1"
643.99594556506997,26200,928,1,"1"
656.13854142065634,26180,948,2,"2"
658.46417395012429,26162,966,1,"1"
661.09341875097789,26134,994,3,"3"
673.00221681722701,26116,1012,1,"1"
673.23561929465041,26106,1022,1,"1"
695.51027447564218,26088,1040,1,"1"
697.04330637405712,26046,1082,6,"3-2-1"
699.77026061432866,26020,1108,2,"1-1"
701.65507530763671,25984,1144,2,"2"
713.60925461699242,25966,1162,1,"1"
727.61658412251302,25948,1180,1,"1"
728.18254331530466,25912,1216,2,"2"
728.85896319923484,25864,1264,6,"2-2-1-1"
740.38078762186183,25846,1282,1,"1"
759.93012103538274,25828,1300,1,"1"
771.57362115738636,25792,1336,2,"2"
773.72562561052723,25758,1370,3,"2-1"
788.53171888138434,25740,1388,1,"1"
789.47107077629778,25708,1420,3,"3"
791.89731907522685,25690,1438,1,"1"
796.38673441354126,25672,1456,1,"1"
796.50210681750684,25654,1474,1,"1"
800.30758749879089,25643,1485,1,"1"
803.62563176851074,25620,1508,3,"1-1-1"
806.12809478407235,25594,1534,2,"1-1"
807.83536988028845,25587,1541,1,"1"
808.20269955916285,25415,1713,11,"5-3-1-1-1"
812.77807418808948,25397,1731,1,"1"
819.06748887529136,25379,1749,1,"1"
825.0556724750586,25361,1767,1,"1"
832.35200621933791,25343,1785,1,"1"
833.87654363458478,25325,1803,1,"1"
842.31762238814292,0,27128,1430,"1430"
----------------------------------------------2
0,27128,0,0,"0"
23.188380813109404,27110,18,1,"1"
53.389191803266151,27109,19,1,"1"
58.354996472970527,27108,20,1,"1"
61.063971921442864,27105,23,1,"1"
65.9203435620269,27098,30,1,"1"
70.33428928625834,27097,31,1,"1"
91.569427878479672,27096,32,1,"1"
95.287725429300167,27095,33,1,"1"
99.624592730469786,27085,43,1,"1"
103.45951842698112,27084,44,1,"1"
116.38761212063562,27082,46,2,"2"
121.26327926241288,27078,50,2,"1-1"
121.62108662340552,27077,51,1,"1"
132.83312718687262,27059,69,1,"1"
175.86773954507439,27052,76,1,"1"
194.58992203932615,27051,77,1,"1"
197.44776564035294,27048,80,1,"1"
236.3060044996987,27032,96,1,"1"
239.71031776039092,27022,106,1,"1"
256.24711652886583,26981,147,9,"5-3-1"
259.4121858777678,26975,153,2,"2"
259.80159831348726,26957,171,1,"1"
269.25487877954629,26939,189,1,"1"
272.60370365004542,26934,194,1,"1"
273.39717193651921,26925,203,1,"1"
287.26092193767312,26907,221,1,"1"
288.30587499691029,26901,227,2,"2"
302.97817119107873,26829,299,4,"4"
304.61684549494913,26826,302,1,"1"
306.80751569861133,26823,305,1,"1"
317.47931411467209,26805,323,1,"1"
329.39724968200994,26796,332,1,"1"
340.33414145154973,26791,337,1,"1"
341.07476683297318,26773,355,1,"1"
346.94869475886054,26762,366,3,"2-1"
360.81998722490675,26752,376,1,"1"
380.50873483521292,26742,386,1,"1"
389.76058036149294,26727,401,1,"1"
405.2284816346633,26717,411,2,"2"
426.07088096641121,26699,429,1,"1"
449.78906245366642,26689,439,1,"1"
451.45796582515715,26663,465,2,"1-1"
453.1716722722316,26645,483,1,"1"
457.86312990016086,26640,488,1,"1"
477.54047837034886,26622,506,1,"1"
493.30810267982332,26617,511,1,"1"
500.09910720125322,26599,529,1,"1"
505.42267807085983,26589,539,2,"2"
514.95201128526026,26579,549,1,"1"
518.18314200845646,26561,567,1,"1"
532.8873754391517,26543,585,1,"1"
534.00036372190357,26525,603,1,"1"
534.89522137225163,26513,615,1,"1"
538.44803351414373,26506,622,1,"1"
568.40390534505775,26488,640,1,"1"
570.24715790076448,26449,679,7,"4-2-1"
571.82359723333172,26433,695,1,"1"
586.25186680253057,26415,713,1,"1"
598.87188592124244,26408,720,1,"1"
599.9625402511366,26390,738,1,"1"
606.0967047324101,26380,748,2,"2"
616.57395527876565,26362,766,1,"1"
623.59746235505884,26326,802,2,"1-1"
629.07377345994541,26276,852,3,"1-1-1"
632.43424143438426,26264,864,1,"1"
638.81289426502724,26228,900,2,"1-1"
641.30616839237007,26192,936,2,"2"
651.85510833963622,26064,1064,10,"2-2-2-1-1-1-1"
652.18059636152532,26026,1102,6,"3-2-1"
655.48142975408609,26008,1120,1,"1"
667.62927067000794,25999,1129,1,"1"
682.51624592378664,25981,1147,1,"1"
683.6616939003419,25971,1157,2,"2"
688.57369203743315,25935,1193,2,"2"
689.88403579185569,25905,1223,2,"1-1"
693.91154635042551,25887,1241,1,"1"
719.51472178091365,25877,1251,1,"1"
727.09132555519716,25859,1269,1,"1"
736.80283767717947,25841,1287,1,"1"
742.65755019980861,25805,1323,2,"2"
759.16159844523975,25787,1341,1,"1"
759.68713875838944,25648,1480,16,"5-3-3-2-1-1-1"
762.32552829212295,25506,1622,10,"3-2-2-2-1"
765.28403822595669,25488,1640,1,"1"
769.22276856648659,25474,1654,1,"1"
769.97343187127103,25456,1672,1,"1"
781.90572013124995,25438,1690,1,"1"
788.54289213310676,25420,1708,1,"1"
793.97048111659228,25402,1726,1,"1"
797.19171835550083,25384,1744,1,"1"
805.72127199673866,25349,1779,3,"1-1-1"
808.45188511242497,25313,1815,2,"1-1"
815.23906308293783,25225,1903,8,"4-1-1-1-1"
815.49349303596762,25207,1921,1,"1"
815.85714207799776,25171,1957,2,"2"
821.11758533233672,25161,1967,1,"1"
834.40039851679933,25143,1985,1,"1"
834.5716191492736,25125,2003,1,"1"
836.25561417665438,0,27128,1411,"1411"
----------------------------------------------3
0,27128,0,0,"0"
38.986505252110604,27127,1,1,"1"
132.33334205407979,27126,2,1,"1"
160.9111591527595,27108,20,1,"1"
168.09588802230638,27106,22,2,"2"
168.69400139468388,27105,23,1,"1"
194.056518491867,27104,24,1,"1"
200.01172853400024,27088,40,1,"1"
207.49281076866282,27070,58,1,"1"
208.7072889465345,27069,59,1,"1"
210.94518882241536,27066,62,1,"1"
218.20068246327003,27065,63,1,"1"
227.0814617812828,27064,64,1,"1"
229.38006791263084,27046,82,1,"1"
234.50245158732611,27045,83,1,"1"
246.70716215566355,27027,101,1,"1"
249.82443889757874,27009,119,1,"1"
261.1238961016827,27003,125,2,"2"
262.22314908644216,26993,135,1,"1"
274.15715965636741,26992,136,1,"1"
275.0169852067491,26987,141,1,"1"
276.90534404354867,26974,154,3,"1-1-1"
282.96766580563138,26956,172,1,"1"
285.17038511521844,26940,188,1,"1"
289.82792109520165,26937,191,1,"1"
293.58875297813751,26927,201,1,"1"
293.9275161599478,26924,204,1,"1"
300.35070476092966,26923,205,1,"1"
325.74888738446452,26920,208,1,"1"
330.0364589067467,26905,223,1,"1"
331.87560288181254,26887,241,1,"1"
339.60817793592497,26878,250,3,"2-1"
340.01097192197011,26860,268,1,"1"
402.02804437656238,26851,277,3,"3"
421.09009310181602,26833,295,1,"1"
438.79262700585696,26830,298,1,"1"
469.14058367868739,26809,319,3,"2-1"
473.36897679838916,26791,337,1,"1"
475.86390755875493,26773,355,1,"1"
483.15996133251849,26755,373,1,"1"
485.56787453866298,26737,391,1,"1"
496.32075195315372,26719,409,1,"1"
501.45176113784714,26709,419,2,"2"
508.46363341331192,26706,422,1,"1"
509.34208045452147,26688,440,1,"1"
518.29563204675958,26677,451,1,"1"
520.27038286241327,26667,461,1,"1"
521.11223514715141,26643,485,4,"2-2"
523.61688477173311,26620,508,5,"2-2-1"
527.39520246509551,26602,526,1,"1"
540.47022487525737,26597,531,1,"1"
562.70587241585622,26579,549,1,"1"
571.29279849178215,26561,567,1,"1"
573.49979988785049,26551,577,2,"2"
591.9805548183341,26548,580,1,"1"
595.106813425366,26534,594,2,"1-1"
599.72552900288895,26524,604,2,"2"
603.33663921611071,26509,619,1,"1"
606.54681015739288,26473,655,2,"2"
613.0870603051336,26455,673,1,"1"
619.15473290561215,26450,678,1,"1"
627.04385055263663,26438,690,1,"1"
664.75136748556326,26426,702,1,"1"
667.02248073372823,26417,711,1,"1"
668.63465342988195,26377,751,5,"4-1"
668.64473486822283,26368,760,1,"1"
681.34009532368998,26350,778,1,"1"
686.17884998131524,26332,796,1,"1"
686.52223451160273,26296,832,2,"2"
686.56680603158509,26286,842,1,"1"
687.11375664003128,26268,860,1,"1"
691.02054699900305,26250,878,2,"1-1"
695.49538780025784,26232,896,1,"1"
701.45382808749036,26225,903,1,"1"
710.60330792822754,26183,945,3,"2-1"
712.46320233366555,26154,974,3,"3"
732.92456017197117,26094,1034,4,"3-1"
747.16864029296437,26076,1052,1,"1"
772.33104515452715,26040,1088,2,"1-1"
774.21817236911136,26022,1106,1,"1"
778.40865855465836,26004,1124,1,"1"
783.93533956971362,25994,1134,1,"1"
786.77490176197296,25983,1145,1,"1"
807.75622063045614,25957,1171,2,"1-1"
809.28229260758815,25937,1191,2,"1-1"
813.23250080229911,25883,1245,3,"2-1"
815.33823661651218,25830,1298,5,"2-1-1-1"
819.07816078034546,25812,1316,1,"1"
841.98238919169762,0,27128,1463,"1463"
----------------------------------------------4
0,27128,0,0,"0"
57.746317991991006,27127,1,1,"1"
81.651047026221235,27126,2,1,"1"
108.31887966459033,27121,7,1,"1"
129.84098049098628,27119,9,2,"2"
134.57156616834237,27105,23,2,"2"
139.75791967691245,27104,24,1,"1"
144.65221031226494,27101,27,1,"1"
148.14251828805067,27083,45,1,"1"
172.13076658053311,27082,46,1,"1"
191.42637671480702,27064,64,1,"1"
192.63275254444321,27058,70,2,"1-1"
198.04747496433387,27056,72,2,"2"
208.40211882638741,27041,87,1,"1"
208.92410139518793,27028,100,3,"2-1"
209.81420302682653,27026,102,2,"2"
211.36731822460649,27025,103,1,"1"
218.85112953003073,27007,121,1,"1"
224.8524151794017,27004,124,1,"1"
227.08095590932095,27003,125,1,"1"
286.58575042056975,27000,128,1,"1"
315.22262294806137,26982,146,1,"1"
352.43677300405767,26929,199,11,"3-2-2-2-1-1"
354.48913402167199,26911,217,1,"1"
360.5626152960719,26899,229,1,"1"
379.61840848795191,26891,237,2,"1-1"
381.44947271186436,26882,246,1,"1"
409.9698690392006,26879,249,1,"1"
414.57928645791606,26861,267,1,"1"
414.68541929038571,26856,272,1,"1"
417.91875396883137,26844,284,1,"1"
455.49373628984335,26826,302,1,"1"
462.78385905933055,26808,320,1,"1"
464.94179021237773,26805,323,1,"1"
472.39477102674715,26787,341,1,"1"
473.92911641107651,26766,362,3,"2-1"
476.21751343129301,26763,365,1,"1"
481.75714572500891,26745,383,1,"1"
495.48874552463309,26727,401,1,"1"
511.26463853184862,26709,419,1,"1"
513.08492720698212,26691,437,1,"1"
524.85255847241012,26673,455,1,"1"
548.10630859784533,26655,473,1,"1"
551.67096612888474,26637,491,1,"1"
563.33394686319991,26600,528,5,"2-2-1"
574.80922942960024,26582,546,1,"1"
577.27517556787791,26564,564,1,"1"
580.01937881075366,26539,589,5,"2-2-1"
606.54936888676559,26534,594,1,"1"
607.40789608437012,26516,612,1,"1"
612.51869190730997,26493,635,2,"2"
617.01631549850583,26487,641,2,"2"
618.71481778055033,26469,659,2,"2"
620.66662488386316,26440,688,3,"2-1"
623.22917138372645,26422,706,1,"1"
627.45615678651518,26417,711,1,"1"
636.524321573522,26404,724,1,"1"
639.07996720449364,26394,734,1,"1"
643.67428061435294,26380,748,1,"1"
651.4699511858546,26328,800,3,"1-1-1"
655.92101794860048,26310,818,1,"1"
658.39062234012374,26298,830,1,"1"
666.26439897812838,26280,848,1,"1"
682.0417132008123,26273,855,1,"1"
682.43302761508755,26227,901,3,"2-1"
685.76908250820225,26218,910,1,"1"
691.435554962168,26200,928,1,"1"
693.64528096522577,26182,946,1,"1"
696.08462569996038,26164,964,1,"1"
696.35064413232055,26146,982,1,"1"
697.04750418303684,26098,1030,4,"2-1-1"
698.41065949499739,26044,1084,3,"2-1"
698.518132951403,26026,1102,1,"1"
701.51992888006862,26013,1115,1,"1"
705.84333206768861,25962,1166,7,"6-1"
712.10687163264117,25908,1220,5,"2-1-1-1"
716.03557329508021,0,27128,1467,"1467"
----------------------------------------------5
0,27128,0,0,"0"
14.733987190074236,27127,1,1,"1"
31.8776314554657,27126,2,1,"1"
85.910685209726182,27125,3,1,"1"
87.033911614859264,27120,8,1,"1"
102.46314887735453,27119,9,1,"1"
102.50497916160089,27118,10,1,"1"
106.70522640789247,27117,11,1,"1"
110.44332379344918,27116,12,1,"1"
116.13998516182983,27098,30,1,"1"
124.43251521154633,27097,31,1,"1"
215.77459129474795,27079,49,1,"1"
217.18978068965478,27076,52,1,"1"
222.78769385640021,27058,70,1,"1"
223.84623496412277,27057,71,1,"1"
227.90128546335609,27055,73,2,"2"
276.14245202082179,27028,100,5,"4-1"
283.47822616939163,27018,110,1,"1"
290.67687745830034,27006,122,1,"1"
298.99886768036896,26988,140,1,"1"
312.27398155693936,26982,146,2,"2"
313.65473873123119,26964,164,1,"1"
321.30334471117106,26961,167,1,"1"
321.48025430696339,26951,177,1,"1"
323.63950963505914,26933,195,1,"1"
326.88146924737356,26932,196,1,"1"
327.43568701876325,26929,199,1,"1"
330.45400924775993,26911,217,1,"1"
332.77042181724283,26901,227,1,"1"
335.35921312495401,26895,233,2,"1-1"
373.78784562928189,26885,243,1,"1"
376.34649012112362,26875,253,2,"2"
388.18547292789566,26872,256,1,"1"
410.2359047046603,26869,259,1,"1"
448.48163850873186,26863,265,2,"2"
451.34185953915005,26860,268,1,"1"
455.34556706222571,26855,273,1,"1"
504.26903890759297,26831,297,2,"1-1"
518.74555741783433,26813,315,1,"1"
522.01449767251256,26803,325,1,"1"
529.4554701130686,26793,335,1,"1"
543.62728833658491,26775,353,1,"1"
543.91151438574514,26757,371,1,"1"
545.12115855282048,26754,374,1,"1"
552.62670077516736,26749,379,1,"1"
558.08257280205771,26731,397,1,"1"
562.86176126661837,26726,402,1,"1"
562.91834974941219,26708,420,1,"1"
570.7112713883522,26690,438,1,"1"
589.90949270653687,26687,441,1,"1"
600.82304226494307,26664,464,2,"2"
603.5950585069362,26655,473,3,"3"
606.05392117404483,26637,491,1,"1"
618.82357194884162,26630,498,1,"1"
619.03840257243473,26615,513,1,"1"
625.26173821364637,26610,518,1,"1"
629.21164454402924,26598,530,1,"1"
635.41275862088776,26562,566,2,"2"
653.31827290441834,26555,573,1,"1"
656.0615239772693,26537,591,1,"1"
656.35286809854165,26532,596,1,"1"
661.70301368700439,26510,618,4,"3-1"
662.51402575060376,26503,625,1,"1"
663.43494708244009,26449,679,3,"2-1"
669.0648903509807,26442,686,1,"1"
688.54347388693952,26406,722,2,"2"
701.47238490912719,26396,732,1,"1"
704.96284181279884,26378,750,1,"1"
708.43458997940922,26369,759,1,"1"
711.79675370556822,26263,865,6,"5-1"
718.36095387318005,26245,883,1,"1"
719.50869500327258,26227,901,1,"1"
721.90173686217838,26209,919,1,"1"
722.13569632846634,26191,937,1,"1"
725.9681745248821,26184,944,1,"1"
728.97425464171988,26166,962,1,"1"
732.13111294299085,26153,975,1,"1"
736.54772515997843,26115,1013,6,"2-2-2"
740.54486939628907,26035,1093,10,"3-2-2-1-1-1"
743.58372538718413,25977,1151,4,"3-1"
763.21976681958495,25959,1169,1,"1"
771.47381544339623,25941,1187,1,"1"
782.4236491981668,25923,1205,1,"1"
782.56821703063758,25725,1403,14,"3-2-2-1-1-1-1-1-1-1"
788.25792871585531,25715,1413,1,"1"
790.31375194127372,25697,1431,1,"1"
815.14091247118779,25679,1449,1,"1"
825.50634936703989,25665,1463,1,"1"
840.70185012649449,25647,1481,1,"1"
852.81161840647133,25629,1499,1,"1"
853.1401063038204,0,27128,1450,"1450"
----------------------------------------------6
0,27128,0,0,"0"
63.925632556107082,27127,1,1,"1"
80.417597080176009,27125,3,2,"2"
84.194574870326377,27111,17,1,"1"
91.528420069996756,27093,35,1,"1"
93.009025037654908,27092,36,1,"1"
101.33398221217038,27089,39,1,"1"
109.58399645336064,27088,40,1,"1"
132.72618062227349,27052,76,2,"2"
148.25469916996661,27049,79,1,"1"
157.95969041445466,27046,82,1,"1"
171.57568731955635,27045,83,1,"1"
174.89908070869905,27038,90,1,"1"
175.81897966631763,27037,91,1,"1"
180.704735023187,27036,92,1,"1"
184.11771895489773,27034,94,2,"2"
190.93043019550709,27024,104,1,"1"
199.65277088630191,27006,122,1,"1"
213.62274082338158,27003,125,1,"1"
222.78096675679586,26978,150,5,"4-1"
237.44764281636819,26973,155,1,"1"
238.72198093133696,26972,156,1,"1"
245.40791206304698,26954,174,1,"1"
281.26705835315323,26936,192,1,"1"
294.25717610666845,26918,210,1,"1"
301.2079650799534,26912,216,2,"2"
329.85512428529637,26907,221,1,"1"
331.3920533357263,26901,227,2,"1-1"
342.03046273885195,26883,245,1,"1"
357.08954944221347,26865,263,1,"1"
371.69512279168919,26847,281,1,"1"
385.33357766352543,26829,299,1,"1"
400.90572680275045,26824,304,1,"1"
435.82645798551977,26818,310,2,"2"
436.84010580925786,26811,317,1,"1"
445.27018771402192,26799,329,4,"4"
447.69304293655807,26781,347,1,"1"
461.12926218739608,26775,353,2,"2"
469.31354269087893,26757,371,1,"1"
480.50307308575935,26725,403,2,"1-1"
480.83518624099491,26693,435,2,"1-1"
483.36772463839571,26675,453,1,"1"
499.36244737243914,26657,471,1,"1"
506.28244913077782,26639,489,1,"1"
512.03501082101695,26621,507,1,"1"
525.61431632636857,26616,512,1,"1"
528.88456350252409,26598,530,1,"1"
529.22823688498897,26580,548,1,"1"
534.90857069810454,26570,558,1,"1"
537.66333771285122,26561,567,1,"1"
539.85020480756737,26537,591,2,"2"
557.35053063531598,26519,609,1,"1"
560.77282275311484,26501,627,1,"1"
568.5698619885826,26465,663,5,"3-2"
577.00056266268632,26458,670,1,"1"
582.97159571970121,26440,688,1,"1"
583.61624158303505,26430,698,1,"1"
595.00319156819751,26423,705,1,"1"
595.84289548745426,26373,755,3,"3"
601.72605141705287,26339,789,3,"1-1-1"
619.80043595915663,26321,807,1,"1"
627.81918297897619,26303,825,1,"1"
631.46664836437469,26298,830,1,"1"
648.98984202593351,26280,848,1,"1"
665.85442713183238,26267,861,3,"3"
686.6758286103136,26230,898,5,"3-1-1"
692.2842650493393,26072,1056,12,"5-3-2-1-1"
693.36792880523763,26054,1074,1,"1"
701.16690987586196,26036,1092,1,"1"
707.36391950301402,26020,1108,1,"1"
713.10712893754658,25945,1183,6,"5-1"
719.29563870591335,25927,1201,1,"1"
719.41838964477654,25917,1211,2,"2"
727.01958888435593,25899,1229,1,"1"
727.08366940485007,25881,1247,1,"1"
745.45199784086662,25878,1250,1,"1"
750.37241368117839,25860,1268,1,"1"
750.66339930361039,25842,1286,1,"1"
752.7927105981762,25824,1304,1,"1"
761.10380717011435,0,27128,1468,"1468"
----------------------------------------------7
0,27128,0,0,"0"
64.298863615829944,27127,1,1,"1"
79.350081371688361,27126,2,1,"1"
82.376723890775551,27125,3,1,"1"
107.83863664544208,27107,21,1,"1"
112.23108434534859,27106,22,1,"1"
127.86968885079006,27105,23,1,"1"
143.47183490283899,27104,24,1,"1"
157.6745047204501,27102,26,2,"2"
185.30166554014249,27101,27,1,"1"
228.29748770420693,27100,28,1,"1"
232.67630236726606,27099,29,1,"1"
236.63874504192435,27098,30,1,"1"
246.85020706021854,27080,48,1,"1"
250.77990707453245,27062,66,1,"1"
252.90381508341378,27061,67,1,"1"
256.47514303526509,27043,85,1,"1"
279.28575208790386,27025,103,1,"1"
280.34323824851435,27020,108,1,"1"
288.95312360322697,27002,126,1,"1"
289.79412527909619,26992,136,1,"1"
295.20286911406083,26989,139,1,"1"
312.2528750051693,26971,157,1,"1"
330.06913772781849,26953,175,1,"1"
330.84044507241146,26923,205,6,"5-1"
332.56308274425265,26905,223,1,"1"
340.15941390568048,26887,241,1,"1"
340.66077336684657,26869,259,1,"1"
348.08475303050216,26851,277,1,"1"
363.37818549656572,26841,287,2,"2"
370.51815695450279,26823,305,1,"1"
372.70937969783847,26805,323,1,"1"
376.11974835781814,26787,341,1,"1"
378.33697156250105,26769,359,1,"1"
381.41813685676891,26766,362,1,"1"
386.01207842479567,26748,380,1,"1"
387.23862454420976,26743,385,1,"1"
387.41867850080547,26727,401,1,"1"
406.03559155244477,26709,419,1,"1"
421.25575562157371,26691,437,1,"1"
427.04465197645152,26681,447,2,"2"
428.52832602818438,26671,457,2,"2"
429.72188295447324,26653,475,1,"1"
453.87565165055344,26641,487,1,"1"
468.81180184840053,26625,503,1,"1"
474.1312248618504,26612,516,1,"1"
491.31253919367299,26597,531,5,"2-2-1"
495.25001079913358,26579,549,1,"1"
500.62508215994808,26570,558,3,"3"
502.69274502662597,26559,569,1,"1"
505.05986277316515,26536,592,3,"3"
507.57706874181719,26531,597,1,"1"
519.8321465951949,26513,615,1,"1"
522.09161578089447,26508,620,1,"1"
523.04355324255357,26490,638,1,"1"
525.87512741677256,26487,641,1,"1"
526.64749646644361,26469,659,1,"1"
529.37685677455397,26451,677,1,"1"
530.450550850691,26445,683,2,"2"
532.19817264540575,26427,701,1,"1"
543.04239092728142,26409,719,1,"1"
545.97834047489016,26391,737,1,"1"
553.95491554923933,26381,747,1,"1"
559.36747501769321,26363,765,1,"1"
563.48120361883389,26345,783,1,"1"
576.44031277844442,26331,797,1,"1"
589.57765776052213,26324,804,1,"1"
593.25416798839296,26306,822,1,"1"
602.20297949129076,26295,833,1,"1"
617.62542753632965,26269,859,2,"2"
619.09102644198254,26251,877,1,"1"
635.59414652720113,26226,902,3,"2-1"
646.50703551156505,26204,924,2,"1-1"
663.08861828635497,26186,942,1,"1"
671.68017218977116,26165,963,3,"3"
679.48265493079009,26147,981,1,"1"
679.96121257460345,26129,999,1,"1"
680.79731458408207,26111,1017,1,"1"
688.964322513978,26104,1024,1,"1"
690.55823326214215,25936,1192,10,"8-1-1"
691.52223286090282,25926,1202,1,"1"
692.47872826081641,25921,1207,1,"1"
692.49571719129437,25907,1221,1,"1"
693.04179720557192,25889,1239,1,"1"
698.96030527038181,25871,1257,1,"1"
701.41518611710273,25855,1273,1,"1"
704.25973918260206,25852,1276,1,"1"
707.97499191938186,25847,1281,1,"1"
714.18274445822817,25820,1308,2,"2"
716.50110064557032,25802,1326,1,"1"
720.40746028383319,25784,1344,1,"1"
722.95097847085913,25766,1362,1,"1"
724.23360163445841,25748,1380,1,"1"
724.2511454066605,25738,1390,1,"1"
724.54842266142521,25684,1444,4,"1-1-1-1"
734.045923093223,25666,1462,1,"1"
738.25583109984211,25648,1480,1,"1"
747.69563891187215,25614,1514,3,"2-1"
747.72853579552248,25596,1532,1,"1"
758.8836933250833,25456,1672,9,"4-2-1-1-1"
766.03716861952432,25410,1718,3,"3"
770.930230265658,25392,1736,1,"1"
772.34102759339089,25211,1917,20,"4-3-3-2-2-2-1-1-1-1"
772.87708459090129,25193,1935,1,"1"
786.04382947897875,0,27128,1423,"1423"
----------------------------------------------8
0,27128,0,0,"0"
40.422319460991119,27110,18,1,"1"
56.8501459089088,27092,36,1,"1"
60.855437132680002,27074,54,1,"1"
72.329001704767819,27073,55,1,"1"
81.650354660742067,27069,59,2,"1-1"
114.95362394750263,27068,60,1,"1"
131.22261530343513,27065,63,1,"1"
138.48688097187429,27064,64,1,"1"
146.91012115488348,27061,67,3,"2-1"
149.43971754691083,27060,68,1,"1"
153.36890909466146,27057,71,1,"1"
153.99205608859003,27047,81,1,"1"
165.55003155409591,27035,93,1,"1"
174.8317370197895,27034,94,1,"1"
181.21305866631576,27033,95,1,"1"
184.47325050251624,27030,98,1,"1"
185.9612556865971,27029,99,1,"1"
216.75754340584004,27026,102,1,"1"
217.33001203628405,27008,120,1,"1"
227.43359874457141,26990,138,1,"1"
264.45311234106947,26969,159,3,"3"
274.30283746032001,26966,162,1,"1"
289.76041539937739,26957,171,1,"1"
292.70018854769751,26939,189,1,"1"
294.08931774028292,26936,192,1,"1"
294.56391480684476,26922,206,1,"1"
295.73833545929074,26904,224,1,"1"
307.09623206181038,26886,242,1,"1"
312.90062805644453,26885,243,1,"1"
315.83932795649042,26884,244,1,"1"
328.37047711778445,26866,262,1,"1"
331.8856735118444,26861,267,1,"1"
332.93791689768545,26831,297,2,"2"
333.98854742808714,26828,300,1,"1"
350.11103474789229,26825,303,1,"1"
355.08754966162178,26816,312,3,"2-1"
365.54272325865702,26802,326,1,"1"
370.01477623766539,26784,344,1,"1"
381.02612150111412,26766,362,1,"1"
393.49489054835016,26748,380,1,"1"
395.30610646685568,26730,398,1,"1"
415.86852036486351,26723,405,1,"1"
435.6440453181072,26687,441,2,"2"
436.92870729594711,26669,459,1,"1"
447.74015130464267,26652,476,3,"3"
451.93583562170909,26639,489,3,"3"
455.84659851411334,26621,507,1,"1"
462.82807348396773,26616,512,1,"1"
484.28670362499889,26595,533,5,"3-1-1"
484.53423870439843,26577,551,1,"1"
486.46863966328812,26559,569,1,"1"
489.65476934529028,26554,574,1,"1"
499.93345032179917,26536,592,1,"1"
506.19111884000495,26508,620,2,"2"
517.17748099164248,26503,625,1,"1"
542.43061071171587,26493,635,2,"2"
554.98163676113029,26475,653,1,"1"
555.49937214640772,26468,660,1,"1"
557.32640541634089,26452,676,1,"1"
559.63641627742481,26434,694,1,"1"
562.64982766855019,26416,712,1,"1"
578.54017640527513,26380,748,2,"2"
578.64766300486963,26370,758,1,"1"
587.42704029404365,26352,776,1,"1"
597.39036711313167,26334,794,1,"1"
608.3427058206405,26316,812,1,"1"
624.27957749624352,26309,819,1,"1"
635.44526612823358,26299,829,2,"2"
641.19760863970771,26281,847,1,"1"
649.44086606593396,26237,891,4,"1-1-1-1"
649.70286017619219,26232,896,1,"1"
653.20598454975232,26214,914,1,"1"
653.70517785468189,26204,924,2,"2"
657.71244684838609,26186,942,1,"1"
658.34687473144322,26168,960,1,"1"
661.28953519494962,26150,978,1,"1"
662.33687763216983,26132,996,1,"1"
667.82543548605008,26114,1014,1,"1"
669.96563755942418,26081,1047,2,"2"
671.53638927221118,26059,1069,2,"1-1"
698.99706658359958,26043,1085,1,"1"
703.06305560612293,26025,1103,1,"1"
711.9813221930375,26007,1121,1,"1"
713.97932010378531,25989,1139,1,"1"
717.43698189671841,25935,1193,3,"3"
721.81492626884688,25888,1240,5,"3-2"
733.98931794937153,25877,1251,1,"1"
737.80924278412476,25851,1277,2,"1-1"
741.07552651794185,25833,1295,1,"1"
742.70910798152249,25815,1313,1,"1"
743.23010681978383,25799,1329,1,"1"
748.4311901526587,25781,1347,1,"1"
754.9239857964094,25767,1361,1,"1"
760.14627854286834,25741,1387,2,"1-1"
760.754587167713,25731,1397,2,"2"
765.2539302229693,25703,1425,2,"1-1"
774.79095305319231,25685,1443,1,"1"
776.62259223274089,25649,1479,2,"2"
781.36579838288526,25644,1484,1,"1"
782.40385722276994,25505,1623,17,"5-4-2-2-2-2"
786.22497114798989,25487,1641,1,"1"
793.21816272142644,25469,1659,1,"1"
795.59625924897819,25458,1670,1,"1"
803.99824889473086,25440,1688,1,"1"
810.86817142251743,25422,1706,1,"1"
811.38496623411788,25386,1742,2,"1-1"
825.12871480022943,25368,1760,1,"1"
825.90777838277234,25332,1796,3,"2-1"
832.90645608115858,25325,1803,1,"1"
836.03654380565126,25236,1892,7,"3-2-1-1"
838.56159226828936,25218,1910,2,"1-1"
838.99053402328059,25200,1928,1,"1"
843.63165736271787,25182,1946,1,"1"
845.6238283415305,25164,1964,1,"1"
856.01944899856176,25146,1982,1,"1"
860.94062752856723,25113,2015,3,"3"
877.64252634862021,25001,2127,7,"5-1-1"
879.77013151814617,24983,2145,1,"1"
879.82105731475269,24972,2156,1,"1"
884.68333951981776,24954,2174,1,"1"
892.0423977538685,24936,2192,1,"1"
892.31568274732695,24900,2228,2,"1-1"
914.41100653351452,24864,2264,2,"1-1"
919.42794017449273,24854,2274,1,"1"
927.84902580890275,24836,2292,1,"1"
934.36624808225474,0,27128,1395,"1395"
----------------------------------------------9
0,27128,0,0,"0"
28.327446794888683,27127,1,1,"1"
64.391145082201717,27126,2,1,"1"
94.471006046860765,27108,20,1,"1"
98.039809068363397,27107,21,1,"1"
104.04331053818136,27106,22,1,"1"
107.73739736555888,27088,40,1,"1"
111.17116177995085,27087,41,1,"1"
149.61789055495797,27086,42,1,"1"
158.28351121942453,27085,43,1,"1"
167.46230710105917,27082,46,1,"1"
173.3340012658438,27064,64,1,"1"
174.68433931504418,27062,66,2,"2"
180.56664941562181,27044,84,1,"1"
211.34382000527503,27043,85,1,"1"
232.89508705547891,27042,86,1,"1"
237.82174229187373,27039,89,1,"1"
241.28635120385661,27009,119,2,"2"
269.24077770185573,27006,122,1,"1"
287.94823302918127,27005,123,1,"1"
319.91431889380544,26987,141,1,"1"
332.19676420988486,26986,142,1,"1"
340.30774100577554,26968,160,1,"1"
348.36729736641956,26950,178,1,"1"
363.76040119858624,26943,185,1,"1"
366.34102956607347,26925,203,1,"1"
369.99375470192086,26904,224,3,"3"
387.16484061636623,26893,235,1,"1"
395.36083631788546,26875,253,1,"1"
399.3088500630588,26865,263,2,"2"
409.05017552246562,26862,266,1,"1"
424.19010706724413,26844,284,1,"1"
427.88158234424407,26826,302,1,"1"
436.94670246817151,26808,320,1,"1"
439.58957994362237,26802,326,2,"2"
449.43979039666448,26793,335,1,"1"
466.01476146956566,26775,353,1,"1"
477.21800556782568,26761,367,4,"3-1"
482.81236941576714,26756,372,1,"1"
484.75076832743429,26751,377,1,"1"
484.90262852956687,26733,395,1,"1"
489.91776653582076,26723,405,2,"2"
491.00384528229876,26720,408,1,"1"
498.9202546355595,26713,415,1,"1"
499.46137253135726,26691,437,2,"1-1"
499.5761435477998,26686,442,1,"1"
500.11991336806364,26672,456,1,"1"
501.13298816721186,26661,467,3,"1-1-1"
503.31890983900769,26658,470,1,"1"
505.54172598143623,26640,488,1,"1"
508.24082716727071,26635,493,1,"1"
510.17766519480625,26629,499,2,"2"
528.57006162018592,26591,537,6,"4-2"
533.9939261638682,26573,555,1,"1"
540.11146141137647,26568,560,1,"1"
545.47237122227239,26550,578,1,"1"
546.4767874613907,26534,594,1,"1"
559.76892133038086,26480,648,3,"1-1-1"
560.0230865524228,26450,678,3,"1-1-1"
560.22567854283488,26436,692,1,"1"
570.86783038039846,26400,728,2,"1-1"
573.26689747189903,26382,746,1,"1"
586.74598359736967,26364,764,1,"1"
611.61860977044364,26299,829,7,"4-2-1"
621.27103221264724,26281,847,1,"1"
622.88715068606894,26263,865,1,"1"
625.81686863803327,26245,883,1,"1"
634.01163498876269,26224,904,3,"3"
640.85240850793582,26206,922,1,"1"
644.45760698855463,26170,958,2,"2"
645.31686003447294,26156,972,1,"1"
663.95046075639073,26120,1008,2,"1-1"
672.05855818929706,26102,1026,1,"1"
672.20263253404028,25989,1139,10,"5-2-1-1-1"
673.40638809739698,25971,1157,1,"1"
688.01589353305098,25955,1173,1,"1"
695.13290839792285,25923,1205,2,"1-1"
701.85942172669377,25904,1224,3,"3"
702.07562937274429,25759,1369,15,"5-4-1-1-1-1-1-1"
704.86704450976174,25741,1387,1,"1"
706.62647231731398,25587,1541,9,"9"
708.76378616684372,25574,1554,1,"1"
709.08936617971938,25556,1572,1,"1"
714.60811538056203,25538,1590,1,"1"
717.81016283241456,25288,1840,20,"6-3-2-2-1-1-1-1-1-1-1"
718.69344782796179,25270,1858,1,"1"
719.50755115370043,25252,1876,1,"1"
728.45967403173074,0,27128,1421,"1421"
