f,num_active_particles,num_deleted_particles,total_deleted_rods,avalanche_sizes
0,33105,0,0,"0"
52.137400746032689,33102,3,1,"1"
80.303188754561958,33084,21,1,"1"
132.67870607352322,33081,24,1,"1"
144.66000101414309,33080,25,1,"1"
149.76560459147501,33079,26,1,"1"
165.01882012179129,33076,29,3,"1-1-1"
172.4542088467972,33075,30,1,"1"
187.70644319444762,33072,33,1,"1"
193.07613434878348,33069,36,1,"1"
262.78408127912189,33051,54,1,"1"
265.80746941540241,33050,55,1,"1"
281.47432591806773,33049,56,1,"1"
300.07691865036838,33048,57,1,"1"
300.28554503282402,33038,67,1,"1"
303.92799869069887,33020,85,1,"1"
309.3387732383718,33015,90,1,"1"
315.83971772460046,33012,93,1,"1"
321.00248891825839,33000,105,1,"1"
353.37800057730288,32990,115,1,"1"
354.60293994838412,32989,116,1,"1"
371.66344558948617,32988,117,1,"1"
371.86453570239297,32985,120,1,"1"
373.63973784587495,32972,133,1,"1"
375.49280241857474,32969,136,1,"1"
377.24516525999195,32955,150,1,"1"
391.34870054424908,32949,156,2,"1-1"
408.13361761373221,32948,157,1,"1"
419.46313030033917,32947,158,1,"1"
428.81135355926398,32933,172,2,"2"
446.31017285619504,32923,182,1,"1"
447.69945344883774,32917,188,2,"1-1"
451.24364462243506,32912,193,1,"1"
497.11522257004412,32894,211,1,"1"
505.85511108873789,32877,228,3,"3"
509.78768677371448,32859,246,1,"1"
512.2913984082669,32856,249,1,"1"
535.02721916680753,32846,259,2,"1-1"
546.52674645245088,32839,266,1,"1"
546.8407976274674,32821,284,1,"1"
550.9406379893145,32809,296,1,"1"
567.65729024193718,32791,314,1,"1"
591.71303769671226,32773,332,1,"1"
605.89620948717572,32755,350,2,"2"
608.85491254351518,32729,376,6,"4-1-1"
609.87118561190357,32724,381,1,"1"
619.2586788607457,32706,399,1,"1"
619.79085990071701,32692,413,1,"1"
620.48971907445707,32658,447,2,"2"
625.84165396543051,32590,515,5,"2-2-1"
647.8187393041344,32572,533,1,"1"
649.09035005911642,32534,571,3,"3"
656.36291250539716,32524,581,1,"1"
675.77372638393228,32507,598,1,"1"
680.43952017834965,32489,616,1,"1"
685.02881439521229,32484,621,1,"1"
696.34110282975723,32472,633,1,"1"
696.93726043886318,32448,657,2,"2"
702.2484670266507,32435,670,1,"1"
717.9437716453001,32422,683,3,"3"
719.07528165275539,32350,755,5,"4-1"
721.3204684827773,32338,767,1,"1"
722.42594905993928,32320,785,1,"1"
725.72154058809167,32302,803,1,"1"
729.33452537153369,32284,821,1,"1"
754.70031264985732,32277,828,1,"1"
758.16845959165516,32263,842,1,"1"
761.58610502233614,32245,860,1,"1"
771.25283153924113,32222,883,3,"2-1"
773.41511832852973,32217,888,1,"1"
788.75516416467985,32199,906,1,"1"
802.74180707543997,32137,968,5,"2-1-1-1"
803.36193069742444,32118,987,3,"1-1-1"
808.59348725898337,32102,1003,2,"1-1"
812.88224182518252,32093,1012,1,"1"
814.79988453764668,32047,1058,3,"2-1"
827.71119541617429,32042,1063,1,"1"
830.08683192266926,32012,1093,2,"1-1"
833.82094145352892,32003,1102,1,"1"
837.20962195824166,31985,1120,1,"1"
848.7275925590061,31967,1138,1,"1"
854.18000385355833,31949,1156,1,"1"
854.71151240172094,31921,1184,2,"2"
861.58374312558522,31916,1189,1,"1"
863.3330927009647,31898,1207,1,"1"
866.10963849723771,31848,1257,5,"2-1-1-1"
866.65199285711094,31692,1413,10,"4-2-1-1-1-1"
873.58121942136086,31687,1418,1,"1"
879.91441518970646,31682,1423,1,"1"
881.19629602304929,31662,1443,4,"2-1-1"
886.68336110252949,0,33105,1794,"1794"
----------------------------------------------1
0,33105,0,0,"0"
72.228752939901156,33087,18,1,"1"
101.41784168294758,33075,30,1,"1"
142.84205935616228,33074,31,1,"1"
152.17324569838641,33073,32,1,"1"
174.99244835702103,33072,33,1,"1"
181.84570040105436,33067,38,1,"1"
183.99046069616904,33049,56,1,"1"
185.51396597043632,33043,62,2,"2"
202.59860958308269,33042,63,1,"1"
202.7483305370337,33035,70,3,"2-1"
215.72576229886687,33018,87,1,"1"
235.52470717403347,33017,88,1,"1"
253.17601839730747,32999,106,1,"1"
258.13079526036455,32981,124,1,"1"
260.91821890812804,32963,142,1,"1"
262.49877369548938,32945,160,1,"1"
272.57124850717571,32927,178,1,"1"
291.58889343980695,32911,194,1,"1"
298.94862862496393,32910,195,1,"1"
301.88361121866456,32907,198,1,"1"
316.48523671332856,32901,204,2,"1-1"
327.83360015572782,32883,222,1,"1"
340.18590797826965,32865,240,1,"1"
355.13640172807521,32833,272,2,"1-1"
355.78916694855849,32815,290,1,"1"
365.04528157832101,32814,291,1,"1"
365.47021748405808,32805,300,1,"1"
374.59493828345222,32804,301,1,"1"
375.07710049879097,32801,304,1,"1"
381.2660135007971,32790,315,1,"1"
386.6070129602827,32788,317,2,"2"
388.00779480756182,32774,331,1,"1"
418.78028189336004,32756,349,1,"1"
421.29447990711151,32754,351,2,"2"
448.50185256232521,32736,369,1,"1"
449.28215384682835,32733,372,1,"1"
457.82784291386702,32715,390,1,"1"
459.69555628629388,32697,408,1,"1"
491.77341258367807,32692,413,1,"1"
516.89302385162034,32674,431,1,"1"
521.54869865260628,32660,445,1,"1"
541.57443459193144,32648,457,2,"1-1"
563.13922221873872,32630,475,1,"1"
570.21324724573083,32625,480,1,"1"
575.06257510830017,32607,498,1,"1"
585.06557306852653,32571,534,2,"2"
594.641542999585,32553,552,1,"1"
597.46836830937445,32535,570,1,"1"
610.19095822449708,32525,580,1,"1"
611.21812655278256,32507,598,1,"1"
612.41139692660056,32489,616,1,"1"
619.76034676181132,32471,634,1,"1"
629.46654073198874,32466,639,1,"1"
635.55871061657058,32453,652,1,"1"
654.66912285665808,32448,657,1,"1"
656.93090851620696,32430,675,1,"1"
673.42758178628731,32394,711,2,"2"
690.75715233678727,32384,721,1,"1"
693.25475829306561,32373,732,3,"2-1"
711.35376584746518,32355,750,1,"1"
713.95364078991031,32331,774,2,"2"
714.30727362178482,32313,792,1,"1"
728.74110208406194,32295,810,1,"1"
743.15625393226765,32271,834,2,"2"
746.88941715951626,32254,851,3,"3"
767.43031462821216,32236,869,1,"1"
768.09875315628972,32218,887,1,"1"
771.62712610381277,32215,890,1,"1"
773.20750616401699,32199,906,2,"1-1"
777.9363847657836,32181,924,1,"1"
779.40679328257829,32163,942,1,"1"
784.83589732048165,32153,952,1,"1"
793.28222011476726,32143,962,2,"1-1"
794.57638730618294,32125,980,1,"1"
797.34606331930422,32107,998,1,"1"
806.96343175706124,32053,1052,3,"2-1"
808.65978250967464,32035,1070,1,"1"
820.66898365692737,31981,1124,3,"2-1"
825.27597073398647,31963,1142,1,"1"
856.93239888765413,31927,1178,2,"1-1"
857.78857652049828,31909,1196,1,"1"
860.78413586510555,31861,1244,3,"2-1"
876.26453602371919,31851,1254,2,"2"
894.27517145820559,31844,1261,1,"1"
898.71929434771266,31558,1547,21,"4-3-3-3-2-2-1-1-1-1"
910.22976782761918,31540,1565,1,"1"
917.2041633673914,31533,1572,1,"1"
922.85273523192484,31524,1581,1,"1"
924.29369990422788,31519,1586,1,"1"
939.26830287249277,31479,1626,3,"1-1-1"
939.55119728800526,31441,1664,6,"4-1-1"
940.85240040485417,31431,1674,1,"1"
942.33091999700378,31395,1710,2,"1-1"
943.86745650221633,31377,1728,1,"1"
944.77115638955104,31359,1746,1,"1"
948.94321724016231,31341,1764,1,"1"
955.46568577192807,31323,1782,1,"1"
957.85398161238732,31305,1800,1,"1"
965.27791452364659,31251,1854,3,"1-1-1"
966.19715064788375,31242,1863,1,"1"
979.36046390588717,31232,1873,2,"2"
983.63336046126528,31198,1907,2,"2"
987.27657591420768,31128,1977,6,"5-1"
993.97317503181978,31110,1995,1,"1"
999.27318903955381,31097,2008,1,"1"
1011.309836433019,31088,2017,1,"1"
1012.8780504868822,31070,2035,1,"1"
1015.2189269304121,0,33105,1770,"1770"
----------------------------------------------2
0,33105,0,0,"0"
37.128973932047316,33071,34,2,"2"
129.73528274408608,33070,35,1,"1"
132.00828914666175,33069,36,1,"1"
154.50131897971826,33051,54,1,"1"
159.80488620423424,33050,55,1,"1"
171.38865884659697,33032,73,1,"1"
190.42131616798892,33031,74,1,"1"
191.04359804532601,33013,92,1,"1"
203.64951515563976,33012,93,1,"1"
215.22050461950059,32994,111,1,"1"
215.78214966455457,32985,120,3,"2-1"
222.61920251244345,32967,138,1,"1"
224.16273527999715,32964,141,1,"1"
242.4724369196168,32963,142,1,"1"
244.72579418665046,32960,145,1,"1"
245.20252650427636,32942,163,1,"1"
257.48092928743642,32906,199,2,"2"
278.04211013725944,32903,202,1,"1"
283.5877855825596,32900,205,1,"1"
309.20433877301502,32898,207,2,"2"
314.67986138101162,32889,216,3,"2-1"
324.09669398443623,32888,217,1,"1"
359.96798940035205,32874,231,1,"1"
376.15314609964116,32856,249,1,"1"
384.60300700110645,32838,267,1,"1"
407.52596027504461,32820,285,1,"1"
408.14801116636647,32802,303,1,"1"
409.82600455666278,32799,306,1,"1"
414.64805603931461,32796,309,1,"1"
417.58908585940293,32772,333,2,"2"
425.24175830510904,32754,351,1,"1"
429.53622342028092,32744,361,2,"2"
437.9330315484471,32743,362,1,"1"
442.97882300498304,32731,374,1,"1"
443.63713523909769,32728,377,1,"1"
454.14112074041373,32714,391,1,"1"
454.5132021194803,32711,394,1,"1"
462.94542714514654,32693,412,1,"1"
475.77426711425966,32675,430,1,"1"
491.89658360161735,32661,444,1,"1"
498.1786500521174,32651,454,1,"1"
502.1445776943051,32645,460,2,"1-1"
502.50229279592099,32627,478,1,"1"
518.99392475432467,32609,496,1,"1"
521.04191611719716,32591,514,1,"1"
525.48661825505837,32565,540,2,"1-1"
528.7347259437264,32551,554,2,"2"
536.52851328520876,32533,572,1,"1"
538.12924768495498,32491,614,3,"2-1"
550.12224069862839,32473,632,1,"1"
556.87039729159505,32470,635,1,"1"
558.52411879166323,32452,653,1,"1"
593.48659948260934,32434,671,1,"1"
594.77396396022971,32416,689,1,"1"
600.57289225593217,32409,696,1,"1"
601.28360760065584,32391,714,1,"1"
601.5093550015032,32311,794,5,"5"
601.9182982353517,32297,808,1,"1"
611.85695176784361,32263,842,2,"2"
615.19057262845467,32242,863,2,"2"
618.75413402912568,32206,899,2,"2"
624.13968206344896,32152,953,3,"2-1"
628.62059995324535,32137,968,3,"2-1"
634.46371926219649,32113,992,2,"2"
635.53221535909131,32059,1046,8,"4-1-1-1-1"
636.01656567928046,32041,1064,1,"1"
644.62076433794482,32023,1082,1,"1"
647.51174737675171,32018,1087,1,"1"
660.71568442526234,31996,1109,2,"2"
662.17374458422671,31962,1143,2,"2"
665.41194656620212,31944,1161,1,"1"
666.26434224435195,31934,1171,1,"1"
667.31359924143305,31916,1189,1,"1"
668.22885059789519,31898,1207,1,"1"
672.86372284089066,31888,1217,1,"1"
673.68949523199683,31876,1229,1,"1"
678.10265722679139,31855,1250,3,"3"
678.98115631909616,31837,1268,1,"1"
691.530839510389,31819,1286,1,"1"
699.47277481070068,31809,1296,1,"1"
699.85717933720093,31791,1314,1,"1"
703.23348083907626,31775,1330,1,"1"
711.56567803729217,31739,1366,2,"1-1"
717.8558828127068,31729,1376,1,"1"
721.05665068057635,31724,1381,1,"1"
751.27662177591367,31706,1399,1,"1"
759.92623091630674,31688,1417,1,"1"
765.78905823341347,31670,1435,1,"1"
772.71355537492479,31654,1451,1,"1"
774.08112144243842,31636,1469,1,"1"
777.54318287324929,31625,1480,1,"1"
786.45021494793514,31620,1485,1,"1"
794.55951963736766,31604,1501,2,"1-1"
801.23394256700669,31586,1519,1,"1"
803.23440556460423,31568,1537,1,"1"
804.26931308545829,31527,1578,5,"2-1-1-1"
814.17138546926003,31509,1596,1,"1"
820.72266784864075,31500,1605,1,"1"
821.2022820647619,31489,1616,1,"1"
827.77116372267085,31476,1629,3,"2-1"
835.59035595152943,31442,1663,2,"2"
836.14598731734725,31361,1744,8,"4-2-1-1"
841.16894461942502,31165,1940,14,"3-2-2-2-1-1-1-1-1"
842.79885405105381,31147,1958,1,"1"
848.70212165703867,31129,1976,1,"1"
857.44532676087783,31120,1985,1,"1"
862.81654816984474,31102,2003,1,"1"
868.12189819911725,31085,2020,3,"3"
878.68861685841341,0,33105,1764,"1764"
----------------------------------------------3
0,33105,0,0,"0"
45.959537296402161,33102,3,1,"1"
67.638894721969777,33101,4,1,"1"
101.74919369320774,33100,5,1,"1"
111.69361337359956,33097,8,1,"1"
129.7501533877095,33096,9,1,"1"
148.45902918162528,33078,27,1,"1"
202.76186096098218,33077,28,1,"1"
243.25415556789906,33063,42,2,"2"
252.3552741983973,33062,43,1,"1"
260.03182125875531,33057,48,1,"1"
261.08478233677351,33047,58,1,"1"
264.98348647571152,33046,59,1,"1"
283.67867761301369,33028,77,1,"1"
285.22244523742529,33027,78,1,"1"
308.00157303732004,33009,96,1,"1"
313.5611950581461,32997,108,1,"1"
314.12734521602596,32988,117,3,"3"
314.51394446727306,32985,120,1,"1"
357.93861636142219,32967,138,1,"1"
366.23426208920614,32961,144,2,"2"
369.38127829877271,32944,161,1,"1"
372.52390410256425,32943,162,1,"1"
379.47529202236933,32933,172,2,"2"
382.37413586960463,32932,173,1,"1"
387.32860981159314,32931,174,1,"1"
399.36073083245799,32928,177,1,"1"
410.48985967105978,32925,180,1,"1"
414.87419626270963,32907,198,1,"1"
416.26101391617965,32899,206,4,"2-1-1"
420.5153583909256,32885,220,1,"1"
428.6604080716167,32882,223,1,"1"
440.11454470283559,32879,226,1,"1"
440.85256093743794,32876,229,1,"1"
443.69850184360035,32858,247,1,"1"
444.06366869464023,32842,263,1,"1"
447.37772567959615,32824,281,1,"1"
449.31518909768658,32810,295,1,"1"
452.54153400709328,32796,309,1,"1"
469.30566366614403,32778,327,1,"1"
506.21779271239785,32760,345,1,"1"
516.83171700892683,32748,357,1,"1"
553.06620713985672,32745,360,1,"1"
556.22464134911661,32735,370,1,"1"
565.10765136694999,32727,378,2,"1-1"
576.46791123817081,32709,396,1,"1"
607.92635297042398,32675,430,3,"2-1"
611.64569363848386,32668,437,1,"1"
620.54721771499305,32646,459,2,"1-1"
638.96746905391149,32628,477,1,"1"
645.30008986785788,32619,486,1,"1"
656.16976737627795,32616,489,1,"1"
657.36721178755738,32598,507,1,"1"
658.92023431846189,32562,543,2,"2"
675.14260377664914,32557,548,1,"1"
679.38325353237303,32539,566,1,"1"
681.60049930661523,32505,600,3,"1-1-1"
694.86927201559399,32471,634,4,"4"
717.25256054941769,32453,652,1,"1"
725.73783030325774,32448,657,1,"1"
726.773604465434,32439,666,1,"1"
733.97466084296821,32429,676,1,"1"
736.25161267869794,32411,694,1,"1"
742.51624535031249,32397,708,2,"2"
742.88815354640667,32379,726,1,"1"
748.12848676476062,32369,736,2,"2"
755.28772401082074,32333,772,2,"2"
757.84217073279603,32315,790,1,"1"
758.28371982439785,32277,828,6,"3-2-1"
760.04452583210764,32259,846,1,"1"
762.94051486723708,32250,855,1,"1"
777.2524321727409,32232,873,1,"1"
781.06835142053978,32214,891,1,"1"
783.00224624025986,32196,909,1,"1"
786.20768223912296,32180,925,2,"2"
799.59854882052252,32076,1029,7,"2-2-2-1"
807.43711940549144,32071,1034,1,"1"
809.77148913231656,32035,1070,2,"1-1"
812.41841221614516,32001,1104,2,"2"
815.85349109992433,31927,1178,6,"2-1-1-1-1"
816.4965321819875,31905,1200,2,"1-1"
816.81057513377357,31891,1214,2,"2"
819.14666318949514,31873,1232,1,"1"
822.57163900109492,31857,1248,1,"1"
827.56738649440342,31841,1264,1,"1"
831.94567437258968,31829,1276,1,"1"
832.44373430526241,31824,1281,1,"1"
836.3499631046393,31806,1299,1,"1"
841.22470731596661,31801,1304,1,"1"
854.07524764281573,31783,1322,1,"1"
855.87586236057837,31695,1410,6,"6"
872.73737890109999,31677,1428,1,"1"
875.54908019784375,31667,1438,2,"2"
876.37832068782859,31651,1454,1,"1"
889.96407836382025,31633,1472,1,"1"
901.39648806610398,31615,1490,1,"1"
902.22207079034229,31579,1526,2,"2"
905.79119009645342,31561,1544,1,"1"
913.27541532080409,31514,1591,5,"4-1"
920.5476287855023,31496,1609,1,"1"
931.09082827012014,31478,1627,1,"1"
932.85364593384918,31424,1681,3,"2-1"
946.04994743321561,31406,1699,2,"2"
953.64386172437605,31388,1717,1,"1"
955.42614622847884,31370,1735,1,"1"
958.6403524755026,31352,1753,1,"1"
963.92485003046465,31334,1771,1,"1"
978.13096691192243,0,33105,1778,"1778"
----------------------------------------------4
0,33105,0,0,"0"
110.49608629488571,33091,14,1,"1"
133.13516942141939,33073,32,1,"1"
134.74291060903232,33072,33,1,"1"
160.34394191684513,33071,34,1,"1"
181.77810880947411,33070,35,1,"1"
186.29437545466735,33056,49,1,"1"
221.2333371905257,33055,50,1,"1"
230.57802789659709,33037,68,1,"1"
240.92229837993716,33034,71,1,"1"
255.62708630076352,33033,72,1,"1"
277.63755252263553,33023,82,1,"1"
286.07765567657833,33005,100,1,"1"
292.26648545425718,32971,134,2,"1-1"
300.89532058630454,32969,136,2,"1-1"
332.54272090728756,32967,138,2,"2"
334.83867439272495,32957,148,1,"1"
336.05675171968227,32939,166,1,"1"
342.5898040792776,32936,169,1,"1"
346.81748742044618,32935,170,1,"1"
360.44631864925469,32926,179,3,"3"
362.100369217332,32908,197,1,"1"
362.73577812332456,32907,198,1,"1"
363.61004127954925,32900,205,1,"1"
365.63327007271545,32890,215,1,"1"
386.81946058155472,32887,218,1,"1"
388.7695485784983,32877,228,2,"2"
389.05818641691587,32870,235,3,"2-1"
413.30625582420538,32867,238,1,"1"
418.44082520862906,32866,239,1,"1"
421.26853268540322,32848,257,1,"1"
421.3123282318017,32845,260,1,"1"
431.78863465894887,32827,278,1,"1"
435.06005485681465,32824,281,1,"1"
443.54985670912725,32821,284,1,"1"
449.95188899525033,32818,287,1,"1"
452.94677910854233,32813,292,1,"1"
460.94602614358263,32795,310,1,"1"
461.91185890578674,32777,328,1,"1"
463.91603939649292,32761,344,1,"1"
466.76431703919303,32756,349,1,"1"
482.10694319062912,32749,356,1,"1"
507.77388925226109,32719,386,2,"2"
519.96206064386706,32710,395,1,"1"
523.26010993957232,32692,413,1,"1"
523.44090000950598,32674,431,1,"1"
529.51161604324602,32664,441,1,"1"
529.85458986962749,32646,459,1,"1"
533.80918612372318,32628,477,1,"1"
545.30768692696358,32594,511,3,"2-1"
550.39475119210613,32558,547,2,"2"
571.58429699039618,32540,565,1,"1"
575.49941294065661,32528,577,1,"1"
597.42802368732453,32525,580,1,"1"
602.11529989028725,32507,598,1,"1"
606.68816566803775,32481,624,2,"1-1"
630.13288398568397,32469,636,1,"1"
631.52139484118698,32451,654,1,"1"
638.87236750887007,32433,672,1,"1"
664.0724759602665,32415,690,1,"1"
667.33700879840262,32397,708,1,"1"
668.14779783205518,32385,720,1,"1"
673.75858525798867,32333,772,3,"3"
679.64412277773283,32325,780,2,"2"
680.43194742822345,32320,785,1,"1"
690.83806465996827,32302,803,1,"1"
694.48587243263933,32276,829,4,"3-1"
695.191289311074,32258,847,1,"1"
696.18933933520054,32240,865,1,"1"
702.52996426293566,32197,908,5,"4-1"
710.63161940708892,32179,926,1,"1"
711.73540539592102,32174,931,1,"1"
717.54113161548048,32158,947,1,"1"
726.19380279154848,32151,954,1,"1"
726.73443570781353,32133,972,1,"1"
729.66947579087559,32099,1006,2,"2"
751.86757708771904,32063,1042,2,"1-1"
760.96276868792199,32045,1060,1,"1"
780.2374354485321,32039,1066,2,"2"
783.85866526814493,32021,1084,1,"1"
784.20936252506635,31787,1318,18,"7-4-2-1-1-1-1-1"
784.5731235563843,31769,1336,1,"1"
789.01862503570442,31757,1348,1,"1"
789.8481376931976,31739,1366,1,"1"
790.64282088957395,31721,1384,1,"1"
800.25528864967202,31703,1402,1,"1"
806.60305367647049,31679,1426,2,"1-1"
813.44653806121005,31625,1480,3,"2-1"
815.02446335903608,31607,1498,1,"1"
815.69002951768459,31589,1516,1,"1"
827.8845616925139,31571,1534,1,"1"
834.59626289205494,31421,1684,10,"2-2-1-1-1-1-1-1"
844.39755908378118,0,33105,1794,"1794"
----------------------------------------------5
0,33105,0,0,"0"
34.166794374356108,33087,18,1,"1"
40.776250275870503,33086,19,1,"1"
134.80838299719085,33083,22,1,"1"
165.47455193696939,33069,36,1,"1"
173.62270888111991,33068,37,1,"1"
198.65313829701034,33067,38,1,"1"
200.63357237289082,33066,39,1,"1"
222.22187893267733,33048,57,1,"1"
244.67870122134244,33036,69,1,"1"
249.36072921758552,33035,70,1,"1"
251.6106134610894,33029,76,2,"2"
251.66834935945752,33020,85,3,"3"
252.0467337586594,33013,92,1,"1"
267.387080533274,32997,108,1,"1"
284.58722066289306,32979,126,1,"1"
295.19053705296744,32978,127,1,"1"
329.24018314760923,32966,139,1,"1"
333.86333752509506,32952,153,1,"1"
360.66042655949985,32949,156,3,"3"
379.44898546940902,32947,158,2,"2"
381.70816851067906,32944,161,1,"1"
400.24008978032174,32928,177,1,"1"
411.13440923004168,32916,189,1,"1"
419.68426397192758,32898,207,1,"1"
439.4025905358713,32880,225,1,"1"
451.55786821626043,32879,226,1,"1"
458.2904968942251,32878,227,1,"1"
460.7330528016106,32846,259,6,"5-1"
469.53153529378864,32828,277,1,"1"
471.7279732234523,32770,335,4,"2-2"
521.26474468526362,32752,353,1,"1"
537.40522649256786,32734,371,1,"1"
542.86839226721395,32731,374,1,"1"
554.72598258962114,32715,390,1,"1"
571.83459416020241,32697,408,1,"1"
576.45730816879632,32679,426,1,"1"
592.08191114918804,32661,444,1,"1"
602.45639046822885,32643,462,1,"1"
608.4861334309021,32636,469,1,"1"
618.77034432125845,32618,487,1,"1"
643.20174153020912,32600,505,1,"1"
646.53755591230504,32582,523,1,"1"
649.55825046323378,32570,535,1,"1"
650.54338430503913,32565,540,1,"1"
651.52821770511446,32529,576,2,"2"
661.52321321356192,32526,579,1,"1"
666.72958612150296,32514,591,1,"1"
674.48108382990188,32507,598,1,"1"
683.23741071644133,32490,615,3,"1-1-1"
691.64272090822044,32480,625,2,"2"
696.67807566914928,32477,628,1,"1"
701.40217129204359,32454,651,3,"2-1"
721.80941098094775,32425,680,5,"2-2-1"
735.81149044416895,32381,724,3,"2-1"
737.40306641778329,32351,754,2,"1-1"
740.00315459332296,32341,764,1,"1"
762.21650719236777,32334,771,1,"1"
764.14382724191091,32316,789,1,"1"
765.04267891830955,32294,811,2,"1-1"
775.30231739434612,32276,829,1,"1"
782.88536065138658,31988,1117,20,"3-3-3-2-2-2-1-1-1-1-1"
783.18581926856473,31964,1141,2,"2"
815.87346398297427,0,33105,1830,"1830"
----------------------------------------------6
0,33105,0,0,"0"
75.527232051145333,33104,1,1,"1"
101.64957355139659,33103,2,1,"1"
137.49367196723426,33102,3,1,"1"
146.32660450774949,33101,4,1,"1"
147.08179294829978,33083,22,1,"1"
172.33072222526607,33082,23,1,"1"
200.94476352273887,33064,41,1,"1"
212.22111446366219,33063,42,1,"1"
215.93215554496695,33054,51,3,"3"
252.58731707729692,33044,61,1,"1"
253.38041379160967,33043,62,1,"1"
254.96015907278857,33042,63,1,"1"
256.03319228013783,33024,81,1,"1"
259.31119301900287,33006,99,1,"1"
267.47650403895221,33000,105,2,"2"
280.92220400978766,32998,107,2,"2"
291.13174626620884,32964,141,2,"2"
320.54894021574665,32946,159,1,"1"
334.55570906582051,32928,177,1,"1"
341.30768508743284,32925,180,1,"1"
346.08513626753029,32924,181,1,"1"
356.98551201596393,32912,193,1,"1"
379.60667743465098,32898,207,1,"1"
388.34825363694847,32897,208,1,"1"
400.75523968853997,32888,217,1,"1"
408.7456172077201,32883,222,1,"1"
411.75929124455973,32882,223,1,"1"
414.60974077900659,32864,241,1,"1"
415.27751480223554,32861,244,1,"1"
440.18322782192854,32858,247,1,"1"
441.73372512288455,32844,261,1,"1"
451.87466337288316,32780,325,4,"2-1-1"
456.85515023262059,32777,328,1,"1"
485.65615881210715,32774,331,1,"1"
490.82797122049601,32757,348,1,"1"
497.16887739319299,32739,366,1,"1"
500.85142672453895,32732,373,1,"1"
517.89743834258979,32714,391,1,"1"
522.05402987107504,32711,394,1,"1"
524.7600960725423,32693,412,1,"1"
528.68527727378114,32690,415,1,"1"
530.27630923122001,32684,421,2,"2"
532.19446371760546,32666,439,1,"1"
571.29765056369149,32660,445,2,"1-1"
575.300925078266,32624,481,2,"1-1"
580.20720904630207,32619,486,1,"1"
613.25424391510273,32601,504,1,"1"
620.34328457978711,32591,514,2,"1-1"
620.62263928226184,32581,524,1,"1"
622.75446498774943,32563,542,1,"1"
623.76605741638105,32503,602,8,"6-1-1"
626.07005729275465,32494,611,1,"1"
631.51311064248921,32480,625,1,"1"
660.52491153181904,32462,643,1,"1"
661.47246330768144,32444,661,1,"1"
663.31663094578448,32432,673,1,"1"
688.97029118113994,32414,691,1,"1"
696.640768115264,32405,700,1,"1"
704.18851919484121,32371,734,3,"2-1"
707.68280267987848,32343,762,2,"1-1"
721.70281711304335,32336,769,1,"1"
736.37636581833772,32326,779,1,"1"
742.16349636971393,32308,797,1,"1"
742.2896090822552,32305,800,1,"1"
745.02836883211353,32302,803,1,"1"
745.5414233552259,32286,819,2,"1-1"
750.21643082064463,32274,831,1,"1"
751.50260051579482,32208,897,5,"3-1-1"
752.6019939239128,32190,915,1,"1"
780.06405516101211,32185,920,1,"1"
789.91780125506557,32167,938,1,"1"
794.28985441770328,32157,948,2,"2"
795.47450702113986,32141,964,1,"1"
797.96834907302093,32105,1000,2,"2"
805.33017256641995,32087,1018,1,"1"
817.10619229774477,32080,1025,1,"1"
821.43991629576999,32062,1043,1,"1"
830.65015862742314,32044,1061,1,"1"
831.64978640799188,32026,1079,1,"1"
837.53714719959942,32017,1088,1,"1"
840.29112129261387,31996,1109,3,"3"
851.86774137964346,31978,1127,1,"1"
852.46101435799574,31862,1243,9,"3-3-2-1"
865.1157781071887,31712,1393,11,"3-3-2-1-1-1"
873.53810186271846,31694,1411,1,"1"
875.28837875456975,31676,1429,1,"1"
883.27143394134453,31658,1447,1,"1"
883.52785307683087,31640,1465,1,"1"
885.74569885963695,31622,1483,1,"1"
895.32866348657922,31581,1524,5,"3-1-1"
901.55258398542799,31501,1604,5,"2-1-1-1"
903.36553771374622,31429,1676,4,"2-1-1"
913.64135657631095,0,33105,1788,"1788"
----------------------------------------------7
0,33105,0,0,"0"
92.27385831800693,33087,18,1,"1"
135.45916829658393,33069,36,1,"1"
147.25656969757657,33062,43,1,"1"
150.20696655737441,33061,44,1,"1"
174.38330767299763,33027,78,2,"2"
176.83540653412646,33026,79,1,"1"
183.92765349796289,33008,97,1,"1"
195.64300483825144,33003,102,1,"1"
219.05917340014818,32985,120,1,"1"
224.11359319395882,32984,121,1,"1"
226.10772968413679,32966,139,1,"1"
246.08804178022098,32948,157,1,"1"
248.82202615602242,32945,160,1,"1"
257.92832388894834,32927,178,1,"1"
274.13385269540731,32909,196,2,"1-1"
276.01028540021559,32872,233,7,"7"
280.28095794968584,32871,234,1,"1"
293.68398954469802,32870,235,1,"1"
302.7462202776494,32867,238,1,"1"
306.33952450036668,32864,241,1,"1"
309.85945878466362,32846,259,1,"1"
311.64352650121594,32828,277,1,"1"
312.13016280254089,32825,280,1,"1"
320.0723430052746,32815,290,1,"1"
330.37776626012476,32802,303,1,"1"
332.34277793003878,32797,308,1,"1"
344.86428610563433,32779,326,1,"1"
373.50569431870684,32765,340,1,"1"
375.51263122835536,32747,358,1,"1"
381.39493064661355,32746,359,1,"1"
384.24641281842463,32740,365,2,"2"
393.68003188767238,32739,366,1,"1"
393.8286546123897,32738,367,1,"1"
395.31799152924646,32726,379,1,"1"
397.39331406765632,32723,382,1,"1"
398.63645068948915,32720,385,1,"1"
400.51598950154511,32702,403,1,"1"
402.15226552263755,32687,418,3,"2-1"
406.32671161954994,32684,421,1,"1"
420.94735275994464,32666,439,1,"1"
435.34183577706057,32648,457,1,"1"
450.69536749765052,32634,471,2,"2"
472.4290855141291,32616,489,1,"1"
475.46326226544448,32615,490,1,"1"
476.07428666240901,32609,496,2,"2"
479.98558266917348,32604,501,1,"1"
490.68621452819036,32592,513,1,"1"
501.28839597908075,32585,520,1,"1"
502.93584320280894,32567,538,1,"1"
503.35577280456903,32564,541,1,"1"
522.87516330334097,32552,553,1,"1"
526.26578189110603,32534,571,2,"1-1"
529.00657155114243,32498,607,2,"2"
549.84767048991603,32462,643,2,"2"
558.93725339780485,32440,665,4,"2-1-1"
563.76943650983651,32422,683,1,"1"
573.28902819047505,32404,701,1,"1"
601.77767583187733,32352,753,4,"3-1"
609.08743708561508,32340,765,1,"1"
612.68706464257593,32331,774,1,"1"
647.32682573753971,32316,789,1,"1"
653.12558911980761,32309,796,1,"1"
654.00254975300766,32291,814,1,"1"
665.71593296331844,32255,850,2,"2"
670.92517797295613,32237,868,1,"1"
672.85515742065286,32227,878,1,"1"
692.10820291283073,32203,902,2,"1-1"
695.70022167448303,32185,920,1,"1"
697.67354519090702,32173,932,2,"1-1"
704.2597540191681,32131,974,3,"2-1"
712.15522456521319,32126,979,1,"1"
719.89867576861661,32108,997,1,"1"
724.0558129251026,32090,1015,1,"1"
724.5777456449315,32062,1043,2,"1-1"
727.20854879251192,32052,1053,2,"1-1"
729.19406383472869,32049,1056,1,"1"
735.81070219902256,32031,1074,1,"1"
738.83324833323923,32026,1079,1,"1"
740.4729605904339,32021,1084,1,"1"
748.11181399741145,32003,1102,1,"1"
748.74153076207494,31985,1120,1,"1"
750.47847959417413,31969,1136,1,"1"
756.78265950688944,31933,1172,2,"2"
778.27183530622813,31909,1196,4,"2-2"
779.3391717955484,31885,1220,2,"2"
788.03292849231013,31855,1250,2,"2"
796.13751281263399,31837,1268,1,"1"
807.84453690762462,31818,1287,3,"2-1"
816.91656619033358,31754,1351,6,"3-1-1-1"
823.48966182442609,31736,1369,1,"1"
825.76363791361985,31720,1385,2,"2"
842.28261388071871,31672,1433,4,"4"
843.87373345462868,31654,1451,1,"1"
853.59778365447619,31636,1469,1,"1"
855.24234979524681,31613,1492,3,"2-1"
865.04490470187568,31597,1508,2,"1-1"
865.8723499456878,31497,1608,11,"4-3-1-1-1-1"
866.9242538547054,31479,1626,1,"1"
867.98534583462811,31443,1662,2,"1-1"
872.34395851697468,31415,1690,2,"2"
873.77365915930159,0,33105,1779,"1779"
----------------------------------------------8
0,33105,0,0,"0"
26.939432740749918,33104,1,1,"1"
29.361068969472125,33103,2,1,"1"
45.28877898694958,33102,3,1,"1"
55.364307648492648,33084,21,1,"1"
56.643154338178988,33081,24,1,"1"
96.142808393760376,33080,25,1,"1"
123.0546608129816,33062,43,1,"1"
170.32726810804482,33044,61,1,"1"
206.66748134365753,33037,68,1,"1"
213.22383752073219,33031,74,2,"2"
220.4946427627645,33013,92,1,"1"
239.39154574498642,32999,106,1,"1"
248.99239621507166,32995,110,2,"1-1"
259.38301965925018,32977,128,1,"1"
266.13846175360436,32959,146,1,"1"
286.87634357511894,32958,147,1,"1"
316.96246298113448,32942,163,1,"1"
357.32464650902085,32937,168,1,"1"
373.73055505293092,32919,186,1,"1"
374.4471175969889,32901,204,1,"1"
376.78647828255765,32883,222,1,"1"
386.28866190544557,32865,240,1,"1"
388.9890024696947,32864,241,1,"1"
391.35876103903581,32856,249,4,"2-2"
407.19847103080241,32844,261,2,"1-1"
407.26430209940372,32830,275,1,"1"
408.53349970606035,32828,277,2,"2"
425.22294827441306,32827,278,1,"1"
450.4653670809339,32815,290,1,"1"
454.73174907654618,32797,308,1,"1"
455.0281334409429,32794,311,1,"1"
455.06468801697457,32791,314,1,"1"
455.77441401705011,32773,332,1,"1"
457.9751874637609,32760,345,3,"3"
459.86943132161173,32757,348,1,"1"
465.12582086613565,32747,358,1,"1"
487.75668547353689,32729,376,1,"1"
496.8376348657813,32725,380,2,"1-1"
500.34386848018011,32707,398,1,"1"
509.92769061241444,32673,432,6,"2-2-1-1"
515.9399853458807,32655,450,1,"1"
524.87429747187116,32637,468,1,"1"
540.58262265560575,32619,486,1,"1"
540.64447906580779,32612,493,1,"1"
545.32664283467216,32609,496,1,"1"
549.78944916647276,32604,501,1,"1"
559.81760377581395,32569,536,3,"2-1"
572.73574748256021,32551,554,1,"1"
577.3605304428454,32515,590,2,"2"
580.16300595215625,32497,608,1,"1"
597.26066112957301,32487,618,1,"1"
604.06924546016876,32469,636,1,"1"
635.10697735029669,32433,672,2,"2"
640.27236323298234,32430,675,1,"1"
668.28187179035638,32427,678,1,"1"
670.28213585884396,32389,716,3,"2-1"
682.89731136682224,32371,734,1,"1"
685.19020486309012,32336,769,5,"3-1-1"
697.47150663346542,32333,772,1,"1"
703.2253428411924,32309,796,2,"2"
712.97301283550291,32296,809,1,"1"
716.94509722313001,32291,814,1,"1"
718.09642765756871,32273,832,1,"1"
729.01013485551596,32249,856,2,"2"
729.12166209468239,32231,874,1,"1"
732.76989973091315,32221,884,1,"1"
744.37324455157432,32203,902,1,"1"
747.08541644709805,32185,920,1,"1"
748.12764268964429,32153,952,3,"3"
752.56545139744173,32135,970,1,"1"
765.9136036879114,32124,981,1,"1"
770.36446508240942,32110,995,1,"1"
774.77351124076426,32092,1013,1,"1"
777.67859551995923,32082,1023,1,"1"
783.91697863663614,32064,1041,1,"1"
789.30682573945887,32022,1083,3,"3"
794.45997568515338,32004,1101,1,"1"
800.95339162258847,31990,1115,1,"1"
804.98644693923848,31954,1151,2,"2"
817.72588675603311,31936,1169,1,"1"
821.89082542029939,31863,1242,9,"4-2-1-1-1"
827.55633710366862,31845,1260,1,"1"
834.04695575706501,31842,1263,1,"1"
855.26803707516331,31806,1299,2,"1-1"
865.52082021286628,31368,1737,31,"6-3-2-2-2-2-2-2-1-1-1-1-1-1-1-1-1-1"
871.06170072136865,31350,1755,1,"1"
874.9831043554866,31326,1779,2,"1-1"
879.54562737238712,31298,1807,2,"1-1"
879.69344495818666,31280,1825,1,"1"
897.48568283653037,31262,1843,1,"1"
901.93416092275015,31244,1861,1,"1"
902.09743683430816,31227,1878,1,"1"
902.32277207799541,31209,1896,1,"1"
909.68626367724562,31191,1914,1,"1"
911.42042452844271,0,33105,1773,"1773"
----------------------------------------------9
0,33105,0,0,"0"
106.3059525142783,33102,3,1,"1"
110.08712618570762,33101,4,1,"1"
129.15475713640012,33083,22,1,"1"
154.09465144068844,33065,40,1,"1"
157.22800166783608,33064,41,1,"1"
166.4290958511213,33061,44,1,"1"
175.21956069777895,33058,47,1,"1"
191.29941463474466,33055,50,1,"1"
199.62947246388418,33037,68,1,"1"
201.69970309388455,33036,69,1,"1"
213.34850499144488,33035,70,1,"1"
214.77442511333567,33034,71,1,"1"
221.64126625551259,33022,83,1,"1"
222.15808043328116,32998,107,2,"2"
229.76792005248944,32984,121,1,"1"
238.98872506833379,32968,137,1,"1"
246.20471960070424,32967,138,1,"1"
260.33066282983737,32966,139,1,"1"
270.51629585950167,32965,140,1,"1"
274.33079346457635,32964,141,1,"1"
277.92160913350921,32963,142,1,"1"
297.05788718442699,32951,154,1,"1"
307.99783947120051,32938,167,5,"2-1-1-1"
353.55796611285768,32920,185,1,"1"
380.72338013060221,32880,225,3,"2-1"
385.62997882072563,32868,237,1,"1"
387.38422443801051,32859,246,1,"1"
389.68721205551753,32849,256,1,"1"
399.55253444722587,32831,274,1,"1"
402.12091030445498,32772,333,11,"6-2-1-1-1"
402.64366934560076,32767,338,1,"1"
422.67751674141755,32759,346,2,"1-1"
430.4281094212742,32756,349,1,"1"
466.4984358450605,32728,377,2,"2"
470.28162806670593,32710,395,1,"1"
475.52902430563944,32696,409,1,"1"
478.8122741324903,32695,410,1,"1"
483.43420758808873,32690,415,1,"1"
487.96431449901831,32672,433,1,"1"
490.46273295101673,32654,451,1,"1"
494.41384102207616,32636,469,1,"1"
506.84724825537586,32618,487,1,"1"
507.87126298338023,32600,505,1,"1"
510.81873756431969,32582,523,1,"1"
518.12772329502468,32564,541,1,"1"
532.98522984505087,32561,544,1,"1"
541.41542893815188,32551,554,1,"1"
572.17661550636979,32533,572,1,"1"
587.66481675099203,32523,582,1,"1"
589.26124476622806,32507,598,1,"1"
618.95649990079175,32495,610,1,"1"
631.83289030568426,32485,620,1,"1"
633.26418339022325,32451,654,4,"2-1-1"
635.07593754697086,32433,672,1,"1"
646.9286583487185,32415,690,1,"1"
656.74620874397647,32412,693,1,"1"
665.34413638101705,32398,707,1,"1"
671.86356795815038,32388,717,1,"1"
677.49216379100233,32370,735,1,"1"
680.12014583764653,32361,744,1,"1"
683.00285026881522,32333,772,2,"1-1"
684.81037350965846,32321,784,1,"1"
686.13707721604692,32303,802,1,"1"
690.93439242177033,32294,811,1,"1"
702.57423202698283,32252,853,3,"3"
708.88242967084398,32220,885,2,"2"
720.20634028636687,32202,903,1,"1"
723.60455694018776,32185,920,1,"1"
726.64929139153855,32167,938,1,"1"
743.14154000854342,32131,974,2,"2"
748.44572422742442,32113,992,1,"1"
751.06583192847813,32101,1004,1,"1"
751.27383171491761,32083,1022,1,"1"
755.09998386503617,32047,1058,2,"2"
759.62035884076522,32029,1076,1,"1"
775.9342357560198,32022,1083,1,"1"
778.30911605552103,31998,1107,2,"1-1"
782.57862605255548,31980,1125,1,"1"
785.05233774904582,31971,1134,1,"1"
802.63832408093094,31953,1152,1,"1"
805.73761988285605,31948,1157,1,"1"
807.19565906101138,31930,1175,1,"1"
808.1897880662932,31892,1213,3,"3"
820.80034640698466,31843,1262,4,"3-1"
827.80873929719053,31838,1267,1,"1"
828.09863910788317,31820,1285,1,"1"
832.90172428456481,31704,1401,8,"3-2-2-1"
834.5642093526011,31699,1406,1,"1"
836.52013888785643,0,33105,1811,"1811"
