f,num_active_particles,num_deleted_particles,total_deleted_rods,avalanche_sizes
0,31269,0,0,"0"
41.411148563160772,31251,18,1,"1"
43.945868295074042,31250,19,1,"1"
60.431201612095172,31249,20,1,"1"
63.65841305513365,31248,21,1,"1"
107.20175285836652,31230,39,1,"1"
110.40434727370092,31229,40,1,"1"
129.15709719260823,31227,42,2,"2"
130.01826011773906,31226,43,1,"1"
142.96260059154099,31208,61,1,"1"
154.45338114870174,31207,62,1,"1"
156.76217350893117,31206,63,1,"1"
194.92069582508756,31205,64,1,"1"
222.20283424638433,31204,65,1,"1"
227.28228129910619,31203,66,1,"1"
234.12088186138578,31201,68,2,"2"
241.02968978846638,31183,86,1,"1"
242.45461228209811,31182,87,1,"1"
247.92230258358836,31181,88,1,"1"
251.06607902293334,31180,89,1,"1"
255.40769288068373,31175,94,1,"1"
266.79119991078045,31174,95,1,"1"
273.4215270427905,31172,97,2,"2"
274.58395131610649,31171,98,1,"1"
277.90776412389073,31170,99,1,"1"
279.03078321569711,31168,101,2,"1-1"
289.02636509405312,31150,119,2,"2"
304.87026762706074,31148,121,2,"2"
354.25990219157643,31147,122,1,"1"
375.52770137382345,31146,123,1,"1"
395.42036293209782,31145,124,1,"1"
415.57224126288548,31127,142,1,"1"
448.93661273775206,31112,157,3,"2-1"
456.03963823446509,31094,175,1,"1"
470.67119739715042,31076,193,1,"1"
480.08302711336398,31058,211,1,"1"
493.46089322930493,31057,212,1,"1"
496.55413528402255,31056,213,1,"1"
500.4643292821757,31051,218,1,"1"
519.93979532650235,31025,244,2,"1-1"
521.35579738839942,31007,262,1,"1"
522.72619039797337,30989,280,1,"1"
530.84678928712071,30971,298,1,"1"
535.03238330313559,30953,316,1,"1"
538.27872591906851,30935,334,1,"1"
554.7756657673998,30925,344,1,"1"
567.11718903190024,30920,349,1,"1"
576.46322386442455,30902,367,1,"1"
577.51421322577301,30897,372,1,"1"
600.41648931523571,30879,390,1,"1"
606.81723325097585,30874,395,1,"1"
648.08581292474628,30838,431,2,"1-1"
649.97602619387033,30802,467,2,"2"
650.57514645232845,30784,485,1,"1"
653.88868486752233,30766,503,1,"1"
654.87683676392453,30761,508,1,"1"
665.89510073175268,30751,518,1,"1"
677.1336754421153,30733,536,1,"1"
678.05027459242706,30698,571,3,"2-1"
685.78246502495847,30693,576,1,"1"
688.71433407349502,30683,586,1,"1"
689.01668093797582,30651,618,4,"2-1-1"
702.51059436342018,30646,623,1,"1"
714.35199436057474,30628,641,1,"1"
743.03148554526695,30611,658,1,"1"
746.09414320007477,30485,784,7,"7"
749.56895139184178,30471,798,2,"1-1"
770.12944086491893,30461,808,2,"2"
770.37400805808045,30451,818,1,"1"
772.94735111493355,30433,836,1,"1"
780.04268127703199,30415,854,1,"1"
792.07036721788677,30405,864,1,"1"
793.14578194837964,30387,882,1,"1"
795.47750779470141,30369,900,1,"1"
805.276700625373,30351,918,1,"1"
809.0926119639837,30335,934,1,"1"
810.86637306226135,30299,970,2,"2"
832.87559551777542,30279,990,2,"2"
837.21086523550821,30238,1031,5,"3-1-1"
843.41929496416685,30220,1049,1,"1"
845.32117694925898,30148,1121,4,"3-1"
846.17078387554318,30131,1138,1,"1"
866.14683230460014,30113,1156,1,"1"
873.8958017834284,30100,1169,1,"1"
878.54807823441354,30072,1197,2,"1-1"
887.34517083960532,30050,1219,2,"2"
892.27464005547483,30036,1233,1,"1"
914.02185007444268,30018,1251,1,"1"
915.80674716789395,30000,1269,1,"1"
922.64744566277477,29982,1287,1,"1"
925.07756774955737,29910,1359,4,"4"
925.17119429741751,29892,1377,1,"1"
934.53050209948628,29874,1395,1,"1"
940.98793728108137,29838,1431,2,"2"
952.43045623068383,29828,1441,1,"1"
963.77644587506563,29778,1491,6,"5-1"
968.71517444810627,29760,1509,1,"1"
980.93343943930449,29495,1774,27,"16-3-2-2-1-1-1-1"
982.19256565776107,29455,1814,4,"2-2"
995.01394956852118,29441,1828,1,"1"
996.29580844545023,29423,1846,1,"1"
1020.9827690851708,29361,1908,6,"3-2-1"
1028.9332750284609,29343,1926,1,"1"
1031.4305497387611,29325,1944,1,"1"
1033.1921345074334,29307,1962,1,"1"
1033.4942120427841,29289,1980,1,"1"
1034.0786360792758,29235,2034,3,"2-1"
1041.2209993843433,0,31269,1653,"1653"
----------------------------------------------1
0,31269,0,0,"0"
32.794260503134446,31268,1,1,"1"
58.656729917062769,31263,6,1,"1"
63.222359041422621,31245,24,1,"1"
99.248057332158908,31244,25,1,"1"
114.24014116139379,31243,26,1,"1"
116.6297779907738,31242,27,1,"1"
126.12635477717497,31241,28,1,"1"
135.53927887821473,31240,29,1,"1"
138.79060166767249,31239,30,1,"1"
156.02196087040727,31229,40,1,"1"
159.47784232528514,31210,59,3,"2-1"
161.19883978513761,31205,64,1,"1"
161.79697127933309,31189,80,1,"1"
162.23984148615185,31187,82,2,"2"
162.38575201595063,31186,83,1,"1"
177.0565965486486,31168,101,1,"1"
180.86336960829664,31150,119,1,"1"
196.51265660057854,31149,120,1,"1"
205.81153016687023,31147,122,2,"2"
209.0484516617592,31146,123,1,"1"
210.56814872196458,31140,129,2,"1-1"
225.70990457602372,31139,130,1,"1"
235.14205903748319,31138,131,1,"1"
238.83624544743063,31137,132,1,"1"
241.95860655618469,31136,133,1,"1"
243.9777836524305,31135,134,1,"1"
244.15274178677015,31130,139,1,"1"
247.61511351020104,31128,141,2,"1-1"
255.52606610835949,31110,159,1,"1"
261.04612920474023,31109,160,1,"1"
265.48097274030539,31108,161,1,"1"
268.92935228898835,31103,166,1,"1"
269.27653276391504,31102,167,1,"1"
286.30894500371846,31100,169,2,"2"
301.65485312189503,31082,187,1,"1"
307.05755219543568,31081,188,1,"1"
327.60125246518379,31063,206,1,"1"
362.27270693136074,31062,207,1,"1"
363.10761254648696,31044,225,1,"1"
365.88082761599088,31043,226,1,"1"
380.36221850540926,31025,244,1,"1"
383.59793644956977,31007,262,1,"1"
408.7159518301346,30989,280,1,"1"
414.58773464835843,30971,298,1,"1"
440.01701829514911,30953,316,1,"1"
442.74000200138113,30936,333,1,"1"
445.78185606193796,30918,351,1,"1"
466.07644566969151,30900,369,1,"1"
496.1637746036929,30882,387,1,"1"
505.28793707208473,30868,401,1,"1"
507.6347822513336,30854,415,1,"1"
509.55913937222556,30836,433,1,"1"
518.15080147097672,30818,451,1,"1"
550.91601294944655,30800,469,1,"1"
561.46200649485797,30772,497,2,"2"
571.14039409825477,30754,515,2,"1-1"
571.99640027458486,30628,641,7,"6-1"
576.40786540155409,30610,659,1,"1"
577.84265930927734,30595,674,3,"2-1"
585.98235269912755,30577,692,1,"1"
591.78248205003388,30559,710,1,"1"
617.83665349172895,30541,728,1,"1"
620.77771728136804,30536,733,1,"1"
622.03330781735588,30518,751,1,"1"
632.88465656013852,30500,769,2,"2"
642.79080377650098,30495,774,1,"1"
651.22118112038959,30486,783,1,"1"
669.46983399471594,30414,855,4,"4"
677.70936380500871,30404,865,1,"1"
704.77980645800596,30395,874,1,"1"
706.3312024354899,30382,887,1,"1"
706.95826687692727,30362,907,2,"2"
712.06693186395057,30348,921,1,"1"
713.32599082866466,30330,939,1,"1"
728.64964498718189,30325,944,1,"1"
729.77976546847492,30320,949,1,"1"
731.74333187939283,30302,967,1,"1"
734.97207176515496,30284,985,1,"1"
745.42741506707614,30266,1003,1,"1"
752.73658942229065,30256,1013,1,"1"
758.18510804469872,30238,1031,1,"1"
770.12440133433563,30220,1049,1,"1"
773.4414636667359,30202,1067,1,"1"
773.73331577274701,30138,1131,8,"2-2-1-1-1-1"
774.02757995742331,30116,1153,2,"1-1"
789.06511276632375,30098,1171,1,"1"
798.57636228067031,30080,1189,1,"1"
802.68774790844918,30062,1207,1,"1"
802.87551111497282,30023,1246,3,"2-1"
806.63110071399842,30013,1256,1,"1"
807.719709500916,29995,1274,1,"1"
808.96458127058099,29959,1310,2,"2"
809.5518808776593,29905,1364,3,"2-1"
810.44840613082636,29887,1382,1,"1"
810.93160063187952,29826,1443,4,"4"
817.30424585828212,29808,1461,1,"1"
817.54561534904394,29795,1474,1,"1"
840.10144363668564,29781,1488,2,"2"
841.39370324333538,29721,1548,8,"3-1-1-1-1-1"
843.25945584748808,29703,1566,2,"2"
855.90265942896758,29685,1584,1,"1"
856.41548340333486,29667,1602,1,"1"
861.75533688821088,29631,1638,2,"2"
883.56147839237281,29626,1643,1,"1"
884.49275756648888,29590,1679,2,"2"
886.83871747265596,29572,1697,1,"1"
893.4563720874072,29562,1707,1,"1"
899.56737001269778,29549,1720,1,"1"
910.75011427324455,29534,1735,3,"2-1"
910.99937124824044,29520,1749,2,"2"
914.14399558995683,29502,1767,1,"1"
941.38761216634612,29484,1785,1,"1"
943.41457007868632,29475,1794,1,"1"
945.49090558424086,29457,1812,1,"1"
955.41520798179681,29421,1848,2,"1-1"
972.11423120071117,29403,1866,1,"1"
983.98862009591005,29385,1884,1,"1"
985.81402221056373,29367,1902,1,"1"
992.58596381868449,29343,1926,2,"1-1"
998.47135016684786,29307,1962,2,"1-1"
999.60959315339289,29297,1972,1,"1"
1002.1348008099188,29261,2008,2,"2"
1002.3171806655208,29248,2021,1,"1"
1006.4838035228124,29212,2057,2,"1-1"
1009.5594695860509,29194,2075,1,"1"
1017.5938787057302,29158,2111,2,"1-1"
1018.9312468818075,29140,2129,1,"1"
1027.5235194593172,29122,2147,1,"1"
1028.2295600631635,29104,2165,1,"1"
1029.7038585934895,29086,2183,2,"2"
1037.8722437995393,29068,2201,1,"1"
1043.7879280416089,29058,2211,1,"1"
1046.8346455915184,29040,2229,1,"1"
1062.3840459382229,28973,2296,7,"5-1-1"
1063.4119253954445,28959,2310,1,"1"
1064.841544156264,28898,2371,5,"2-1-1-1"
1066.2837074669098,28880,2389,1,"1"
1078.5517827211588,28826,2443,3,"3"
1079.1430465109186,28812,2457,1,"1"
1102.1914513360198,28794,2475,1,"1"
1107.7125431948111,28758,2511,2,"1-1"
1111.8170944928315,28744,2525,1,"1"
1123.4407219458426,28726,2543,1,"1"
1123.8432674933886,28716,2553,1,"1"
1124.0561564996362,0,31269,1623,"1623"
----------------------------------------------2
0,31269,0,0,"0"
35.072186505125089,31251,18,1,"1"
89.879748455460231,31246,23,1,"1"
99.091234224099892,31245,24,1,"1"
117.9164931846459,31244,25,1,"1"
118.35897763253827,31243,26,1,"1"
129.92770023249068,31242,27,1,"1"
148.21471993295759,31241,28,1,"1"
150.21290432496855,31223,46,1,"1"
151.27639514741833,31221,48,2,"2"
158.08225997059142,31211,58,1,"1"
168.12463487072921,31193,76,1,"1"
168.81806028964749,31175,94,1,"1"
170.1631446241833,31174,95,1,"1"
183.23863101819447,31173,96,1,"1"
196.64828423573371,31160,109,1,"1"
213.98934753119661,31159,110,1,"1"
221.32962805441872,31154,115,1,"1"
226.45205094188313,31153,116,1,"1"
232.81501535314052,31135,134,1,"1"
234.29166137577758,31134,135,1,"1"
235.11085971422312,31133,136,1,"1"
245.34352706893256,31132,137,1,"1"
268.46376548126284,31114,155,1,"1"
275.51016496087368,31112,157,2,"2"
276.71323536448205,31110,159,2,"1-1"
282.00874965451328,31092,177,1,"1"
283.04495460712053,31074,195,1,"1"
287.37923220636981,31069,200,1,"1"
297.20212466449595,31066,203,3,"3"
299.12860282501555,31048,221,1,"1"
300.53529638069682,31045,224,3,"3"
309.1034057410821,31044,225,1,"1"
310.7881406974347,31026,243,1,"1"
324.95631458119487,31016,253,1,"1"
339.73683191963983,31015,254,1,"1"
351.97173724097576,31010,259,1,"1"
351.9902368607344,30992,277,1,"1"
359.46903717454143,30989,280,3,"1-1-1"
361.88754897052473,30971,298,1,"1"
365.10074394623177,30961,308,1,"1"
372.53697635459827,30943,326,1,"1"
373.26057783178965,30942,327,1,"1"
378.20318494192861,30924,345,1,"1"
382.82989871060067,30923,346,1,"1"
389.24113312396963,30905,364,1,"1"
400.17746573098106,30887,382,1,"1"
408.34950309949824,30882,387,1,"1"
426.2692232156532,30852,417,2,"2"
438.01885929452646,30834,435,1,"1"
458.79543126997487,30816,453,1,"1"
467.42972958729223,30798,471,1,"1"
473.38726488898243,30784,485,1,"1"
475.23339822047399,30766,503,1,"1"
529.17179078027903,30752,517,2,"1-1"
535.52371530378787,30734,535,1,"1"
562.7563933586855,30716,553,1,"1"
602.79864529160852,30698,571,1,"1"
612.40158363617081,30680,589,1,"1"
615.46228856975097,30644,625,2,"1-1"
630.65669944298929,30627,642,1,"1"
631.67032168432922,30609,660,1,"1"
636.92441973275322,30599,670,2,"2"
639.96321430136811,30581,688,1,"1"
645.25816053537631,30576,693,1,"1"
652.81061873251008,30450,819,7,"6-1"
654.8495897570391,30414,855,2,"2"
655.162826491396,30390,879,2,"1-1"
667.26008205050869,30372,897,1,"1"
668.06459945680785,30354,915,1,"1"
668.39747625054372,30336,933,1,"1"
673.62278931803883,30327,942,1,"1"
675.7971248055859,30309,960,1,"1"
700.61835273104134,30255,1014,3,"3"
706.56087823508472,30237,1032,1,"1"
708.11375614163876,30219,1050,1,"1"
719.41595239469655,30201,1068,1,"1"
743.80582690015501,30183,1086,1,"1"
746.84934716310136,30169,1100,1,"1"
747.24202053790373,30164,1105,1,"1"
757.37647869349314,30154,1115,2,"2"
758.35361462612605,30136,1133,1,"1"
759.11717006953893,30131,1138,1,"1"
797.53654426023274,30122,1147,1,"1"
803.56505329593551,30104,1165,1,"1"
804.5278578363484,30086,1183,1,"1"
806.45901196717728,30058,1211,2,"2"
818.52207815811107,30040,1229,1,"1"
830.0939317651339,30022,1247,1,"1"
841.89202018559411,30004,1265,1,"1"
842.97344163077344,29968,1301,2,"1-1"
853.04771522704164,29950,1319,1,"1"
856.60153676275161,29930,1339,2,"2"
862.23576284048727,29912,1357,1,"1"
868.85561236036347,29894,1375,1,"1"
872.22743926496651,29876,1393,1,"1"
873.92657557489849,29858,1411,1,"1"
874.11944567266175,29832,1437,2,"1-1"
878.58770797537068,29814,1455,1,"1"
879.29719348395065,29799,1470,3,"2-1"
881.34039136555475,29790,1479,1,"1"
883.48697239018907,29780,1489,1,"1"
885.45240466169867,29762,1507,1,"1"
896.25792484667954,29744,1525,1,"1"
901.67777138981137,29726,1543,1,"1"
910.35798725934558,29721,1548,1,"1"
911.72782685434834,29703,1566,1,"1"
913.18373578188186,29685,1584,1,"1"
922.38458806345034,29667,1602,1,"1"
923.3884634639777,29649,1620,1,"1"
929.5180712479405,29631,1638,1,"1"
931.12367643094296,29613,1656,1,"1"
933.66244096668663,29577,1692,2,"2"
971.98211108250337,29567,1702,1,"1"
981.8667898746412,29562,1707,1,"1"
982.06941661030385,29544,1725,1,"1"
986.11944983158264,29526,1743,1,"1"
994.32442519066512,29492,1777,3,"1-1-1"
1001.0457886455846,29474,1795,1,"1"
1005.6181999696714,29465,1804,1,"1"
1006.5987704758116,29449,1820,1,"1"
1006.745850716341,29444,1825,1,"1"
1008.4853196567047,29426,1843,1,"1"
1008.7336405622577,29408,1861,1,"1"
1018.0355041697785,29390,1879,1,"1"
1023.4624014975287,29372,1897,1,"1"
1024.7657239492912,29354,1915,1,"1"
1025.8280967962323,29296,1973,5,"3-2"
1032.6197956489727,29291,1978,1,"1"
1037.63173117575,29273,1996,1,"1"
1040.3265401569215,29255,2014,1,"1"
1047.7531091683463,29245,2024,1,"1"
1048.3058185901218,29137,2132,6,"6"
1052.5820852102997,29095,2174,3,"2-1"
1058.2811197192073,29076,2193,3,"2-1"
1061.8562791487284,29058,2211,1,"1"
1063.0268951368321,29040,2229,1,"1"
1064.1650179293886,28976,2293,4,"2-2"
1064.8550101234434,28958,2311,1,"1"
1071.9003829171477,28904,2365,3,"2-1"
1074.3191306790036,0,31269,1649,"1649"
----------------------------------------------3
0,31269,0,0,"0"
33.708065197124895,31268,1,1,"1"
38.891615555757667,31267,2,1,"1"
67.416663479393421,31266,3,1,"1"
76.13568679627808,31265,4,1,"1"
113.21414487522617,31264,5,1,"1"
130.53214724530412,31262,7,2,"2"
139.99919586916647,31261,8,1,"1"
149.89186198013294,31260,9,1,"1"
171.84372820965677,31259,10,1,"1"
215.90738878963856,31241,28,1,"1"
230.71680981915196,31239,30,2,"2"
232.22687677065269,31233,36,2,"1-1"
234.98623424784631,31215,54,1,"1"
240.62498676723004,31210,59,1,"1"
266.92604224331757,31204,65,2,"2"
272.28260189192002,31201,68,3,"1-1-1"
273.81202880280011,31200,69,1,"1"
290.32965222176415,31196,73,4,"3-1"
307.12702899047446,31195,74,1,"1"
324.33866175638093,31191,78,4,"3-1"
350.58616584176241,31190,79,1,"1"
353.52866094903158,31154,115,2,"2"
355.35257295458644,31136,133,1,"1"
365.34490110624097,31118,151,1,"1"
368.53776778036553,31117,152,1,"1"
376.16249152162288,31116,153,1,"1"
384.77341753718827,31115,154,1,"1"
392.40660919241594,31097,172,1,"1"
403.09567425234962,31080,189,1,"1"
440.55347103157328,31062,207,1,"1"
458.417765367833,31044,225,1,"1"
462.50762536292325,31039,230,1,"1"
465.25187070082677,31003,266,2,"2"
465.61596532859767,30998,271,1,"1"
481.32375869262626,30980,289,1,"1"
509.21826658958133,30962,307,1,"1"
511.1818577741152,30944,325,1,"1"
512.18064448132805,30930,339,1,"1"
526.35388102693355,30912,357,1,"1"
556.07530207065213,30894,375,1,"1"
558.89149466518245,30889,380,1,"1"
562.15512822870858,30858,411,3,"2-1"
564.36593572644199,30840,429,1,"1"
575.43787863850014,30822,447,1,"1"
601.13428449744822,30817,452,1,"1"
619.30380257163279,30807,462,1,"1"
626.92959422595754,30791,478,1,"1"
636.27073467425475,30773,496,1,"1"
642.08222207879021,30755,514,2,"2"
656.08061479413891,30737,532,1,"1"
663.24221697979317,30727,542,1,"1"
673.40213281259548,30691,578,2,"1-1"
690.16495561157819,30677,592,1,"1"
692.86985862933602,30667,602,1,"1"
693.36910661748959,30653,616,1,"1"
711.40397493612227,30640,629,1,"1"
712.23153646518438,30622,647,1,"1"
714.6868547631143,30604,665,1,"1"
720.10096003389629,30599,670,1,"1"
730.59098049091097,30594,675,1,"1"
733.33998439779896,30576,693,1,"1"
733.3520227768679,30562,707,1,"1"
741.36045659843251,30557,712,1,"1"
749.14656130034109,30545,724,1,"1"
752.98680089762945,30527,742,1,"1"
756.87607863939388,30513,756,2,"1-1"
763.44031158388191,30495,774,1,"1"
776.99655323324748,30477,792,1,"1"
780.86068791183334,30464,805,1,"1"
785.6868234892811,30410,859,3,"2-1"
787.33984539144853,30392,877,1,"1"
789.70045015800406,30374,895,1,"1"
790.8052939036138,30357,912,1,"1"
793.08183024129482,30321,948,2,"2"
802.76830929460891,30303,966,1,"1"
810.09879004602408,30285,984,1,"1"
827.08259120998059,30275,994,1,"1"
837.49947758076087,30257,1012,1,"1"
848.40415250158605,30239,1030,1,"1"
849.03471417455137,30221,1048,1,"1"
849.31822912408256,30203,1066,1,"1"
857.14596420754174,30167,1102,2,"2"
857.14962694903033,30149,1120,1,"1"
857.24649835634636,30126,1143,3,"1-1-1"
860.244292703317,30108,1161,1,"1"
860.99711559132174,30072,1197,2,"2"
870.30163191350266,30054,1215,1,"1"
878.22441571273566,30018,1251,2,"2"
886.9767847823822,30000,1269,1,"1"
900.29904722717185,29987,1282,1,"1"
904.80674878969205,29969,1300,1,"1"
910.83692660316228,29951,1318,1,"1"
918.38878804095646,29933,1336,1,"1"
922.97891558888898,29915,1354,1,"1"
935.22087759099475,29897,1372,1,"1"
936.71436689336258,29879,1390,1,"1"
947.00495257520902,29861,1408,1,"1"
958.40005613572407,29825,1444,2,"2"
966.1820218188285,29802,1467,3,"2-1"
966.86080996350734,29784,1485,1,"1"
969.95540769276045,29766,1503,1,"1"
974.33637129201952,29748,1521,1,"1"
982.07900092079615,29712,1557,2,"2"
982.81740320863662,29682,1587,6,"3-1-1-1"
983.82459824226555,29664,1605,1,"1"
987.6377736575181,29628,1641,2,"2"
992.51777296216324,29610,1659,1,"1"
998.83645266598614,29568,1701,4,"2-2"
999.75341057478454,29550,1719,1,"1"
1015.8075872909517,29532,1737,1,"1"
1024.98446875336,29514,1755,1,"1"
1025.7758518776677,29487,1782,3,"2-1"
1027.0222221036263,29408,1861,11,"3-2-2-2-1-1"
1037.3927159137054,29368,1901,4,"2-1-1"
1039.1582195302301,29354,1915,1,"1"
1042.504554718299,29345,1924,1,"1"
1045.5716973296944,29327,1942,1,"1"
1048.8021152598058,29314,1955,1,"1"
1061.1041993301874,29290,1979,2,"1-1"
1062.040463190214,29271,1998,3,"2-1"
1064.1679725665356,29205,2064,4,"3-1"
1064.4556918925668,29187,2082,2,"2"
1071.2455066602813,29133,2136,3,"3"
1072.3337207796676,29123,2146,1,"1"
1072.6798754052022,29105,2164,1,"1"
1078.4312772392186,29087,2182,1,"1"
1080.3457586082063,29069,2200,1,"1"
1083.1199825347387,29051,2218,1,"1"
1089.1758669708292,29033,2236,1,"1"
1090.3174710709557,29015,2254,1,"1"
1091.7141526618059,28997,2272,1,"1"
1100.0267714815643,28961,2308,2,"2"
1101.0723742124462,28943,2326,1,"1"
1103.6634161792447,28919,2350,2,"1-1"
1107.2028315029502,28901,2368,1,"1"
1115.6239624477093,28847,2422,3,"3"
1122.1624842829217,28793,2476,3,"3"
1125.4467208238614,28693,2576,8,"3-2-1-1-1"
1130.5630592368445,28675,2594,1,"1"
1143.0496891953717,28657,2612,1,"1"
1151.0648722083613,28621,2648,2,"1-1"
1157.0129669101134,28603,2666,1,"1"
1181.4641866409622,28567,2702,2,"2"
1183.0857298592266,28549,2720,1,"1"
1196.565190067535,28519,2750,3,"2-1"
1198.4074194559485,28501,2768,1,"1"
1200.0944059340227,28483,2786,1,"1"
1201.5368679552994,28429,2840,3,"3"
1206.211704858483,28387,2882,3,"2-1"
1214.7371901577942,28369,2900,1,"1"
1221.4056796455636,28347,2922,2,"2"
1221.505764559178,28239,3030,6,"3-2-1"
1222.805181595751,28221,3048,1,"1"
1226.3280844152503,0,31269,1595,"1595"
----------------------------------------------4
0,31269,0,0,"0"
27.291797038900828,31268,1,1,"1"
61.099198241823593,31258,11,1,"1"
70.088192795891487,31257,12,1,"1"
76.577933332182099,31256,13,1,"1"
102.4625676121731,31255,14,1,"1"
125.95579340248199,31254,15,1,"1"
138.97910112618808,31236,33,1,"1"
140.2107646923603,31235,34,1,"1"
145.36184268790944,31234,35,1,"1"
179.27809439964511,31233,36,1,"1"
182.536829941321,31219,50,1,"1"
182.98209931994654,31218,51,1,"1"
189.37028111563973,31200,69,1,"1"
190.08767212689929,31199,70,1,"1"
190.94827368989189,31198,71,1,"1"
194.57867441358604,31197,72,1,"1"
196.94986023043441,31196,73,1,"1"
208.01112875945233,31190,79,2,"2"
212.12779431396766,31189,80,1,"1"
217.31416860318217,31188,81,1,"1"
218.91005748846851,31186,83,2,"2"
244.43638385009575,31168,101,1,"1"
252.90604097681972,31167,102,1,"1"
256.90762525154162,31149,120,1,"1"
257.63433854403252,31136,133,1,"1"
266.65989966524319,31135,134,1,"1"
273.11506480880809,31134,135,1,"1"
276.03541188944354,31133,136,1,"1"
287.56295721554335,31126,143,3,"2-1"
301.93228228202713,31118,151,4,"2-2"
308.83332494492896,31100,169,1,"1"
321.77964434849798,31099,170,1,"1"
322.8851180589225,31081,188,1,"1"
324.49057881889161,31080,189,1,"1"
328.38113456723744,30972,297,6,"6"
357.46977186848687,30971,298,1,"1"
375.02159630591956,30962,307,1,"1"
378.75832166133893,30944,325,1,"1"
381.08871001701061,30926,343,1,"1"
386.96307280089633,30921,348,1,"1"
400.18373208149626,30903,366,1,"1"
405.90975119086011,30885,384,1,"1"
414.62183545477166,30867,402,1,"1"
417.85315605562181,30857,412,1,"1"
419.52312840859122,30852,417,1,"1"
442.8852757045276,30851,418,1,"1"
443.8033018897313,30837,432,1,"1"
449.60880955003972,30819,450,1,"1"
452.85293564188203,30814,455,1,"1"
467.6497584878357,30796,473,1,"1"
473.06429886857575,30791,478,1,"1"
487.37003332288822,30773,496,1,"1"
487.94183599389032,30755,514,1,"1"
491.32464941717996,30750,519,1,"1"
492.36642728104385,30732,537,1,"1"
493.97415633879183,30718,551,1,"1"
498.03193263453193,30682,587,2,"1-1"
499.21609558369045,30672,597,1,"1"
506.82752430685417,30636,633,2,"2"
510.85533795185302,30618,651,1,"1"
515.94093984439132,30605,664,1,"1"
522.36285401018051,30587,682,1,"1"
529.18808681865278,30582,687,1,"1"
542.31256604435941,30577,692,1,"1"
554.82392510971033,30560,709,1,"1"
560.90334080795901,30542,727,1,"1"
573.83529615032205,30524,745,1,"1"
580.64849801949583,30506,763,1,"1"
586.78149947781526,30488,781,1,"1"
623.94049179578258,30470,799,1,"1"
637.00207483310646,30460,809,1,"1"
640.85170792991323,30442,827,1,"1"
648.24610346439044,30424,845,1,"1"
651.72422252508568,30406,863,1,"1"
658.36788871322676,30388,881,1,"1"
665.28161639055656,30352,917,2,"2"
667.00699940927495,30334,935,1,"1"
675.92757621074315,30324,945,1,"1"
678.39443344448205,30288,981,2,"2"
680.48788061031291,30270,999,1,"1"
713.70573169449403,30252,1017,1,"1"
721.62390028279356,30234,1035,1,"1"
722.90933319002352,30224,1045,1,"1"
737.18181465875716,30206,1063,1,"1"
739.75879193280059,30188,1081,1,"1"
746.1740800225399,30170,1099,1,"1"
748.48159750447451,30116,1153,3,"2-1"
749.42465346827839,30107,1162,1,"1"
758.69970583780776,30102,1167,1,"1"
760.66143615640567,30084,1185,1,"1"
765.60335725681352,30066,1203,1,"1"
769.09238818156769,30048,1221,1,"1"
773.13383021024242,30012,1257,4,"3-1"
777.90473413786719,30007,1262,1,"1"
779.08648112875801,29997,1272,1,"1"
780.27806515126883,29981,1288,1,"1"
782.04622187384177,29963,1306,1,"1"
792.97088728375547,29949,1320,1,"1"
797.20854112545578,29939,1330,1,"1"
805.3324146998068,29903,1366,2,"2"
814.12643056421268,29867,1402,2,"2"
830.35965428042141,29849,1420,1,"1"
831.81798252803458,29825,1444,2,"1-1"
846.38147047615735,29789,1480,2,"1-1"
848.88535683368332,29748,1521,4,"1-1-1-1"
866.32197228192467,29739,1530,1,"1"
872.92848583394505,29721,1548,1,"1"
873.31034950638298,29703,1566,1,"1"
873.64302978708088,29595,1674,6,"2-2-1-1"
876.88963372673061,29559,1710,2,"2"
881.53314431222839,29523,1746,2,"1-1"
885.41447778382258,29513,1756,1,"1"
889.704654179155,29468,1801,4,"4"
896.72047237063805,29450,1819,1,"1"
904.90909250577783,29432,1837,1,"1"
905.00534054718742,29412,1857,4,"2-1-1"
907.04146308879001,29394,1875,1,"1"
914.59641759344458,29376,1893,1,"1"
923.19054455451976,29358,1911,1,"1"
931.35028194587392,29349,1920,1,"1"
937.25915359206283,29313,1956,2,"2"
939.53303248228849,29295,1974,1,"1"
966.38156284666422,29285,1984,1,"1"
977.05184205937735,29267,2002,2,"2"
977.36096906853834,29211,2058,8,"3-2-1-1-1"
992.23604032029982,29198,2071,1,"1"
995.97878677759809,29162,2107,2,"1-1"
1010.6890889598179,29126,2143,2,"2"
1016.402379714597,28964,2305,9,"5-2-1-1"
1022.361234958746,28940,2329,2,"1-1"
1025.0400665498912,28868,2401,4,"2-2"
1026.1520246915372,28859,2410,1,"1"
1026.6973938936123,28787,2482,4,"2-2"
1027.956032839078,28769,2500,1,"1"
1028.5493102767953,28693,2576,6,"3-2-1"
1039.4980560235065,28675,2594,1,"1"
1074.0051016958319,28662,2607,1,"1"
1080.5090358007114,28590,2679,4,"2-1-1"
1099.4633481973838,28577,2692,1,"1"
1099.9968357013327,28559,2710,1,"1"
1109.987222642698,28541,2728,1,"1"
1110.0624925834652,28523,2746,1,"1"
1145.7821758477055,28506,2763,1,"1"
1150.8666968506604,28488,2781,1,"1"
1154.362262479362,28416,2853,5,"3-2"
1158.9978259502161,28384,2885,4,"2-1-1"
1160.8427054675506,28168,3101,17,"2-2-2-2-2-1-1-1-1-1-1-1"
1162.1433273371679,28114,3155,3,"3"
1176.916239917372,28082,3187,2,"1-1"
1177.080985782367,28064,3205,1,"1"
1180.3017015348541,28046,3223,1,"1"
1180.4191148439863,28010,3259,3,"2-1"
1182.8630099205857,27992,3277,1,"1"
1183.5570340394627,27970,3299,2,"1-1"
1183.7276349660654,27844,3425,7,"3-2-1-1"
1187.3123083596579,0,31269,1574,"1574"
----------------------------------------------5
0,31269,0,0,"0"
109.67612040478633,31268,1,1,"1"
112.84523067012724,31267,2,1,"1"
116.73352655730625,31266,3,1,"1"
122.23047419667847,31265,4,1,"1"
134.44659921306061,31255,14,1,"1"
138.04658707103059,31254,15,1,"1"
143.26376946056806,31253,16,1,"1"
150.8079492371256,31235,34,1,"1"
153.39186631905312,31234,35,1,"1"
172.64157055719335,31216,53,1,"1"
185.61920853848667,31210,59,2,"2"
190.22770340054552,31209,60,1,"1"
191.33576942866321,31208,61,1,"1"
192.68126550979963,31190,79,1,"1"
198.89033958800763,31185,84,1,"1"
221.62183739851383,31184,85,1,"1"
232.99823495973976,31183,86,1,"1"
235.06096681670874,31165,104,1,"1"
243.91683329989712,31154,115,3,"1-1-1"
246.2344141283715,31152,117,2,"2"
247.14676289660287,31151,118,1,"1"
263.47268728234656,31150,119,1,"1"
265.40915168584513,31147,122,3,"3"
269.3012350933966,31146,123,1,"1"
275.94118974556977,31145,124,1,"1"
294.69757867603136,31135,134,1,"1"
303.42434929107748,31117,152,1,"1"
308.6592127357959,31110,159,7,"3-2-1-1"
323.24130404371044,31105,164,1,"1"
343.24871026834927,31087,182,1,"1"
363.53955395664741,31086,183,1,"1"
369.71399829003752,31085,184,1,"1"
387.22631599603932,31067,202,1,"1"
411.26553884845816,31049,220,1,"1"
422.91893498948002,31036,233,1,"1"
439.35712327621775,31018,251,1,"1"
444.39637066847115,31000,269,1,"1"
450.37956249392761,30982,287,1,"1"
467.20108192445463,30972,297,1,"1"
483.95699377449614,30955,314,1,"1"
490.4917915928105,30950,319,1,"1"
493.88692452574202,30945,324,1,"1"
495.32931382287319,30927,342,1,"1"
495.62667077877126,30917,352,1,"1"
528.20921682963274,30907,362,2,"2"
571.22586090835182,30889,380,1,"1"
610.56362687282206,30879,390,1,"1"
613.19095436251882,30870,399,1,"1"
617.40103138845348,30852,417,1,"1"
624.4788857860575,30843,426,1,"1"
626.53351499164717,30834,435,1,"1"
636.03929173685606,30816,453,1,"1"
658.7688501786314,30798,471,1,"1"
665.52218405559552,30780,489,1,"1"
678.82337054250377,30762,507,1,"1"
688.05945440769176,30744,525,1,"1"
689.27869974174894,30726,543,1,"1"
715.13697602374918,30721,548,1,"1"
727.10031692412156,30697,572,4,"2-1-1"
748.80412927967518,30687,582,2,"2"
754.13064707019282,30669,600,1,"1"
754.37227713501738,30659,610,1,"1"
781.48012120419241,30654,615,1,"1"
781.94850870874996,30645,624,1,"1"
787.21040517887707,30630,639,3,"3"
787.87075681002079,30612,657,1,"1"
789.73460198129146,30564,705,4,"2-2"
790.79827008120185,30550,719,1,"1"
797.17397993868792,30532,737,1,"1"
797.35103281495753,30514,755,1,"1"
814.01079686660876,30496,773,1,"1"
823.81205050439837,30478,791,1,"1"
828.73642280778051,30456,813,2,"1-1"
828.94624060708725,30442,827,1,"1"
833.68678396516452,30424,845,1,"1"
836.33009015950108,30388,881,2,"2"
841.77463718403931,30370,899,1,"1"
868.22361849127446,30264,1005,9,"6-1-1-1"
870.25059019769765,30246,1023,1,"1"
876.86565358441533,30218,1051,2,"2"
877.57570321616663,30128,1141,5,"5"
878.50900191252515,30110,1159,1,"1"
879.19778160786279,30092,1177,1,"1"
879.46734374118557,30074,1195,1,"1"
883.23634139026751,30061,1208,1,"1"
890.51587497586172,30051,1218,1,"1"
891.55514153388015,30007,1262,3,"2-1"
906.2905140668048,29971,1298,2,"2"
915.39556953395561,29958,1311,1,"1"
920.15940116149284,29948,1321,1,"1"
920.85894111930622,29930,1339,1,"1"
927.56781319155482,29911,1358,3,"3"
937.95452545389071,29893,1376,1,"1"
944.09013397245451,29875,1394,1,"1"
949.43876486536692,29857,1412,1,"1"
950.48455294582209,29847,1422,2,"1-1"
952.45706913227968,29817,1452,4,"2-1-1"
952.83367114217867,29804,1465,1,"1"
975.20941405860651,29768,1501,2,"2"
978.03151406343375,29732,1537,2,"1-1"
984.3094992370709,29678,1591,3,"2-1"
985.48725278442737,29660,1609,1,"1"
994.63172393614332,29642,1627,1,"1"
997.74681139052302,29624,1645,1,"1"
1006.8632631801005,29444,1825,14,"3-2-2-2-1-1-1-1-1"
1013.523358787233,29426,1843,1,"1"
1015.341171065965,29408,1861,1,"1"
1023.5875636041546,29398,1871,1,"1"
1024.1957412019449,29382,1887,1,"1"
1026.8963218817867,29364,1905,1,"1"
1027.4227255916844,29310,1959,3,"2-1"
1035.859209272498,29202,2067,6,"2-1-1-1-1"
1036.2597783104438,29180,2089,2,"2"
1037.9602069965458,29163,2106,1,"1"
1039.3090815040171,29153,2116,1,"1"
1049.2511086564484,29135,2134,1,"1"
1049.4951749257784,29117,2152,1,"1"
1058.2409856849692,29097,2172,2,"2"
1069.1766232731079,29079,2190,1,"1"
1073.7505313814656,29061,2208,1,"1"
1074.426727490978,29007,2262,3,"3"
1079.8636376040436,28989,2280,1,"1"
1087.4312817624907,28952,2317,5,"3-2"
1094.6973304152752,28880,2389,4,"3-1"
1096.5418170794246,28826,2443,3,"1-1-1"
1097.3694389133314,28251,3018,44,"15-7-7-4-4-3-1-1-1-1"
1097.6080745463541,28233,3036,1,"1"
1098.446557026223,28179,3090,3,"3"
1100.8430569493373,28161,3108,1,"1"
1101.4096434396192,28143,3126,1,"1"
1101.8485421212185,28125,3144,1,"1"
1114.8927184669517,28112,3157,1,"1"
1129.9660599066069,28094,3175,1,"1"
1155.7220715786286,28040,3229,3,"2-1"
1158.3408465594,28022,3247,1,"1"
1159.0971401542317,27584,3685,31,"10-5-4-4-2-2-1-1-1-1"
1160.5324576629855,27566,3703,1,"1"
1161.2599834881751,27548,3721,1,"1"
1173.5752145971774,27512,3757,2,"1-1"
1174.9989000578614,27476,3793,2,"2"
1177.7582214517927,27458,3811,1,"1"
1182.3256831667732,27440,3829,1,"1"
1182.656920482385,27422,3847,1,"1"
1186.3521682849739,0,31269,1534,"1534"
----------------------------------------------6
0,31269,0,0,"0"
34.481973993429783,31268,1,1,"1"
40.081644104707166,31267,2,1,"1"
64.969652658630409,31266,3,1,"1"
82.966377682013103,31265,4,1,"1"
107.49012670929858,31260,9,1,"1"
111.10749058458431,31242,27,1,"1"
113.14895111245379,31241,28,1,"1"
115.63937449797788,31240,29,1,"1"
126.27264780791235,31239,30,1,"1"
139.99000044880538,31238,31,1,"1"
142.35910560478797,31237,32,1,"1"
157.28299361256316,31219,50,1,"1"
162.08893301684901,31217,52,2,"2"
171.84699236419414,31199,70,1,"1"
174.97401739627995,31198,71,1,"1"
176.67073096094171,31197,72,1,"1"
184.74906864307735,31196,73,1,"1"
207.32796211178385,31195,74,1,"1"
211.029223917124,31177,92,1,"1"
211.1927993588059,31159,110,1,"1"
211.28147210048536,31156,113,3,"2-1"
211.99143742317827,31151,118,1,"1"
212.2671511306676,31150,119,1,"1"
215.64711053584787,31149,120,1,"1"
227.94860069780191,31131,138,1,"1"
240.14676714345708,31130,139,1,"1"
242.55195487823568,31129,140,1,"1"
256.81475561410315,31128,141,1,"1"
258.75327889924256,31127,142,1,"1"
263.82157340020871,31125,144,2,"2"
270.35047108069904,31109,160,1,"1"
271.80683508922323,31108,161,1,"1"
292.26537226712071,31090,179,1,"1"
338.3482394590622,31072,197,1,"1"
346.1709030364554,31071,198,1,"1"
380.1933033915526,31070,199,1,"1"
381.27054217581531,31069,200,1,"1"
388.24865330134969,31064,205,1,"1"
399.42347515439809,31049,220,3,"1-1-1"
408.64668935429899,31039,230,1,"1"
426.77425445945437,31021,248,1,"1"
429.73758419653103,31012,257,1,"1"
434.93253552129482,31007,262,1,"1"
437.21243601606318,30989,280,1,"1"
453.41612880016351,30979,290,1,"1"
494.2909327710932,30974,295,1,"1"
499.21753232570029,30956,313,1,"1"
527.60222847835701,30951,318,1,"1"
528.15228712115447,30942,327,1,"1"
533.2646149045338,30937,332,1,"1"
533.40163212534662,30919,350,1,"1"
537.32165714298685,30905,364,1,"1"
538.72894623511183,30900,369,1,"1"
539.82455977613483,30869,400,3,"2-1"
555.95170440792594,30851,418,1,"1"
569.45794704062246,30833,436,1,"1"
577.44895882962294,30823,446,1,"1"
577.78524271521451,30805,464,1,"1"
586.80938811730562,30787,482,1,"1"
604.67485974410215,30769,500,1,"1"
607.60682720429179,30751,518,1,"1"
613.07260461328951,30742,527,1,"1"
633.18452596358054,30706,563,2,"2"
641.32811536034933,30670,599,2,"2"
660.13045760897467,30652,617,1,"1"
674.11406813192673,30634,635,1,"1"
679.44737064443495,30616,653,1,"1"
679.89110805247844,30611,658,1,"1"
682.95878562185919,30593,676,1,"1"
688.24937173488252,30588,681,1,"1"
693.68228004493699,30566,703,2,"2"
693.70232023997119,30546,723,2,"2"
696.45380668369819,30528,741,1,"1"
698.44896970146806,30518,751,1,"1"
717.91710315519083,30500,769,1,"1"
719.86961060476813,30482,787,1,"1"
729.46139449704572,30464,805,1,"1"
734.80148280082153,30446,823,1,"1"
739.14553124636893,30428,841,1,"1"
742.11433136297649,30404,865,2,"2"
748.98159596567427,30376,893,2,"1-1"
752.97573208330164,30358,911,1,"1"
779.5192214198031,30338,931,2,"1-1"
782.86058790093716,30320,949,1,"1"
791.21810455648313,30302,967,1,"1"
792.87807626093377,30284,985,1,"1"
806.36495675570416,30158,1111,7,"6-1"
811.71672265986319,30140,1129,1,"1"
814.19570464800131,30122,1147,1,"1"
824.16553675831437,30117,1152,1,"1"
824.30539664061371,30081,1188,2,"2"
836.83732801842984,30058,1211,3,"2-1"
848.0881336323921,30040,1229,1,"1"
848.1765343714892,30022,1247,1,"1"
857.81066813829864,30004,1265,1,"1"
870.14709255050604,29995,1274,1,"1"
880.66848706972121,29977,1292,1,"1"
888.05280689432925,29941,1328,2,"1-1"
892.10702631623349,29923,1346,1,"1"
892.65576590032401,29909,1360,1,"1"
893.62670700853766,29891,1378,1,"1"
896.90187429533728,29882,1387,1,"1"
899.07955663853318,29864,1405,1,"1"
900.27731779632995,29854,1415,2,"1-1"
912.32514858848754,29836,1433,1,"1"
915.43269430030762,29818,1451,1,"1"
918.03860746849875,29800,1469,1,"1"
945.04562124229665,29728,1541,4,"2-1-1"
951.23799683055393,29692,1577,2,"2"
952.44744280134535,29687,1582,1,"1"
968.97012861330199,29669,1600,1,"1"
970.6267442224962,29651,1618,1,"1"
990.87826771033019,29581,1688,10,"2-2-2-2-1-1"
1001.9353953118373,29563,1706,1,"1"
1002.2018909373022,29545,1724,1,"1"
1004.7266147108023,29535,1734,2,"2"
1008.3648166386148,29517,1752,1,"1"
1010.3604991125064,29499,1770,1,"1"
1025.6507353303,29489,1780,1,"1"
1029.387532765852,29475,1794,1,"1"
1033.3825470277657,29470,1799,1,"1"
1040.4707795315089,29452,1817,1,"1"
1051.4816079309908,29398,1871,3,"3"
1056.1543769018172,29380,1889,1,"1"
1060.6461756391047,29309,1960,7,"2-2-2-1"
1070.4772981533749,29291,1978,1,"1"
1077.1659750904885,29249,2020,4,"3-1"
1083.2275026541909,29231,2038,1,"1"
1086.3278473452331,29218,2051,1,"1"
1093.8693845824416,29200,2069,1,"1"
1096.2037672421952,29108,2161,9,"2-2-2-1-1-1"
1097.2989052249134,29090,2179,1,"1"
1099.0600445020414,29054,2215,2,"1-1"
1125.0516968262339,29037,2232,1,"1"
1127.9269540149314,29019,2250,1,"1"
1129.2333764671469,28901,2368,9,"3-3-1-1-1"
1131.3211205082491,28865,2404,2,"2"
1133.3566756056114,28829,2440,2,"2"
1140.7316178301739,28811,2458,1,"1"
1140.7739197949488,28793,2476,1,"1"
1141.4654827249637,28775,2494,1,"1"
1143.1193606570296,28721,2548,3,"3"
1143.5890630454121,28703,2566,1,"1"
1149.1123270184048,28649,2620,3,"3"
1150.5462903767427,28631,2638,1,"1"
1160.7630249574188,28595,2674,2,"2"
1161.1117700439065,28577,2692,1,"1"
1167.8113787854736,28553,2716,2,"1-1"
1170.9508706681108,28535,2734,1,"1"
1172.1732342184282,28517,2752,1,"1"
1172.7705070840821,28471,2798,3,"2-1"
1176.5286522816118,28453,2816,1,"1"
1183.9378096270502,28403,2866,3,"3"
1193.0506802949392,28385,2884,1,"1"
1196.1422301086304,28288,2981,8,"3-2-2-1"
1196.665345865734,0,31269,1597,"1597"
----------------------------------------------7
0,31269,0,0,"0"
35.552707227461774,31268,1,1,"1"
43.489782673589438,31267,2,1,"1"
69.506655680818341,31266,3,1,"1"
115.28690397128403,31265,4,1,"1"
129.03463729195502,31247,22,1,"1"
142.22934727378666,31229,40,1,"1"
145.49452176319377,31227,42,2,"2"
165.60739460655529,31226,43,1,"1"
166.5149675104054,31225,44,1,"1"
169.71427658588701,31223,46,2,"2"
197.32092142802418,31205,64,1,"1"
201.91310654291789,31204,65,1,"1"
204.16951835118186,31203,66,1,"1"
226.91161353592003,31202,67,1,"1"
235.46447948367103,31201,68,1,"1"
252.25227022544559,31183,86,1,"1"
252.4916071548092,31182,87,1,"1"
258.69576727631426,31181,88,1,"1"
259.33234892321713,31176,93,5,"3-1-1"
267.89457543538913,31171,98,1,"1"
271.00924479304405,31170,99,1,"1"
280.42221869601576,31152,117,1,"1"
285.78570193706298,31134,135,1,"1"
287.70691096525434,31116,153,1,"1"
289.94831975315668,31114,155,2,"1-1"
292.59923897866116,31096,173,1,"1"
295.38084638593284,31087,182,1,"1"
304.1435766379949,31069,200,1,"1"
339.11970013501804,31068,201,1,"1"
344.03130323303719,31065,204,3,"3"
365.9498435233653,31047,222,1,"1"
377.63068003946609,31046,223,1,"1"
382.39843070526888,31010,259,2,"2"
394.14114934060876,30982,287,4,"2-1-1"
398.98567255305841,30964,305,1,"1"
408.16145316522449,30946,323,1,"1"
415.15319346641377,30945,324,1,"1"
424.83262015930785,30927,342,1,"1"
436.2108604837332,30909,360,1,"1"
450.40280920691157,30891,378,1,"1"
468.39396564960475,30873,396,1,"1"
471.61190423506696,30864,405,1,"1"
472.8599365611683,30846,423,1,"1"
478.1573623082773,30837,432,1,"1"
489.89065480029649,30819,450,1,"1"
492.61646080008359,30809,460,1,"1"
500.6625632731197,30791,478,1,"1"
518.93094551966749,30773,496,1,"1"
521.50543013749746,30763,506,1,"1"
525.60884542446138,30749,520,1,"1"
539.08730309444422,30734,535,3,"2-1"
552.97356745663296,30724,545,1,"1"
557.65247583777443,30719,550,1,"1"
590.45989097731012,30701,568,1,"1"
592.85036709020733,30683,586,1,"1"
602.38947774617623,30673,596,1,"1"
612.67019127574247,30655,614,1,"1"
622.41207526257278,30645,624,1,"1"
623.25116175880953,30627,642,1,"1"
653.45337132823124,30622,647,1,"1"
661.08381686504447,30612,657,1,"1"
675.50333343218608,30594,675,1,"1"
683.92676348791815,30589,680,1,"1"
686.61349198246864,30571,698,1,"1"
694.81236547424442,30553,716,1,"1"
696.03965873501613,30535,734,1,"1"
699.77088779291194,30517,752,1,"1"
707.46392394374402,30503,766,1,"1"
714.70560543401098,30454,815,5,"3-1-1"
724.88487886481175,30436,833,1,"1"
732.9066301493225,30418,851,1,"1"
745.68348334938332,30413,856,1,"1"
748.94839920842378,30395,874,1,"1"
751.60908833899157,30233,1036,9,"8-1"
772.49103715651336,30215,1054,1,"1"
785.5829796168357,30197,1072,1,"1"
788.4544387252771,30159,1110,3,"2-1"
789.88173606333419,30141,1128,1,"1"
814.22366174347394,30105,1164,2,"1-1"
814.58244854722864,30070,1199,7,"4-3"
826.90483170584901,30048,1221,2,"1-1"
855.89691308220631,30022,1247,2,"2"
858.22655837810055,29986,1283,2,"2"
859.65757741131222,29977,1292,1,"1"
864.63797623061976,29959,1310,1,"1"
866.86782430287178,29941,1328,2,"1-1"
871.60661562071539,29919,1350,2,"1-1"
886.55668023909652,29901,1368,1,"1"
889.41975591275104,29887,1382,2,"2"
892.71332444745974,29865,1404,2,"2"
893.57965922467793,29775,1494,5,"2-2-1"
904.73740389845022,29595,1674,10,"6-2-1-1"
905.43590334260705,29559,1710,2,"2"
913.40937723961599,29541,1728,1,"1"
913.69662665026203,29523,1746,1,"1"
916.394072834187,29505,1764,1,"1"
923.9774690128321,29433,1836,4,"1-1-1-1"
927.32999764927342,29387,1882,3,"3"
930.15575645268018,29369,1900,1,"1"
937.72796671702679,29351,1918,1,"1"
941.42935231286765,29346,1923,1,"1"
943.16100553945148,29336,1933,1,"1"
944.12448968089006,29192,2077,8,"5-2-1"
946.01289776194892,29183,2086,1,"1"
948.25488164870956,29173,2096,2,"1-1"
954.49717818573515,29155,2114,1,"1"
956.14015252022432,29137,2132,1,"1"
959.42432900660094,29119,2150,1,"1"
962.79011135114831,29101,2168,1,"1"
967.19041067246155,29083,2186,1,"1"
972.50693434701532,29065,2204,1,"1"
978.77982690956946,29029,2240,2,"2"
979.91385098429669,28985,2284,4,"2-1-1"
985.19289534859797,28967,2302,1,"1"
986.07333017575093,28949,2320,1,"1"
986.52369321672893,28931,2338,1,"1"
989.17457065101109,28913,2356,1,"1"
998.05535480162382,28895,2374,1,"1"
1003.236599562428,28877,2392,2,"1-1"
1005.8374490672315,28863,2406,2,"2"
1007.1023585792894,28829,2440,2,"1-1"
1009.7982147541811,28691,2578,11,"6-2-1-1-1"
1015.4908392953461,28673,2596,1,"1"
1020.9671543655835,28619,2650,3,"3"
1021.9083418267192,28601,2668,1,"1"
1025.1724138682998,28583,2686,1,"1"
1026.7847586605246,28548,2721,3,"1-1-1"
1035.9249642674963,28512,2757,2,"1-1"
1037.1322159648687,28494,2775,1,"1"
1041.4317356292856,28485,2784,1,"1"
1050.1615338046049,28471,2798,2,"1-1"
1052.1137715130703,28453,2816,1,"1"
1058.0059010828154,28435,2834,1,"1"
1071.6898936150301,28417,2852,1,"1"
1074.7004029106492,0,31269,1612,"1612"
----------------------------------------------8
0,31269,0,0,"0"
10.177980135240947,31264,5,1,"1"
17.770769937505726,31254,15,1,"1"
50.800704088388919,31253,16,1,"1"
57.505287036859841,31235,34,1,"1"
68.201853976590343,31234,35,1,"1"
86.40711384298443,31233,36,1,"1"
94.566685548025276,31232,37,1,"1"
94.828956967869956,31231,38,1,"1"
96.393686175238074,31230,39,1,"1"
106.36272769681325,31229,40,1,"1"
127.98161006089953,31228,41,1,"1"
151.00034871233029,31227,42,1,"1"
151.94053584734257,31226,43,1,"1"
166.21983745886925,31225,44,1,"1"
171.20736877172453,31224,45,1,"1"
176.01351236114417,31223,46,1,"1"
176.20641593348361,31205,64,1,"1"
205.03282201442559,31204,65,1,"1"
218.12811561267202,31203,66,1,"1"
222.13708399143309,31201,68,2,"2"
244.84382841052425,31200,69,1,"1"
252.37461811643519,31195,74,1,"1"
255.45420368258632,31194,75,1,"1"
257.18242008044984,31184,85,1,"1"
261.4026292353546,31166,103,1,"1"
261.63434015500991,31165,104,1,"1"
270.30172424660316,31147,122,1,"1"
272.58949035275526,31146,123,1,"1"
273.39865911773921,31128,141,1,"1"
274.72993665389646,31126,143,2,"1-1"
275.16550775884969,31115,154,3,"1-1-1"
290.20618412158854,31097,172,1,"1"
293.16063917634222,31096,173,1,"1"
320.43509662704332,31095,174,1,"1"
325.07501168330174,31077,192,1,"1"
325.93591207023593,31059,210,1,"1"
339.81387510096761,31057,212,2,"2"
345.49845067518299,31044,225,1,"1"
349.75822709018217,31043,226,1,"1"
352.520809431597,31025,244,1,"1"
358.20125207670389,31024,245,1,"1"
379.80069061971716,31006,263,1,"1"
401.37024973800868,30988,281,1,"1"
402.02007605378145,30974,295,1,"1"
402.60361786276172,30965,304,1,"1"
409.64629986421744,30960,309,1,"1"
415.23228072099312,30947,322,1,"1"
431.34175689664522,30942,327,1,"1"
431.8421234299077,30924,345,1,"1"
470.89140945348265,30906,363,1,"1"
471.33833171906986,30888,381,1,"1"
493.56743306740742,30883,386,1,"1"
528.71475730776376,30838,431,5,"3-1-1"
533.36488336419359,30820,449,1,"1"
533.41691581043972,30815,454,1,"1"
546.13699128717371,30797,472,1,"1"
548.95092032586217,30792,477,1,"1"
583.77050268567768,30787,482,1,"1"
586.80846355376536,30769,500,1,"1"
591.72670820677433,30742,527,3,"2-1"
591.82866416209515,30724,545,1,"1"
601.79591265987369,30714,555,2,"2"
603.93805602701673,30696,573,1,"1"
615.03082724762044,30678,591,2,"2"
626.90511733134929,30669,600,1,"1"
637.60510174204194,30651,618,1,"1"
648.93256864232853,30633,636,1,"1"
652.39891514980036,30615,654,1,"1"
655.86495540450574,30597,672,1,"1"
656.91307186898086,30579,690,1,"1"
682.0060003969196,30561,708,1,"1"
704.58592399630288,30543,726,1,"1"
712.78498428992305,30515,754,4,"2-2"
713.90427126494808,30497,772,1,"1"
719.30245082089937,30479,790,1,"1"
720.16601654608507,30461,808,1,"1"
721.40689249324885,30443,826,1,"1"
726.17092865785526,30430,839,1,"1"
730.26193614948454,30425,844,1,"1"
741.23950239293481,30407,862,1,"1"
742.81557943497785,30389,880,1,"1"
744.28453096210183,30371,898,1,"1"
744.67184409286961,30353,916,1,"1"
750.62642067852346,30335,934,1,"1"
751.4862742414042,30317,952,1,"1"
756.68559150310978,30307,962,2,"2"
756.98624791183329,30289,980,1,"1"
759.40783758502221,30253,1016,2,"2"
766.63098968775444,30235,1034,1,"1"
776.52715331228171,30189,1080,4,"1-1-1-1"
795.80093550694846,30163,1106,2,"2"
800.54687873945238,30145,1124,1,"1"
802.22067067587182,30127,1142,1,"1"
811.77372901689262,30109,1160,1,"1"
828.27597678128177,30096,1173,1,"1"
828.7780203554189,30078,1191,1,"1"
831.10938423767391,30060,1209,1,"1"
842.53409593483661,30042,1227,1,"1"
845.23482428201248,30024,1245,1,"1"
853.19319680205183,29970,1299,3,"3"
859.65223526261366,29952,1317,1,"1"
869.564669959193,29942,1327,1,"1"
872.09084499294659,29924,1345,1,"1"
887.91420541880393,29906,1363,1,"1"
892.89059160266265,29888,1381,1,"1"
895.13929827110439,29852,1417,2,"2"
904.57927666520152,29816,1453,2,"1-1"
909.09334928956605,29806,1463,1,"1"
920.14282313345109,29788,1481,1,"1"
922.91829420771035,29774,1495,2,"1-1"
925.22730359439663,29756,1513,1,"1"
948.09605376484876,29720,1549,2,"2"
954.73611135421515,29694,1575,2,"2"
959.83156764289515,29658,1611,2,"2"
961.1272973986529,29640,1629,1,"1"
965.48238228916421,29622,1647,1,"1"
965.67926744959379,29586,1683,4,"1-1-1-1"
973.11838457182125,29517,1752,9,"4-4-1"
979.6543660418414,29507,1762,1,"1"
981.32561757846167,29489,1780,1,"1"
988.40033463387977,29471,1798,1,"1"
989.60918739572799,29466,1803,1,"1"
1003.595919092195,29457,1812,1,"1"
1003.966894418567,29439,1830,1,"1"
1004.2399468437794,29403,1866,2,"2"
1014.1408858740579,29385,1884,1,"1"
1018.8519726815379,29341,1928,4,"3-1"
1021.9244452153714,29285,1984,4,"2-1-1"
1022.7403702132001,29267,2002,1,"1"
1046.739568043597,29257,2012,1,"1"
1048.2937084457824,29135,2134,12,"4-3-2-1-1-1"
1048.5381070648557,29125,2144,1,"1"
1059.4023370598441,29107,2162,1,"1"
1059.9312976412568,29089,2180,1,"1"
1062.5309365855232,28898,2371,14,"5-2-2-1-1-1-1-1"
1066.0331353060342,0,31269,1632,"1632"
----------------------------------------------9
0,31269,0,0,"0"
42.268357128280662,31268,1,1,"1"
76.349836267041269,31267,2,1,"1"
80.525577060787512,31266,3,1,"1"
90.89169828603336,31248,21,1,"1"
133.02785349145512,31247,22,1,"1"
135.612492702022,31244,25,3,"2-1"
142.09801318485162,31226,43,1,"1"
143.32874762656274,31208,61,1,"1"
159.08532285802062,31206,63,2,"2"
167.22630542625706,31201,68,1,"1"
174.15483947767089,31183,86,1,"1"
174.55804317858929,31181,88,2,"1-1"
174.88448504072414,31180,89,1,"1"
180.67133660537644,31178,91,2,"2"
186.04404342809067,31177,92,1,"1"
189.5121806978697,31176,93,1,"1"
196.81995234032794,31171,98,1,"1"
205.67495306860889,31169,100,2,"2"
212.39883685659592,31168,101,1,"1"
232.98143346729313,31166,103,2,"1-1"
240.78172124203041,31165,104,1,"1"
241.73879367966705,31164,105,1,"1"
259.70632020752618,31159,110,1,"1"
260.23424907601566,31157,112,2,"2"
265.35017031582083,31155,114,2,"2"
269.89680430369231,31154,115,1,"1"
308.89112508580894,31153,116,1,"1"
311.80491942287847,31135,134,1,"1"
330.03807987824848,31112,157,3,"3"
356.89726673061074,31094,175,1,"1"
360.05111319948509,31093,176,1,"1"
369.86334899769929,31069,200,2,"2"
373.1636160826182,31064,205,1,"1"
376.03759343140229,31046,223,1,"1"
404.04992920297911,31028,241,1,"1"
421.03775115725,31018,251,1,"1"
423.67189166690508,31017,252,1,"1"
427.04165047081443,30979,290,3,"2-1"
438.5393869929743,30961,308,1,"1"
442.54575817861331,30925,344,2,"2"
461.35751437347409,30910,359,3,"2-1"
463.04907155165864,30892,377,2,"2"
477.91063552912425,30876,393,1,"1"
510.44885884772509,30866,403,1,"1"
526.68829981766044,30848,421,1,"1"
541.65101333258565,30830,439,1,"1"
568.24770112387023,30820,449,1,"1"
569.57431631733857,30802,467,1,"1"
574.98099621219728,30784,485,1,"1"
592.36726757013741,30774,495,1,"1"
617.84048747459462,30765,504,1,"1"
623.63505530325165,30747,522,2,"1-1"
628.48832068114723,30693,576,3,"3"
633.7461062272929,30675,594,1,"1"
636.34569197006124,30657,612,1,"1"
640.95032068894989,30639,630,1,"1"
644.00603736777077,30621,648,1,"1"
650.65010087707628,30603,666,1,"1"
662.89211590988941,30585,684,1,"1"
666.37161182027023,30567,702,1,"1"
670.37193583372368,30549,720,1,"1"
700.84013050586475,30531,738,1,"1"
717.17478942899027,30513,756,1,"1"
727.54597586858461,30423,846,5,"3-2"
728.0260289060484,30413,856,1,"1"
736.75883715589407,30403,866,1,"1"
740.47479805927708,30385,884,1,"1"
743.95001381614077,30331,938,3,"3"
748.76037652822254,30309,960,2,"1-1"
772.18563040104709,30291,978,1,"1"
780.75984946576239,30255,1014,2,"1-1"
781.97788208145812,30237,1032,1,"1"
785.27284864042872,30223,1046,1,"1"
797.62277944882919,30205,1064,1,"1"
812.21196785244592,30187,1082,1,"1"
823.69235333753818,30169,1100,1,"1"
824.14582658587915,30151,1118,1,"1"
827.36989570825688,30105,1164,6,"2-1-1-1-1"
832.3841004362007,30059,1210,6,"2-2-1-1"
850.97028409530822,30008,1261,7,"5-1-1"
852.00370094329207,29990,1279,1,"1"
858.90146641257684,29972,1297,1,"1"
865.95401887165622,29940,1329,4,"2-1-1"
866.59716672300578,29922,1347,1,"1"
874.39084851657378,29904,1365,1,"1"
877.25571421489758,29886,1383,1,"1"
877.2922361550859,29868,1401,1,"1"
882.2187988799401,29854,1415,1,"1"
890.34140125004876,29836,1433,1,"1"
891.64682437188412,29812,1457,2,"2"
898.96171019379972,29794,1475,1,"1"
902.397708831768,29780,1489,2,"1-1"
905.81798449274959,29762,1507,1,"1"
906.05849843683825,29719,1550,3,"3"
914.94925355356395,29701,1568,1,"1"
919.88660542362015,29683,1586,1,"1"
921.57547449032859,29661,1608,2,"1-1"
922.9578121091705,29643,1626,1,"1"
926.01618387991061,29625,1644,1,"1"
933.61200808516935,29589,1680,2,"2"
934.50564213452435,29553,1716,2,"2"
935.25190851330183,29535,1734,1,"1"
937.54042608185705,29517,1752,1,"1"
945.27812278964711,29463,1806,3,"2-1"
961.66700059225627,29445,1824,1,"1"
962.36163135713241,29433,1836,1,"1"
964.71810489783979,29428,1841,1,"1"
979.85901865488586,29410,1859,1,"1"
985.49086456885004,29374,1895,2,"2"
1002.9136201947892,29356,1913,1,"1"
1004.0297144733645,29342,1927,1,"1"
1004.3803754703164,29219,2050,13,"4-4-1-1-1-1-1"
1008.723299689797,29201,2068,1,"1"
1008.7567889356027,29183,2086,1,"1"
1009.5147425482954,29165,2104,1,"1"
1020.5219495572834,29147,2122,1,"1"
1021.2748412787788,29129,2140,1,"1"
1025.4606884540497,29111,2158,1,"1"
1026.8292422895206,29093,2176,1,"1"
1027.2926981372061,29075,2194,1,"1"
1029.2353245894824,29057,2212,1,"1"
1031.9007407014053,29039,2230,1,"1"
1036.3559978962182,29003,2266,2,"2"
1036.7690387282901,28439,2830,37,"12-5-4-4-3-3-2-2-1-1"
1050.7234200698927,0,31269,1608,"1608"
