f,num_active_particles,num_deleted_particles,total_deleted_rods,avalanche_sizes
0,31507,0,0,"0"
45.426588340499507,31489,18,1,"1"
127.40246512095156,31488,19,1,"1"
175.65815833641341,31487,20,1,"1"
187.6566031605764,31475,32,1,"1"
192.14170060350682,31474,33,1,"1"
192.25176364188297,31471,36,1,"1"
196.31686132896399,31470,37,1,"1"
228.86432825418447,31469,38,1,"1"
247.51398860609595,31455,52,2,"2"
265.26849823974385,31437,70,1,"1"
265.38045832980458,31436,71,1,"1"
285.29100117206451,31418,89,1,"1"
292.31568759984748,31382,125,2,"1-1"
298.47739100349054,31381,126,1,"1"
309.13286724928525,31380,127,1,"1"
368.99018271238407,31362,145,1,"1"
382.1254891296316,31359,148,1,"1"
393.97636981859125,31358,149,1,"1"
413.28098104791854,31353,154,1,"1"
417.0258751187348,31350,157,1,"1"
439.54690647383467,31332,175,1,"1"
444.71592761763469,31314,193,1,"1"
473.29816635439829,31296,211,1,"1"
486.98167674996927,31278,229,1,"1"
492.0942616429117,31275,232,1,"1"
502.1772512010433,31257,250,1,"1"
516.5016348807435,31247,260,1,"1"
517.39583282021624,31229,278,1,"1"
566.20143809282524,31211,296,1,"1"
569.96958710777892,31193,314,1,"1"
578.18602828561916,31181,326,1,"1"
597.54096010886474,31163,344,1,"1"
606.48679884007265,31145,362,1,"1"
611.60359419260169,31133,374,1,"1"
620.23732185367794,31128,379,1,"1"
623.67988384011949,31077,430,7,"5-1-1"
640.29692036176129,31072,435,1,"1"
645.02853499436242,31054,453,1,"1"
646.5314087605002,31044,463,1,"1"
681.95013795543184,31026,481,1,"1"
684.29434140771502,31008,499,1,"1"
706.14082191235661,30990,517,1,"1"
721.13317501706126,30968,539,2,"1-1"
726.13603969458723,30945,562,5,"3-2"
740.56320441182902,30935,572,1,"1"
742.00046514823566,30928,579,1,"1"
745.99479303942928,30910,597,1,"1"
748.10373130037146,30874,633,2,"2"
752.90341348289041,30856,651,1,"1"
757.76320116088721,30838,669,1,"1"
759.95176638182988,30835,672,1,"1"
768.450814421063,30819,688,1,"1"
774.20993318339254,30807,700,1,"1"
777.49198999015277,30787,720,4,"2-2"
784.94377724467631,30781,726,2,"2"
788.2516607922862,30731,776,3,"1-1-1"
792.58480506825731,30695,812,2,"1-1"
794.09870092974154,30685,822,1,"1"
802.50719883102022,30667,840,1,"1"
806.49625000306696,30631,876,2,"2"
807.20690732633034,30613,894,1,"1"
813.72036903481421,30595,912,1,"1"
814.77514689494853,30577,930,1,"1"
816.65585426830853,30559,948,1,"1"
821.45887866305941,30552,955,1,"1"
829.38704060532905,30534,973,1,"1"
832.26791630245384,30516,991,1,"1"
842.57706031261773,30480,1027,2,"2"
846.40922699841519,30426,1081,3,"3"
863.63150478400712,30408,1099,1,"1"
878.17771564121188,30390,1117,1,"1"
891.61476638792362,30372,1135,1,"1"
892.33694095221165,30354,1153,1,"1"
895.3813503548372,30336,1171,1,"1"
907.92193712869675,30300,1207,2,"2"
909.53645409318381,30282,1225,1,"1"
917.31464328013874,30264,1243,1,"1"
920.19815072974973,30246,1261,1,"1"
932.33522806144026,30228,1279,1,"1"
935.03589140800227,30210,1297,1,"1"
941.61302051780694,30192,1315,1,"1"
949.08476476265901,30174,1333,1,"1"
950.6478598500488,30169,1338,1,"1"
953.57868264666718,30151,1356,1,"1"
968.7254171823414,30133,1374,1,"1"
976.06182557446061,30115,1392,1,"1"
976.31639399124231,30097,1410,1,"1"
978.82329207441387,30077,1430,4,"4"
983.28514150724175,30059,1448,1,"1"
988.79617571811696,30023,1484,2,"1-1"
994.5838800252036,30016,1491,1,"1"
1002.1718873257743,29998,1509,1,"1"
1006.231367138453,29980,1527,1,"1"
1015.8271968748903,29962,1545,1,"1"
1017.4274892888537,29944,1563,1,"1"
1030.4774708254301,29926,1581,1,"1"
1043.5154673876659,29860,1647,4,"2-2"
1044.9401915501035,29824,1683,2,"1-1"
1046.1108776673175,29752,1755,4,"2-1-1"
1047.5156923003437,29724,1783,3,"3"
1053.004275809702,29688,1819,2,"2"
1053.056710711805,29634,1873,3,"2-1"
1057.3334249585275,29561,1946,6,"2-1-1-1-1"
1059.169541202263,29525,1982,2,"1-1"
1061.5989979634821,29507,2000,1,"1"
1064.6783809607368,29489,2018,1,"1"
1067.783198410669,29471,2036,1,"1"
1075.6842441196166,29453,2054,1,"1"
1085.5374771376373,29446,2061,1,"1"
1091.8633518838631,29394,2113,4,"2-1-1"
1096.4779971828962,29358,2149,2,"2"
1096.8786029650757,29353,2154,1,"1"
1099.6605265410083,29335,2172,1,"1"
1101.0728915107138,29299,2208,2,"2"
1105.1783352302821,29281,2226,1,"1"
1105.6865601212412,29245,2262,2,"2"
1111.1547763066383,29227,2280,1,"1"
1114.934450927633,29209,2298,1,"1"
1128.2363006454591,29173,2334,2,"1-1"
1134.4497876896717,29157,2350,1,"1"
1134.5501457705743,29141,2366,2,"1-1"
1139.2408834873902,29037,2470,11,"4-3-1-1-1-1"
1139.5756633640192,28987,2520,4,"2-1-1"
1142.0183579981967,28915,2592,4,"2-1-1"
1143.3243834006814,28897,2610,1,"1"
1158.6643496128361,28881,2626,1,"1"
1167.6978591424968,28863,2644,1,"1"
1175.2718048133477,28744,2763,10,"3-2-2-1-1-1"
1175.8996677447722,28726,2781,1,"1"
1176.9618706007095,28717,2790,1,"1"
1178.9818276889719,28707,2800,1,"1"
1179.0028860741213,0,31507,1632,"1632"
----------------------------------------------1
0,31507,0,0,"0"
34.434236033883138,31504,3,1,"1"
39.262862746935056,31501,6,1,"1"
50.312196395000051,31500,7,1,"1"
74.891520804601655,31499,8,1,"1"
75.580037205529251,31481,26,1,"1"
86.539124150667902,31480,27,1,"1"
132.1199243265919,31479,28,1,"1"
132.44219300467972,31478,29,1,"1"
140.36210383403554,31460,47,1,"1"
171.93731753277538,31442,65,1,"1"
175.27406569731019,31424,83,1,"1"
192.40346433282991,31412,95,1,"1"
205.58509226731834,31396,111,1,"1"
211.21153427927959,31384,123,1,"1"
215.63604863499211,31366,141,1,"1"
249.48671384952985,31350,157,1,"1"
251.32492387204016,31348,159,2,"2"
256.99263807061601,31345,162,1,"1"
258.34753597399896,31327,180,1,"1"
273.79309796873144,31324,183,1,"1"
295.53546046712017,31323,184,1,"1"
307.21557318488823,31305,202,1,"1"
314.66788517229014,31287,220,1,"1"
325.64548513567212,31233,274,3,"3"
408.22067447059823,31215,292,1,"1"
412.15893259433977,31214,293,1,"1"
445.08835851756578,31196,311,1,"1"
459.23655225138333,31193,314,1,"1"
483.71001325779218,31175,332,1,"1"
493.27632136403548,31157,350,1,"1"
510.21421348105952,31139,368,1,"1"
510.84665103180629,31129,378,1,"1"
518.23833642854493,31126,381,1,"1"
519.52207909121637,31108,399,1,"1"
526.43094169853771,31090,417,1,"1"
529.63597502262826,31072,435,1,"1"
542.3253557768553,31054,453,1,"1"
551.60830974863893,31036,471,1,"1"
560.27096958992513,31018,489,1,"1"
563.24555297638165,31013,494,1,"1"
571.32653580989631,30995,512,1,"1"
574.26593906505889,30977,530,1,"1"
575.61418710483201,30972,535,1,"1"
590.25267329598432,30954,553,1,"1"
601.57860155360413,30936,571,1,"1"
619.60417313594803,30933,574,1,"1"
623.96141228236877,30927,580,2,"2"
625.65739632635336,30909,598,1,"1"
631.19234538848207,30891,616,1,"1"
632.39405059300259,30888,619,1,"1"
635.50035507899531,30870,637,1,"1"
636.38765014207934,30852,655,1,"1"
639.02218954192153,30834,673,1,"1"
639.34879263869175,30816,691,1,"1"
642.95389386171701,30806,701,1,"1"
645.60878891391837,30790,717,1,"1"
651.55013708844149,30754,753,2,"2"
672.72890535629642,30736,771,1,"1"
676.50199898984192,30731,776,1,"1"
677.84556794679065,30726,781,1,"1"
696.41846703058354,30721,786,1,"1"
698.84024607677816,30712,795,1,"1"
709.24085061560686,30701,806,1,"1"
715.40346018685204,30683,824,1,"1"
716.09148535028976,30673,834,1,"1"
727.91790474209779,30655,852,1,"1"
742.17140492664203,30652,855,1,"1"
750.77249977045528,30643,864,1,"1"
751.15371145932909,30615,892,2,"1-1"
768.50255888187883,30610,897,1,"1"
768.57685434331825,30574,933,2,"2"
793.98056564350486,30559,948,3,"3"
794.86882364982273,30541,966,1,"1"
796.4148883356454,30536,971,1,"1"
801.72648059279754,30518,989,1,"1"
811.79426839263783,30500,1007,1,"1"
815.0568536261917,30464,1043,2,"2"
825.25693951070969,30446,1061,1,"1"
826.96841887062999,30432,1075,2,"1-1"
827.91328722234005,30414,1093,1,"1"
830.51142274900417,30396,1111,1,"1"
835.6675394566962,30378,1129,1,"1"
842.61270353548377,30360,1147,1,"1"
848.78975361798973,30345,1162,1,"1"
853.70025863155422,30338,1169,1,"1"
856.05038933672085,30266,1241,4,"3-1"
856.86281349847297,30248,1259,1,"1"
870.39428117666989,30236,1271,2,"1-1"
886.40122509283515,30218,1289,1,"1"
888.25011620213718,30208,1299,1,"1"
896.32742562605836,30196,1311,1,"1"
903.71916559782881,30186,1321,1,"1"
907.41835436564008,30168,1339,1,"1"
924.38154010371238,30150,1357,1,"1"
924.89865204112414,30132,1375,1,"1"
928.32137425776875,30114,1393,1,"1"
934.71073536381232,30096,1411,2,"1-1"
947.34716908952078,30086,1421,1,"1"
953.42522175770421,30068,1439,1,"1"
961.11385213582162,30050,1457,1,"1"
963.22040151774968,30008,1499,6,"3-3"
966.25264102449648,29998,1509,1,"1"
966.56419725503781,29988,1519,1,"1"
967.43314862488023,29916,1591,4,"3-1"
967.88405518337049,29880,1627,2,"2"
982.71198720512643,29862,1645,1,"1"
983.79320907945635,29844,1663,1,"1"
998.85822261172814,29808,1699,2,"1-1"
1000.5732802787225,29798,1709,1,"1"
1001.0512477634724,29795,1712,1,"1"
1016.3530650744764,29777,1730,1,"1"
1021.9722954311308,29759,1748,1,"1"
1026.3607137040226,29723,1784,2,"1-1"
1027.2966445405418,29716,1791,1,"1"
1032.9012837448654,29680,1827,2,"2"
1039.2729412832048,29638,1869,4,"3-1"
1040.0974521396688,29620,1887,1,"1"
1041.3696141237915,29602,1905,1,"1"
1047.7744578724996,29584,1923,1,"1"
1049.1556044430934,29577,1930,1,"1"
1054.2970616681,29559,1948,1,"1"
1058.434563567349,29541,1966,1,"1"
1059.972125812599,29523,1984,1,"1"
1067.5597857768819,29514,1993,1,"1"
1070.1943095915124,29433,2074,7,"3-2-1-1"
1072.1275777710173,29415,2092,1,"1"
1079.2164024990636,29397,2110,1,"1"
1079.6557216718668,29379,2128,1,"1"
1082.4196101728649,29358,2149,3,"3"
1086.6786334017579,29346,2161,1,"1"
1102.9616443771181,29334,2173,1,"1"
1106.3866328140089,29316,2191,1,"1"
1114.3371467688635,29298,2209,1,"1"
1116.3260877759376,29280,2227,1,"1"
1118.9055730140046,29238,2269,4,"3-1"
1120.4810406206184,29229,2278,1,"1"
1122.270320657643,29211,2296,1,"1"
1124.9491322151255,29139,2368,4,"3-1"
1133.0101698653275,29121,2386,1,"1"
1158.8170800349724,29103,2404,1,"1"
1162.6286138717546,29085,2422,1,"1"
1162.7628762654144,29031,2476,3,"2-1"
1169.204683193484,29013,2494,1,"1"
1177.9694279009441,28995,2512,1,"1"
1179.4949880130559,28879,2628,12,"5-2-1-1-1-1-1"
1190.1824881116313,28870,2637,1,"1"
1196.8956653442744,28852,2655,1,"1"
1201.1713503022268,28835,2672,1,"1"
1203.5279877498126,28825,2682,1,"1"
1207.4245796163993,0,31507,1637,"1637"
----------------------------------------------2
0,31507,0,0,"0"
24.264836069719617,31504,3,1,"1"
37.794013253238766,31503,4,1,"1"
38.001549557659068,31485,22,1,"1"
108.90702352517533,31467,40,1,"1"
113.89239197467322,31466,41,1,"1"
125.75483390293073,31465,42,1,"1"
150.28044333717469,31453,54,1,"1"
172.48968257600959,31446,61,1,"1"
180.00343913283555,31435,72,1,"1"
194.59977954629247,31417,90,1,"1"
199.02018142237367,31416,91,1,"1"
213.56771937880436,31398,109,1,"1"
218.09234806559815,31397,110,1,"1"
240.2321099530713,31379,128,1,"1"
249.53389214422151,31377,130,2,"2"
253.03080780948443,31359,148,1,"1"
270.44607754790042,31349,158,1,"1"
279.55513106751732,31334,173,1,"1"
280.91508962466014,31316,191,1,"1"
284.59751818770519,31298,209,1,"1"
285.64819748297833,31280,227,1,"1"
290.7157953863437,31279,228,1,"1"
296.43563242005104,31276,231,1,"1"
302.54213317576,31272,235,2,"1-1"
313.37799027088931,31265,242,1,"1"
347.41304016595245,31247,260,1,"1"
371.76057492743155,31229,278,1,"1"
425.60018865054036,31221,286,2,"1-1"
437.10399764658251,31203,304,1,"1"
445.44412783714984,31200,307,1,"1"
456.69503266910976,31182,325,1,"1"
468.87505475215994,31168,339,1,"1"
494.96019659374065,31150,357,1,"1"
505.35532888052859,31140,367,1,"1"
526.42927779205411,31127,380,3,"3"
563.36384431861381,31109,398,1,"1"
564.37664149115278,31091,416,1,"1"
596.36423566977726,31073,434,1,"1"
602.48928082176246,31055,452,1,"1"
605.81868164478294,31037,470,1,"1"
610.96177378430821,31019,488,1,"1"
628.18971545964348,31014,493,1,"1"
636.86626402830507,30996,511,1,"1"
636.99650612080802,30984,523,1,"1"
641.05151515325986,30966,541,1,"1"
642.79973972747518,30948,559,1,"1"
646.01061786127582,30930,577,1,"1"
650.9923375150305,30912,595,1,"1"
657.91031082257405,30894,613,1,"1"
661.45483518872993,30876,631,1,"1"
665.59740602915019,30866,641,2,"1-1"
676.96019602598381,30848,659,1,"1"
687.14913439028248,30830,677,1,"1"
697.50877064728923,30820,687,2,"2"
718.89849466806504,30802,705,1,"1"
732.98064588058355,30784,723,2,"2"
737.20877348899955,30748,759,2,"2"
738.66028232377482,30730,777,1,"1"
763.22867350891477,30714,793,4,"3-1"
776.20240894767221,30696,811,1,"1"
779.34363664299997,30678,829,1,"1"
781.22711774708569,30660,847,1,"1"
789.20973781723683,30657,850,1,"1"
798.75459398139208,30621,886,2,"2"
809.09130712099125,30607,900,2,"2"
811.93205590948094,30589,918,1,"1"
812.06096718148751,30579,928,2,"1-1"
823.81224385604503,30561,946,1,"1"
827.83795433280477,30543,964,1,"1"
856.69744818491949,30525,982,1,"1"
858.2490753328749,30507,1000,1,"1"
858.80278184379131,30489,1018,1,"1"
860.29293319420037,30471,1036,1,"1"
865.83425646708713,30402,1105,10,"3-2-2-1-1-1"
868.46506425817427,30384,1123,1,"1"
869.92710631017974,30366,1141,1,"1"
874.05772725176291,30356,1151,1,"1"
877.4554890972646,30338,1169,1,"1"
888.67846101296504,30320,1187,1,"1"
893.32352451222368,30302,1205,1,"1"
895.72620711816649,30284,1223,1,"1"
896.59739610858583,30266,1241,1,"1"
906.05669188512684,30248,1259,1,"1"
909.68148464261765,30230,1277,1,"1"
917.7447681724874,30194,1313,2,"2"
921.97076969024545,30181,1326,1,"1"
922.6334943427288,30163,1344,1,"1"
941.38197802547973,30155,1352,2,"1-1"
943.26640845565157,30136,1371,3,"2-1"
947.55264716383294,30070,1437,5,"3-2"
948.37803540973118,30055,1452,1,"1"
956.6510057286622,30037,1470,1,"1"
957.15732432707966,30030,1477,1,"1"
957.39813064038731,30010,1497,2,"1-1"
957.97525511571223,29992,1515,1,"1"
959.41623106918291,29967,1540,2,"2"
966.28069633711038,29949,1558,1,"1"
966.58159082164843,29931,1576,1,"1"
969.66463232375975,29913,1594,1,"1"
977.83444217049987,29906,1601,1,"1"
980.98090876628498,29888,1619,1,"1"
984.44978500245247,29848,1659,3,"1-1-1"
985.03595733672955,29830,1677,1,"1"
992.0861643715541,29812,1695,1,"1"
993.62037334777585,29794,1713,1,"1"
1002.0937200215668,29740,1767,3,"3"
1008.4417048370379,29733,1774,1,"1"
1016.1627333908814,29715,1792,1,"1"
1021.1715187458935,29697,1810,1,"1"
1022.2256962526565,29679,1828,1,"1"
1028.4060948817382,29625,1882,3,"2-1"
1030.931778671564,29571,1936,3,"1-1-1"
1032.9990732844669,29561,1946,1,"1"
1033.8686090582974,29489,2018,4,"2-2"
1038.0480644038732,29477,2030,1,"1"
1040.1530360159429,29403,2104,5,"2-2-1"
1040.6061235134775,29367,2140,2,"2"
1046.6793613098546,29349,2158,1,"1"
1047.2650047586326,29313,2194,2,"2"
1061.63101383812,29299,2208,2,"2"
1066.0163516666087,29281,2226,1,"1"
1067.9699609563875,29263,2244,1,"1"
1074.5954973164557,29209,2298,3,"2-1"
1075.786934354742,29173,2334,2,"2"
1076.5114619476421,29166,2341,1,"1"
1079.6301433529447,29102,2405,5,"2-1-1-1"
1080.1276117244445,29088,2419,1,"1"
1080.9279292524222,29070,2437,1,"1"
1093.9953766246219,29052,2455,1,"1"
1098.7535772856033,29042,2465,1,"1"
1108.4155363179059,28988,2519,3,"2-1"
1116.5510290568968,28938,2569,3,"1-1-1"
1123.6752474122095,28920,2587,1,"1"
1131.6754031791763,28902,2605,1,"1"
1138.759606865787,28884,2623,1,"1"
1144.1061502268042,28866,2641,1,"1"
1148.0194295194297,28848,2659,1,"1"
1153.8317436249938,28830,2677,1,"1"
1154.486220031564,28808,2699,2,"1-1"
1159.0641634988904,28772,2735,2,"2"
1168.8598546803289,28756,2751,1,"1"
1171.1420686738454,28738,2769,1,"1"
1181.0018384336709,28720,2787,1,"1"
1193.7852779594739,28658,2849,5,"3-1-1"
1194.2409638300139,28622,2885,2,"1-1"
1194.5298583455726,28586,2921,2,"1-1"
1204.9471502239257,28568,2939,1,"1"
1204.9987067168342,28550,2957,1,"1"
1208.1261843938425,28478,3029,4,"2-2"
1218.9666348230292,28457,3050,3,"1-1-1"
1221.1187631950008,28235,3272,15,"3-2-2-2-2-1-1-1-1"
1221.3055167830209,28217,3290,1,"1"
1222.29891978572,28199,3308,1,"1"
1222.7602172240613,27826,3681,31,"7-6-5-3-3-2-1-1-1-1-1"
1231.1583118450874,27724,3783,7,"2-2-1-1-1"
1231.2879664250386,27706,3801,1,"1"
1232.0726719803056,0,31507,1562,"1562"
----------------------------------------------3
0,31507,0,0,"0"
84.458022078476091,31495,12,1,"1"
109.26083601523551,31494,13,1,"1"
110.87194159924577,31493,14,1,"1"
137.43768280899033,31481,26,1,"1"
208.41269560693706,31463,44,1,"1"
224.17983356843078,31460,47,1,"1"
227.53735205090913,31454,53,2,"2"
250.40915035383654,31453,54,1,"1"
254.88084571451978,31452,55,1,"1"
269.62872644822949,31450,57,2,"1-1"
279.03100840660284,31448,59,2,"1-1"
295.88645205577063,31430,77,1,"1"
299.2973332930041,31412,95,1,"1"
306.1610031342874,31380,127,2,"1-1"
306.16285953398329,31362,145,1,"1"
311.5151160363103,31359,148,1,"1"
336.8937814297114,31341,166,1,"1"
341.91733354934991,31323,184,1,"1"
373.04506686438117,31305,202,1,"1"
384.07377238438215,31287,220,1,"1"
385.1333122151114,31269,238,1,"1"
390.71279491676904,31251,256,1,"1"
418.47852254879581,31233,274,1,"1"
420.32757533682377,31230,277,1,"1"
434.93217969902997,31194,313,2,"2"
445.20762462231397,31176,331,1,"1"
455.16592938539355,31171,336,1,"1"
475.65036903418923,31166,341,1,"1"
480.08500894478311,31148,359,1,"1"
480.74471509890066,31130,377,1,"1"
487.47166917464619,31094,413,2,"2"
506.07346250492634,31079,428,1,"1"
514.93706379484411,31061,446,4,"2-1-1"
515.49914910745008,31056,451,1,"1"
517.11770941379484,31038,469,1,"1"
526.05665856138637,31020,487,1,"1"
529.46390795903835,31002,505,1,"1"
565.9641664948166,30984,523,1,"1"
580.0427194464371,30956,551,2,"2"
589.18117662540624,30938,569,1,"1"
622.03770445126952,30920,587,1,"1"
624.76038418752955,30917,590,1,"1"
638.17058435028457,30899,608,1,"1"
640.75438506214061,30881,626,1,"1"
661.71968830078049,30878,629,1,"1"
662.06392923964552,30860,647,1,"1"
667.74804333183772,30842,665,1,"1"
690.19986058874713,30824,683,1,"1"
692.71270188019548,30798,709,4,"2-1-1"
704.53462919200626,30788,719,1,"1"
709.84085034145232,30770,737,1,"1"
710.12839736238823,30752,755,1,"1"
713.57448873142584,30745,762,1,"1"
713.72377571223069,30727,780,1,"1"
758.47749855085374,30720,787,1,"1"
768.30149908389501,30717,790,1,"1"
772.2291839573154,30712,795,1,"1"
778.15184667949109,30694,813,1,"1"
786.66723649226174,30676,831,1,"1"
787.38158165744949,30658,849,1,"1"
790.56348958595447,30638,869,4,"4"
795.5889086091247,30620,887,1,"1"
800.46968571860998,30608,899,1,"1"
816.61201614496463,30590,917,1,"1"
838.55244969695877,30576,931,2,"2"
854.4954260246609,30536,971,3,"1-1-1"
872.0443887635447,30518,989,1,"1"
873.60252060375376,30508,999,1,"1"
881.65849349523819,30491,1016,3,"3"
884.64487175534123,30473,1034,1,"1"
886.2470415205031,30437,1070,2,"1-1"
900.03298887423193,30419,1088,1,"1"
906.16166144640306,30401,1106,1,"1"
907.33621366351554,30383,1124,2,"2"
913.51250171080767,30365,1142,1,"1"
922.12115505181055,30347,1160,1,"1"
931.56438721836287,30342,1165,1,"1"
933.2711385657708,30324,1183,1,"1"
937.0143526686029,30270,1237,3,"2-1"
940.34720565626492,30255,1252,3,"3"
952.74103637602298,30250,1257,1,"1"
955.49319440035015,30239,1268,1,"1"
955.78538919648872,30221,1286,1,"1"
964.48928726431484,30203,1304,1,"1"
970.10049750505243,30185,1322,1,"1"
980.96489400685482,30167,1340,1,"1"
984.13029644789276,30107,1400,10,"3-2-2-2-1"
989.70775216300945,30097,1410,1,"1"
990.10652155268474,30043,1464,3,"2-1"
990.5741397270084,30025,1482,1,"1"
993.22592799523375,30007,1500,1,"1"
1001.5133459174154,29989,1518,1,"1"
1003.4695013772581,29953,1554,2,"1-1"
1009.2877894724352,29782,1725,15,"6-4-3-2"
1031.1477903531727,29764,1743,1,"1"
1036.1115606326687,29713,1794,5,"2-1-1-1"
1036.2476928474239,29695,1812,1,"1"
1043.4661537554928,29659,1848,2,"1-1"
1049.6587895003677,29641,1866,1,"1"
1052.3765431628337,29605,1902,3,"1-1-1"
1066.2123198428433,29485,2022,10,"3-2-2-1-1-1"
1068.5251892565982,29473,2034,1,"1"
1070.8330662076276,29455,2052,1,"1"
1072.3832262226736,29401,2106,3,"2-1"
1073.4880409945072,29375,2132,2,"2"
1075.9803673950858,29357,2150,1,"1"
1097.8115140587322,29339,2168,1,"1"
1098.1671837189456,29321,2186,1,"1"
1098.3269625572036,29285,2222,2,"2"
1101.0578506422924,29267,2240,1,"1"
1102.2560857266683,29249,2258,1,"1"
1109.6510205146249,29242,2265,1,"1"
1116.6148171528343,29224,2283,1,"1"
1116.9691289261673,29213,2294,1,"1"
1119.5921160410935,29119,2388,7,"3-1-1-1-1"
1121.2648957288829,29109,2398,1,"1"
1127.6964163142518,28890,2617,20,"3-3-3-2-2-2-2-1-1-1"
1132.5868484330679,28872,2635,1,"1"
1144.8935356200413,28836,2671,2,"2"
1144.939797298591,28783,2724,4,"3-1"
1155.3538524896726,28765,2742,1,"1"
1165.3312561309194,28747,2760,1,"1"
1170.4357090434212,28711,2796,2,"2"
1174.2155790719955,0,31507,1618,"1618"
----------------------------------------------4
0,31507,0,0,"0"
41.757355462338282,31495,12,1,"1"
49.34001941310926,31492,15,1,"1"
145.14777665637936,31491,16,1,"1"
198.26577815866301,31473,34,1,"1"
216.86703191297192,31472,35,1,"1"
228.50647536971866,31471,36,1,"1"
232.08919082580462,31469,38,2,"2"
258.78545271505254,31468,39,1,"1"
263.34188156710763,31450,57,1,"1"
265.53203888555464,31433,74,1,"1"
271.10075867686328,31421,86,1,"1"
285.42322771724594,31420,87,1,"1"
286.20761887518182,31417,90,1,"1"
290.5605172122319,31414,93,1,"1"
292.71315578694526,31413,94,1,"1"
339.64149808337942,31395,112,1,"1"
351.11332013705362,31388,119,1,"1"
353.13319463961295,31370,137,1,"1"
406.83410217598282,31367,140,1,"1"
407.71347545147836,31349,158,1,"1"
408.12473647578912,31346,161,1,"1"
408.70101716163543,31339,168,1,"1"
449.90710958105097,31334,173,1,"1"
453.86898965273724,31316,191,1,"1"
456.93009687988467,31313,194,1,"1"
475.61496546167751,31312,195,1,"1"
479.20418451332523,31294,213,1,"1"
481.40864752174531,31276,231,1,"1"
488.95050921000751,31256,251,2,"1-1"
509.86591711288054,31246,261,1,"1"
515.26064215383849,31228,279,1,"1"
529.38418365832092,31212,295,1,"1"
533.27407392839996,31176,331,2,"2"
550.84662405889298,31158,349,1,"1"
556.04791056209206,31140,367,1,"1"
561.47786740583115,31133,374,1,"1"
564.52065527433149,31126,381,1,"1"
567.83014222955637,31108,399,1,"1"
570.33105430508658,31090,417,1,"1"
574.06669735264882,31072,435,1,"1"
574.2734035840358,31054,453,1,"1"
579.17093284179225,31036,471,1,"1"
587.74031708989355,31033,474,1,"1"
591.72945393937334,31015,492,1,"1"
592.13744557514156,31012,495,1,"1"
596.27319659724583,31002,505,1,"1"
611.22670081020931,30984,523,1,"1"
632.59812861778516,30966,541,1,"1"
634.72804693584396,30948,559,1,"1"
644.0698339743584,30930,577,1,"1"
656.02519441765162,30912,595,1,"1"
663.37436569416718,30909,598,1,"1"
666.69189259249492,30900,607,1,"1"
677.56726882731868,30882,625,1,"1"
690.06839244873936,30870,637,1,"1"
694.36923197702583,30852,655,1,"1"
697.5226265313039,30834,673,1,"1"
702.09636350440996,30817,690,1,"1"
704.69617974811217,30799,708,1,"1"
705.71279346519202,30781,726,1,"1"
718.77682115574692,30774,733,1,"1"
719.16708944427899,30762,745,1,"1"
741.28237757733802,30720,787,3,"3"
742.32553542294988,30700,807,2,"2"
743.17899832176363,30682,825,1,"1"
751.90096159316749,30664,843,1,"1"
752.56819114413793,30646,861,1,"1"
757.12752578917718,30628,879,1,"1"
761.13458534787151,30610,897,1,"1"
762.83719727173968,30592,915,1,"1"
763.95545948216943,30585,922,1,"1"
768.14954282130373,30531,976,3,"3"
779.26706282457712,30515,992,1,"1"
799.35091966894697,30510,997,1,"1"
799.93065779688004,30500,1007,2,"2"
802.89663222674972,30491,1016,3,"3"
803.87162130616446,30473,1034,1,"1"
812.15590055557266,30437,1070,2,"1-1"
816.06901375751249,30419,1088,1,"1"
819.22293299152818,30401,1106,1,"1"
820.80375114899414,30383,1124,1,"1"
821.46529239201323,30373,1134,1,"1"
822.71386416248947,30337,1170,2,"1-1"
830.30843685054651,30301,1206,2,"2"
831.03655406130724,30247,1260,3,"2-1"
837.65870791183056,30228,1279,3,"2-1"
848.79393478779389,30210,1297,1,"1"
849.29720589754822,30174,1333,2,"1-1"
868.22016512208995,30156,1351,1,"1"
868.43616630222607,30132,1375,2,"2"
879.48413063810472,30112,1395,4,"4"
882.69879595414864,30076,1431,2,"2"
888.1154736901359,30051,1456,3,"1-1-1"
898.95885506064053,30001,1506,5,"2-1-1-1"
903.80821012163267,29987,1520,2,"2"
911.6033943924283,29969,1538,1,"1"
914.04262978180873,29951,1556,1,"1"
918.76888228924088,29933,1574,1,"1"
922.0003679769469,29915,1592,1,"1"
927.84243339460909,29905,1602,2,"2"
930.21635881597831,29887,1620,1,"1"
934.10942535843355,29869,1638,1,"1"
934.70907040331372,29851,1656,1,"1"
945.97236133737158,29841,1666,1,"1"
951.10305781953014,29823,1684,1,"1"
952.38462774226809,29805,1702,1,"1"
953.76753615915868,29787,1720,1,"1"
967.72276949443187,29769,1738,1,"1"
969.93003711619372,29751,1756,1,"1"
977.11910018900096,29744,1763,1,"1"
977.4224661942593,29708,1799,2,"2"
979.05932482517312,29690,1817,1,"1"
987.50555325479024,29654,1853,2,"2"
993.06488074949561,29600,1907,3,"3"
1000.0480405036395,29582,1925,1,"1"
1009.1453284023911,29547,1960,5,"2-1-1-1"
1009.3618832384826,29529,1978,1,"1"
1009.5375505507088,29519,1988,1,"1"
1012.9679586250348,29505,2002,1,"1"
1018.3724600132372,29487,2020,1,"1"
1025.3825377837813,29469,2038,1,"1"
1027.165679566089,29379,2128,5,"2-2-1"
1035.9212194366019,29343,2164,2,"1-1"
1036.4375711333682,29333,2174,1,"1"
1047.3305289592572,29315,2192,1,"1"
1051.2502637981781,29297,2210,1,"1"
1051.9968216323214,29279,2228,1,"1"
1059.0102277793555,29261,2246,1,"1"
1060.5462904498936,29225,2282,2,"1-1"
1073.0485759343155,29165,2342,4,"2-1-1"
1073.1099174658373,29147,2360,1,"1"
1073.8443581690733,29111,2396,2,"2"
1074.2370192934143,29093,2414,1,"1"
1076.1317961472873,29075,2432,1,"1"
1076.4089009140203,28919,2588,11,"7-2-1-1"
1088.5935012166383,28901,2606,1,"1"
1090.4937646985295,28890,2617,1,"1"
1091.2018102575637,28876,2631,2,"1-1"
1092.9046737430763,28858,2649,1,"1"
1099.9319487309506,28768,2739,6,"3-1-1-1"
1100.5367548326785,28750,2757,1,"1"
1104.5498126860221,28732,2775,1,"1"
1109.4484955313326,28570,2937,10,"3-2-1-1-1-1-1"
1117.9982008597804,28560,2947,1,"1"
1132.5759329048744,28542,2965,1,"1"
1137.1200939002408,0,31507,1624,"1624"
----------------------------------------------5
0,31507,0,0,"0"
114.46080516656886,31506,1,1,"1"
119.78657070257783,31488,19,1,"1"
171.35846849287429,31487,20,1,"1"
190.48029328895086,31486,21,1,"1"
215.6315365505796,31468,39,1,"1"
244.05083845063558,31450,57,1,"1"
248.19467457547759,31432,75,1,"1"
248.78693201121109,31414,93,1,"1"
248.92538354507766,31402,105,1,"1"
262.8696773643868,31401,106,1,"1"
272.27483584717078,31400,107,1,"1"
275.87525328213235,31390,117,1,"1"
279.44916210709101,31389,118,1,"1"
282.17242674589994,31386,121,1,"1"
289.40765906276141,31384,123,2,"2"
292.31079490395484,31383,124,1,"1"
337.86997845975225,31365,142,1,"1"
339.75342029308155,31362,145,1,"1"
365.13544427895306,31352,155,1,"1"
405.74455366030736,31349,158,1,"1"
416.67005109185959,31331,176,1,"1"
416.71516035181082,31313,194,1,"1"
421.191943641573,31295,212,1,"1"
448.38638322440721,31285,222,1,"1"
463.86708491414089,31280,227,1,"1"
484.17946919638013,31262,245,1,"1"
530.67028379544308,31246,261,1,"1"
535.19824812625814,31241,266,1,"1"
550.90817046262907,31223,284,1,"1"
560.39446187921749,31205,302,1,"1"
563.05425516097921,31187,320,1,"1"
579.14563944940903,31169,338,1,"1"
582.79520206480277,31163,344,2,"2"
607.22014891575566,31145,362,1,"1"
607.96148390542294,31121,386,2,"1-1"
611.3882814435251,31109,398,1,"1"
620.58027796047543,31102,405,1,"1"
630.26774395238283,31084,423,1,"1"
634.73807921039179,31081,426,1,"1"
655.16198330214434,31071,436,1,"1"
665.64049636735433,31061,446,1,"1"
670.84883269334478,31043,464,1,"1"
684.17512748594913,31027,480,1,"1"
684.39438760146584,31009,498,1,"1"
687.41555065190994,30999,508,2,"2"
689.3478835502674,30981,526,1,"1"
696.37933584412144,30963,544,1,"1"
699.72546899186625,30950,557,1,"1"
714.87435774472101,30947,560,1,"1"
716.87829450544336,30929,578,1,"1"
735.21620220099373,30911,596,1,"1"
738.86977744323804,30893,614,1,"1"
748.44634839047319,30875,632,2,"2"
750.13775665925994,30857,650,1,"1"
752.04974039466538,30839,668,1,"1"
752.78602828080625,30836,671,1,"1"
754.46888002923538,30818,689,1,"1"
762.94990216164774,30808,699,2,"2"
764.1026844214,30801,706,1,"1"
776.16586892376006,30798,709,1,"1"
778.03330630568689,30780,727,1,"1"
788.34834785040141,30773,734,1,"1"
788.35492171167596,30755,752,1,"1"
792.70137577176286,30747,760,2,"1-1"
795.85391819573579,30742,765,1,"1"
796.71815049415136,30725,782,3,"2-1"
820.18151910760162,30713,794,2,"2"
827.02240400739061,30695,812,1,"1"
828.67562714707003,30677,830,1,"1"
829.84460058940749,30641,866,2,"2"
830.56961391660184,30623,884,1,"1"
831.00389506170279,30605,902,1,"1"
833.05562140633299,30569,938,2,"2"
836.13801393389872,30533,974,2,"2"
848.02944288268532,30515,992,1,"1"
862.74280232975991,30512,995,1,"1"
869.27141875430834,30494,1013,1,"1"
871.49969391995376,30476,1031,1,"1"
872.406937968433,30458,1049,1,"1"
877.02697049388007,30448,1059,1,"1"
879.2086935645508,30421,1086,5,"3-1-1"
880.54666644716292,30403,1104,1,"1"
885.57610785656857,30385,1122,1,"1"
886.56357992777794,30382,1125,1,"1"
893.95515411170936,30364,1143,1,"1"
903.80237470370525,30346,1161,1,"1"
904.87674801639662,30310,1197,2,"2"
914.47151306399928,30292,1215,1,"1"
914.60634375669997,30274,1233,1,"1"
921.32632793185439,30267,1240,1,"1"
935.60139902143567,30245,1262,2,"1-1"
943.53284155527876,30195,1312,4,"4"
946.69466980542313,30177,1330,1,"1"
947.51142295085515,30159,1348,1,"1"
951.11139543484308,30141,1366,1,"1"
951.15811683554239,30123,1384,1,"1"
960.27838912235029,30110,1397,1,"1"
971.84294458767874,30092,1415,2,"1-1"
984.08068388341258,30080,1427,1,"1"
986.03284165249408,30062,1445,1,"1"
986.45935494393814,30044,1463,1,"1"
990.0797979841908,30026,1481,1,"1"
995.10181322880987,30008,1499,1,"1"
996.3548445950596,29990,1517,1,"1"
997.38892787848158,29972,1535,1,"1"
1002.5828017236606,29969,1538,1,"1"
1012.004669437457,29951,1556,1,"1"
1015.3122470147874,29933,1574,1,"1"
1030.0125155817741,29919,1588,2,"2"
1049.2668385400059,29908,1599,1,"1"
1049.7089577421498,29890,1617,1,"1"
1054.4529060034636,29722,1785,16,"4-2-1-1-1-1-1-1-1-1-1-1"
1060.8686215311138,29710,1797,1,"1"
1067.8760363976571,29692,1815,1,"1"
1068.9435656343815,29485,2022,19,"11-4-1-1-1-1"
1076.2288124223878,29427,2080,5,"2-2-1"
1081.3571469043343,29316,2191,10,"5-3-1-1"
1081.6791976403431,29298,2209,1,"1"
1089.79624579449,29280,2227,1,"1"
1101.6317777956829,29164,2343,10,"3-3-2-1-1"
1118.9858341645916,29146,2361,1,"1"
1121.5194353390891,29092,2415,3,"3"
1156.8433663802384,29074,2433,1,"1"
1158.5346164942,29056,2451,2,"1-1"
1158.6175756143396,29030,2477,2,"2"
1161.9549209800971,29012,2495,1,"1"
1170.8919164658564,28976,2531,2,"1-1"
1172.2536924683682,0,31507,1633,"1633"
----------------------------------------------6
0,31507,0,0,"0"
49.128099300592204,31506,1,1,"1"
73.948860982790819,31505,2,1,"1"
120.23348531198501,31493,14,1,"1"
122.41312196250109,31490,17,1,"1"
153.12852186573303,31489,18,1,"1"
153.96594704329041,31471,36,1,"1"
172.18371902433398,31460,47,1,"1"
212.73281580870866,31448,59,1,"1"
220.60348548449986,31447,60,1,"1"
221.96920867056591,31446,61,1,"1"
223.11925553672768,31428,79,1,"1"
225.49481217915252,31427,80,1,"1"
228.35680086889619,31420,87,1,"1"
238.0199736415357,31419,88,1,"1"
257.77547493722182,31401,106,1,"1"
264.15402366791051,31383,124,1,"1"
265.32550654012596,31382,125,1,"1"
285.69238469580318,31379,128,1,"1"
325.84677330981486,31376,131,1,"1"
334.70097583964747,31362,145,2,"1-1"
340.40610219405659,31344,163,1,"1"
425.97663179332625,31326,181,1,"1"
426.01842355969836,31312,195,1,"1"
438.20816730197987,31294,213,1,"1"
444.61859356577565,31291,216,1,"1"
459.37247818383059,31273,234,1,"1"
469.25470542468844,31264,243,1,"1"
481.13570045068434,31257,250,1,"1"
491.62250953372757,31239,268,1,"1"
507.3779233938817,31234,273,1,"1"
510.31789194734444,31216,291,1,"1"
529.36308948692943,31198,309,1,"1"
542.47612333597033,31180,327,1,"1"
542.91297077381444,31162,345,1,"1"
545.29209551927875,31144,363,1,"1"
551.15537953191233,31126,381,1,"1"
562.53785903979633,31108,399,1,"1"
570.42513201889835,31103,404,1,"1"
575.30852047984035,31067,440,2,"2"
578.29554767747572,31064,443,1,"1"
583.94723667461392,31058,449,2,"2"
599.64608227659937,31053,454,1,"1"
599.67372043076182,31035,472,1,"1"
601.92551785487819,30999,508,2,"2"
636.30493987293562,30981,526,1,"1"
655.18077818265635,30963,544,1,"1"
656.01682586778168,30955,552,2,"2"
670.07242673310407,30937,570,1,"1"
670.92166118244791,30919,588,1,"1"
676.48193266853286,30901,606,1,"1"
683.43442931957281,30883,624,1,"1"
701.63854955438421,30869,638,2,"1-1"
715.62420213723942,30851,656,1,"1"
719.60208412902955,30833,674,1,"1"
720.2763459974808,30830,677,1,"1"
720.81520581148334,30812,695,1,"1"
722.87355779411189,30796,711,1,"1"
731.06524053216458,30778,729,1,"1"
740.84822225895846,30759,748,3,"1-1-1"
743.8671265871302,30735,772,4,"2-1-1"
767.37552029986864,30717,790,1,"1"
767.89211984380927,30699,808,1,"1"
779.43043976214676,30663,844,2,"1-1"
780.33139601428229,30645,862,1,"1"
787.99308051071102,30627,880,1,"1"
793.51267492973307,30624,883,1,"1"
794.57922414872326,30606,901,1,"1"
826.09855914678622,30570,937,2,"2"
826.57129685266227,30534,973,2,"1-1"
829.8507488374072,30516,991,1,"1"
835.55956987767274,30506,1001,1,"1"
839.09027987209686,30488,1019,1,"1"
841.47307933898071,30470,1037,1,"1"
846.10524511157882,30452,1055,1,"1"
870.73920477339698,30434,1073,1,"1"
882.19441132956649,30416,1091,1,"1"
883.96432542120499,30380,1127,2,"2"
886.54768569881617,30362,1145,1,"1"
886.72098916976029,30338,1169,2,"2"
892.10948919199643,30328,1179,1,"1"
899.16582010809827,30316,1191,2,"1-1"
903.28285287386154,30287,1220,5,"4-1"
915.97195362448815,30269,1238,1,"1"
918.21694595519682,30198,1309,9,"3-2-1-1-1-1"
934.34222777806087,30180,1327,1,"1"
958.96379034704705,30148,1359,2,"2"
980.151553587531,30130,1377,1,"1"
984.4541789823154,30116,1391,2,"2"
993.31427191546197,30098,1409,1,"1"
993.35635609912083,30080,1427,1,"1"
994.6052555210772,30044,1463,2,"2"
995.08514067944577,30037,1470,1,"1"
997.61792463711106,29982,1525,4,"2-1-1"
1004.2184438218716,29957,1550,3,"2-1"
1006.1520893509247,29939,1568,1,"1"
1007.7327440467279,29921,1586,1,"1"
1011.1138480531578,29891,1616,3,"3"
1018.6086628080706,29873,1634,1,"1"
1023.8416063972701,29855,1652,1,"1"
1025.2614554445067,29837,1670,1,"1"
1038.7618933397493,29783,1724,3,"3"
1040.1678948492577,29776,1731,1,"1"
1046.9035208648822,29754,1753,2,"1-1"
1047.8818870002158,29736,1771,1,"1"
1049.4622598535314,29682,1825,3,"3"
1054.8537918324646,29628,1879,3,"2-1"
1061.1608787730456,29621,1886,1,"1"
1066.9384466817539,29614,1893,1,"1"
1072.264718420533,29596,1911,1,"1"
1079.4085632660067,29575,1932,3,"2-1"
1079.8838947950653,29557,1950,1,"1"
1085.7973046973721,29539,1968,1,"1"
1087.8060347764938,29521,1986,1,"1"
1101.4875486500255,29503,2004,1,"1"
1102.1972982768823,29487,2020,2,"2"
1102.9744976605355,29451,2056,2,"2"
1110.0620962193634,29433,2074,1,"1"
1114.6992063207274,29272,2235,15,"6-2-2-2-1-1-1"
1123.5214153241429,29254,2253,1,"1"
1132.612612548704,29236,2271,1,"1"
1134.9129963058667,29218,2289,1,"1"
1139.7212065945371,29200,2307,1,"1"
1140.921612399344,29171,2336,2,"1-1"
1142.0171391144934,29135,2372,2,"1-1"
1143.430355683503,29117,2390,1,"1"
1145.4640763120335,29099,2408,1,"1"
1148.7698610421701,29081,2426,1,"1"
1151.5888799728289,0,31507,1651,"1651"
----------------------------------------------7
0,31507,0,0,"0"
82.884045970242383,31506,1,1,"1"
121.88841755934304,31494,13,1,"1"
140.35809818162087,31491,16,1,"1"
141.63186726450297,31488,19,1,"1"
144.21085592400115,31470,37,1,"1"
161.80438384135721,31452,55,1,"1"
169.9646360117631,31451,56,1,"1"
202.71160139374814,31450,57,1,"1"
205.90857658017416,31445,62,1,"1"
210.07457979337352,31427,80,1,"1"
230.23925882654964,31426,81,1,"1"
238.43442687782829,31408,99,1,"1"
240.4555212418162,31390,117,1,"1"
251.23839571908508,31387,120,1,"1"
263.27426625186246,31369,138,1,"1"
272.75636111665602,31368,139,1,"1"
280.94041684834644,31367,140,1,"1"
285.12300446786088,31349,158,1,"1"
295.2909049418555,31331,176,1,"1"
297.70464117258609,31330,177,1,"1"
328.6126742992206,31312,195,1,"1"
348.41906940123459,31294,213,1,"1"
355.62066104947803,31276,231,1,"1"
370.55320670422338,31275,232,1,"1"
371.81219300467819,31257,250,1,"1"
375.48550882889515,31252,255,1,"1"
387.9635689557806,31242,265,2,"2"
388.36412464868727,31224,283,1,"1"
391.37122612579776,31214,293,1,"1"
395.37447931890705,31209,298,1,"1"
400.69400862959816,31191,316,1,"1"
427.0469602899027,31188,319,1,"1"
432.02798075896209,31170,337,1,"1"
432.43362298641301,31152,355,1,"1"
435.05584318386735,31149,358,1,"1"
449.87770704745896,31131,376,1,"1"
455.39682856754848,31121,386,2,"2"
457.44009929190298,31120,387,1,"1"
470.38796585916396,31108,399,2,"1-1"
492.61151411818651,31094,413,1,"1"
500.83763794106278,31084,423,1,"1"
502.66477660823409,31066,441,1,"1"
518.20542553439702,31048,459,1,"1"
521.65446279983519,31030,477,1,"1"
524.17297335340356,30994,513,2,"2"
549.36714306818101,30984,523,1,"1"
552.38678254919489,30966,541,1,"1"
563.38088649153406,30955,552,1,"1"
573.31723184283919,30937,570,1,"1"
582.35208434561252,30901,606,2,"2"
597.10789628735881,30898,609,1,"1"
637.12499505739368,30880,627,1,"1"
641.64471255126762,30868,639,1,"1"
641.88124372129403,30850,657,1,"1"
655.64945679367759,30832,675,1,"1"
655.80707559399923,30827,680,1,"1"
660.7680611952776,30804,703,2,"2"
675.82791128829365,30786,721,1,"1"
684.03831376932851,30768,739,1,"1"
685.27131081341031,30750,757,1,"1"
689.84551538303151,30747,760,1,"1"
713.41292165444975,30734,773,3,"3"
728.83431067140157,30721,786,1,"1"
742.87075348194332,30705,802,1,"1"
746.04759724686062,30687,820,1,"1"
756.77854152919144,30684,823,1,"1"
757.62573985027404,30666,841,1,"1"
765.94498699044948,30648,859,1,"1"
768.05877975431872,30630,877,1,"1"
777.69930885072688,30615,892,1,"1"
784.86000427184206,30597,910,1,"1"
786.74280144234137,30591,916,2,"2"
800.78204133216434,30573,934,1,"1"
816.73858768004209,30555,952,1,"1"
817.20965861878426,30529,978,2,"1-1"
819.07319247180817,30515,992,1,"1"
845.48561562642226,30505,1002,2,"1-1"
848.67376051418671,30487,1020,1,"1"
862.70747516614153,30459,1048,2,"2"
863.14067141475869,30441,1066,1,"1"
874.96112311977913,30431,1076,1,"1"
881.24884795267917,30413,1094,1,"1"
884.26251376661196,30395,1112,1,"1"
904.725699809243,30377,1130,1,"1"
911.87636647228112,30359,1148,1,"1"
915.97021545231996,30326,1181,5,"5"
919.49870557777786,30314,1193,2,"2"
923.89082071023438,30296,1211,1,"1"
932.60739950885829,30278,1229,1,"1"
938.38425133010469,30155,1352,7,"6-1"
941.60871148864203,30137,1370,1,"1"
942.18496880978671,30101,1406,2,"2"
944.89501617408621,30083,1424,1,"1"
950.3569031474641,30065,1442,1,"1"
951.02197504553783,30047,1460,1,"1"
956.49677665545255,30029,1478,1,"1"
962.76825534409113,30011,1496,1,"1"
967.54474569925696,29993,1514,1,"1"
970.51437257335658,29972,1535,3,"1-1-1"
983.58187443636086,29965,1542,1,"1"
985.08849109637788,29931,1576,3,"2-1"
989.69650006486563,29913,1594,1,"1"
991.85005642955127,29906,1601,1,"1"
997.00586169272674,29897,1610,1,"1"
999.68215879006789,29879,1628,1,"1"
1007.008846057877,29861,1646,1,"1"
1009.5999386084803,29854,1653,1,"1"
1009.8858035834535,29827,1680,3,"2-1"
1010.9869330555535,29809,1698,1,"1"
1020.0932235468484,29791,1716,1,"1"
1021.8253312188543,29773,1734,1,"1"
1032.044995665392,29755,1752,1,"1"
1034.980143061694,29737,1770,1,"1"
1037.7529922066992,29453,2054,27,"4-4-3-2-2-2-2-2-1-1-1-1-1-1"
1039.2138204549369,29435,2072,1,"1"
1039.3051234887171,29363,2144,4,"1-1-1-1"
1047.9530613844317,29345,2162,1,"1"
1057.2096749740756,29291,2216,3,"2-1"
1061.3490019217338,29273,2234,1,"1"
1061.4887103433834,29255,2252,1,"1"
1065.0446833170545,29229,2278,2,"1-1"
1066.6449829221172,29211,2296,1,"1"
1067.0571859984016,29175,2332,2,"2"
1067.6439884665549,29157,2350,1,"1"
1078.3369432367729,29144,2363,1,"1"
1079.2581059176198,29126,2381,1,"1"
1084.5691254710875,29108,2399,1,"1"
1091.2777917236297,29090,2417,1,"1"
1097.1198559717277,29072,2435,1,"1"
1104.9538826199862,29054,2453,1,"1"
1122.2298484197424,29036,2471,1,"1"
1126.4994458443723,29018,2489,1,"1"
1127.1856547476502,29000,2507,1,"1"
1131.312804673523,28964,2543,2,"1-1"
1139.3311431545701,28946,2561,1,"1"
1140.8475099989862,28928,2579,1,"1"
1154.2578428898582,28900,2607,2,"1-1"
1154.7699146955681,28828,2679,6,"2-2-1-1"
1161.1759344890497,28810,2697,1,"1"
1163.1302530142088,28792,2715,1,"1"
1167.2652559008634,28774,2733,1,"1"
1167.8922274459762,28738,2769,2,"2"
1168.1076026694438,28720,2787,1,"1"
1168.4419570539346,28684,2823,2,"1-1"
1172.5899445420978,28648,2859,2,"2"
1177.7421376880402,28594,2913,3,"2-1"
1182.1097113696469,28576,2931,1,"1"
1184.1024227744667,28558,2949,1,"1"
1186.9651949163103,28540,2967,1,"1"
1189.674104648549,28504,3003,2,"1-1"
1198.8436237100466,28495,3012,1,"1"
1205.5402958396892,28441,3066,3,"2-1"
1206.407573997963,28405,3102,2,"2"
1207.3391316099501,28395,3112,1,"1"
1209.5034473638582,28377,3130,1,"1"
1225.8138474301936,28363,3144,2,"2"
1228.1486444204468,28333,3174,2,"2"
1228.4500631280744,28321,3186,1,"1"
1240.5560515735008,28249,3258,4,"2-2"
1252.98371639533,28231,3276,1,"1"
1255.0139073340686,28195,3312,2,"2"
1262.8877002851514,28161,3346,3,"2-1"
1279.4435751573737,28125,3382,2,"2"
1302.0010587447314,28081,3426,4,"2-2"
1302.1412275945538,28063,3444,1,"1"
1307.2208069545245,28027,3480,2,"1-1"
1318.4881073060969,27995,3512,2,"2"
1339.2420928505546,27941,3566,3,"2-1"
1341.4343044115669,27923,3584,1,"1"
1345.7021927384055,27905,3602,1,"1"
1363.2277986709234,27887,3620,1,"1"
1365.2227976277386,27869,3638,1,"1"
1368.7319332272341,27851,3656,1,"1"
1376.5741493828373,27815,3692,2,"1-1"
1377.8479839849856,27797,3710,1,"1"
1381.8246224465768,0,31507,1573,"1573"
----------------------------------------------8
0,31507,0,0,"0"
31.586239978676808,31504,3,1,"1"
61.187976979962997,31503,4,1,"1"
64.560964080116364,31502,5,1,"1"
90.529555782142083,31484,23,1,"1"
111.61806671093241,31483,24,1,"1"
112.59737777650223,31465,42,1,"1"
150.61682042951981,31447,60,1,"1"
166.93169160617921,31432,75,1,"1"
184.4096010924886,31431,76,1,"1"
185.68628026981858,31419,88,1,"1"
188.48123553292339,31418,89,1,"1"
199.28230753314159,31415,92,1,"1"
216.64653625183425,31413,94,2,"2"
218.48230788745329,31406,101,1,"1"
235.69365534922429,31401,106,1,"1"
240.88955556151413,31383,124,1,"1"
285.03255205409903,31368,139,1,"1"
286.78553221442615,31344,163,2,"2"
300.20035050389072,31341,166,1,"1"
302.57703134162824,31338,169,1,"1"
307.98018436028821,31337,170,1,"1"
337.38785324126718,31323,184,1,"1"
348.01536574754374,31305,202,1,"1"
359.17644538964845,31304,203,1,"1"
359.25742831883417,31286,221,1,"1"
359.4588092732846,31250,257,2,"1-1"
390.22737047985203,31232,275,1,"1"
396.64897459840989,31227,280,1,"1"
441.68132011721815,31209,298,1,"1"
445.70785127572481,31206,301,1,"1"
446.36048890382989,31188,319,1,"1"
491.33475797265623,31170,337,1,"1"
494.79070707583134,31134,373,2,"2"
517.76725361227773,31116,391,1,"1"
533.77803032248255,31104,403,1,"1"
541.88120079436192,31086,421,1,"1"
546.98459280643408,31083,424,1,"1"
547.84790098470592,31065,442,1,"1"
550.99804404058682,31058,449,1,"1"
551.25716059042361,31048,459,1,"1"
552.60319099207027,31039,468,1,"1"
556.98650698652193,31031,476,2,"1-1"
558.92762862145435,31013,494,1,"1"
560.49162279954908,30995,512,1,"1"
568.42795097239105,30990,517,1,"1"
578.10837743826835,30982,525,2,"2"
606.63392805839953,30964,543,1,"1"
610.08964558495336,30946,561,1,"1"
611.56666955879734,30930,577,1,"1"
624.80832228105396,30894,613,2,"1-1"
626.21685833960942,30858,649,2,"2"
632.64154931002963,30853,654,1,"1"
638.50354054717911,30835,672,1,"1"
642.34595913476664,30817,690,1,"1"
648.55336559212833,30799,708,1,"1"
648.99538471615347,30796,711,1,"1"
649.93914026293203,30778,729,1,"1"
652.21942105164339,30773,734,1,"1"
655.19258496579153,30755,752,1,"1"
667.04872113636065,30714,793,5,"4-1"
672.40461260423342,30709,798,1,"1"
675.71847101269816,30706,801,1,"1"
684.77641163574935,30695,812,1,"1"
707.43180970966716,30677,830,1,"1"
709.4321325357281,30661,846,1,"1"
709.60151852831689,30644,863,3,"2-1"
712.899762037041,30626,881,1,"1"
717.33041640375052,30619,888,1,"1"
725.71256810488092,30601,906,1,"1"
735.27167691402656,30594,913,1,"1"
740.65870944187827,30584,923,1,"1"
750.59535502274275,30566,941,1,"1"
756.58684316512324,30530,977,3,"3"
759.20233048261468,30523,984,1,"1"
760.36534884558205,30505,1002,1,"1"
762.24924738682273,30487,1020,1,"1"
767.69358838564062,30469,1038,1,"1"
773.62881239454168,30451,1056,1,"1"
774.6453655290868,30433,1074,1,"1"
782.2185679506922,30415,1092,1,"1"
786.63558653437303,30405,1102,1,"1"
792.9194002140548,30395,1112,1,"1"
795.26083264539022,30380,1127,3,"1-1-1"
808.36440494922078,30366,1141,1,"1"
823.20434133804804,30330,1177,2,"2"
832.1092559593211,30323,1184,1,"1"
841.27028399811638,30305,1202,1,"1"
844.02581624822301,30287,1220,1,"1"
846.75646747568214,30247,1260,3,"3"
860.28223917145988,30237,1270,1,"1"
860.41771111375249,30216,1291,3,"1-1-1"
882.17237778231981,30198,1309,1,"1"
885.49575818377275,30180,1327,1,"1"
886.76723616841093,30177,1330,1,"1"
891.4042198902265,30159,1348,1,"1"
891.6118609579014,30051,1456,6,"4-1-1"
897.72455530033267,30035,1472,2,"1-1"
898.70571517747783,30017,1490,1,"1"
908.10040785227727,30007,1500,1,"1"
908.46353661697731,29971,1536,2,"1-1"
911.70893366677785,29953,1554,1,"1"
914.04533724488249,29935,1572,1,"1"
918.05156686539431,29928,1579,1,"1"
924.62075911651868,29908,1599,2,"1-1"
934.33162113024673,29890,1617,1,"1"
935.11117465765756,29880,1627,1,"1"
940.22243407080373,29870,1637,1,"1"
943.47141972710176,29861,1646,1,"1"
944.57688186568976,29843,1664,1,"1"
960.62468540890347,29767,1740,5,"2-2-1"
971.71007498489428,29749,1758,1,"1"
972.28367447373046,29711,1796,4,"2-1-1"
973.35233408577619,29704,1803,1,"1"
985.4716464190135,29686,1821,1,"1"
985.55222995445763,29668,1839,1,"1"
990.05757250916906,29632,1875,2,"2"
993.5508764205947,29614,1893,1,"1"
996.34595012330749,29596,1911,1,"1"
1001.8767086454629,29515,1992,8,"3-2-1-1-1"
1008.4953619262882,29497,2010,1,"1"
1012.3471299120389,29475,2032,2,"2"
1018.1101190808849,29437,2070,6,"4-2"
1020.6756026669279,29419,2088,1,"1"
1029.6443915531661,29401,2106,1,"1"
1030.3213973379652,29383,2124,1,"1"
1040.641678590622,29365,2142,1,"1"
1043.7688769272102,29354,2153,1,"1"
1048.4268639512989,29336,2171,1,"1"
1058.3749290143996,29236,2271,8,"4-2-1-1"
1063.0537415785573,29218,2289,1,"1"
1067.5651157591149,29200,2307,1,"1"
1072.8730440482937,29182,2325,1,"1"
1084.2631664821097,29132,2375,3,"2-1"
1091.0995893454653,29106,2401,2,"1-1"
1100.9055464912362,29088,2419,1,"1"
1101.8599228441722,29070,2437,2,"2"
1106.6733985353874,29052,2455,1,"1"
1113.0641663939957,29039,2468,1,"1"
1114.8085137988558,29021,2486,1,"1"
1119.899464776174,28799,2708,15,"6-4-2-2-1"
1136.4822647849148,28781,2726,1,"1"
1146.1134470661082,28745,2762,2,"2"
1152.6289245584417,28727,2780,1,"1"
1155.6091481355602,28709,2798,1,"1"
1160.0080380277723,28666,2841,4,"2-1-1"
1166.5333235506325,28648,2859,1,"1"
1176.2795486858554,28576,2931,4,"2-1-1"
1179.0783996415905,28558,2949,1,"1"
1183.1199458977937,28540,2967,1,"1"
1186.7047554156354,28523,2984,1,"1"
1193.5853645997611,28483,3024,4,"2-1-1"
1201.3096142532527,0,31507,1606,"1606"
----------------------------------------------9
0,31507,0,0,"0"
110.2998750809591,31506,1,1,"1"
112.61422868433939,31488,19,1,"1"
119.21611295533866,31487,20,1,"1"
122.76319039714973,31469,38,1,"1"
132.64211754294001,31468,39,1,"1"
144.39127676630099,31467,40,1,"1"
155.21000736032516,31455,52,1,"1"
170.31619248484591,31450,57,1,"1"
233.51182433583242,31432,75,1,"1"
247.69187104225284,31414,93,1,"1"
274.51242940884788,31413,94,1,"1"
281.06642467871234,31410,97,1,"1"
286.82085647853512,31409,98,1,"1"
294.71027170316279,31408,99,1,"1"
299.51741246570049,31390,117,1,"1"
313.27045014855025,31372,135,1,"1"
350.5031133595495,31362,145,1,"1"
362.8190850525931,31355,152,1,"1"
364.29295328853573,31345,162,1,"1"
365.89372131669893,31344,163,1,"1"
379.61791632518674,31341,166,1,"1"
381.18061614166214,31331,176,1,"1"
396.98293745100744,31330,177,1,"1"
401.35521578206215,31312,195,1,"1"
401.58799668805557,31309,198,1,"1"
402.56475300386165,31299,208,1,"1"
404.61827934896996,31281,226,1,"1"
422.8289760444984,31278,229,1,"1"
431.53274598594169,31260,247,1,"1"
434.85208450879077,31224,283,2,"2"
439.79463763669469,31221,286,1,"1"
440.47628914960927,31216,291,1,"1"
464.77263568567707,31202,305,2,"2"
469.84315001257221,31184,323,1,"1"
474.33161924421563,31166,341,1,"1"
475.39315318146464,31148,359,1,"1"
486.8044347344985,31140,367,2,"1-1"
490.44072236211861,31130,377,1,"1"
495.22232514425576,31094,413,2,"2"
501.91465419074837,31080,427,1,"1"
503.29272836962491,31075,432,1,"1"
523.40711948011426,31057,450,1,"1"
535.87982032783577,31043,464,2,"1-1"
556.43868565319508,31025,482,1,"1"
566.00077073414718,31022,485,1,"1"
566.99584946609718,30986,521,2,"2"
577.28568522762782,30975,532,1,"1"
586.40690505158932,30969,538,2,"2"
596.41147951854509,30959,548,2,"1-1"
598.72952937910713,30939,568,4,"3-1"
607.56161154351423,30934,573,1,"1"
626.9921459725,30916,591,1,"1"
631.04613605835368,30898,609,1,"1"
636.27864470507211,30885,622,1,"1"
640.0704009992005,30867,640,1,"1"
646.16104417072927,30855,652,1,"1"
675.79706747007663,30845,662,1,"1"
684.52782700575256,30827,680,1,"1"
684.57768117927469,30811,696,1,"1"
692.32891058721088,30793,714,1,"1"
705.63221167243239,30775,732,1,"1"
708.13783580458573,30761,746,1,"1"
714.14139030231502,30743,764,1,"1"
717.32302801193168,30733,774,1,"1"
733.16281353184422,30725,782,2,"1-1"
744.07060514713908,30720,787,1,"1"
747.08733481306433,30704,803,1,"1"
747.7927636874399,30690,817,2,"2"
748.5671208887278,30672,835,1,"1"
749.63796912332816,30636,871,2,"2"
752.56211313975825,30618,889,1,"1"
755.7771055143478,30600,907,1,"1"
756.1560126060989,30590,917,2,"2"
761.48613264422363,30572,935,1,"1"
763.18898579126426,30554,953,1,"1"
773.28609564758585,30524,983,2,"1-1"
778.54949816537783,30506,1001,1,"1"
781.69810591651583,30501,1006,1,"1"
781.94483900932312,30483,1024,1,"1"
791.72092998163066,30465,1042,1,"1"
797.36048941816875,30447,1060,1,"1"
813.59726209685653,30444,1063,1,"1"
816.19609987117394,30432,1075,1,"1"
816.96484517270994,30414,1093,1,"1"
829.1882707633074,30396,1111,1,"1"
829.85537735539333,30389,1118,1,"1"
834.21019079357325,30353,1154,2,"2"
857.6810484736385,30317,1190,2,"2"
859.5548360256937,30299,1208,1,"1"
863.302379936492,30287,1220,1,"1"
864.96395787628444,30269,1238,1,"1"
866.94963071349844,30252,1255,1,"1"
872.32965728793977,30216,1291,2,"2"
876.74516340607886,30198,1309,1,"1"
881.40107686324575,30172,1335,2,"2"
884.70798538169583,30136,1371,2,"1-1"
914.43152174976603,30118,1389,1,"1"
923.85122186289914,30109,1398,1,"1"
927.82591313992464,30055,1452,3,"2-1"
944.7737515408279,30041,1466,2,"1-1"
947.40762447811528,30025,1482,1,"1"
953.24944779170994,30000,1507,3,"2-1"
953.52861368414347,29986,1521,1,"1"
955.04622707314593,29973,1534,3,"3"
961.53544991475485,29937,1570,2,"2"
972.09577771533304,29901,1606,2,"2"
980.21486336130147,29892,1615,1,"1"
984.01194763659601,29820,1687,4,"2-1-1"
998.3829649668329,29784,1723,2,"2"
1000.9705399519972,29766,1741,1,"1"
1002.9658009112114,29752,1755,2,"2"
1004.9644413546737,29716,1791,4,"3-1"
1004.9873725192209,29698,1809,1,"1"
1005.1073559259828,29662,1845,2,"2"
1009.275731182759,29652,1855,1,"1"
1009.9890804442578,29634,1873,1,"1"
1019.3475566737851,29620,1887,2,"2"
1028.7536864989791,29605,1902,1,"1"
1032.243553494834,29587,1920,1,"1"
1033.3223501061127,29573,1934,1,"1"
1038.3479298609886,29555,1952,1,"1"
1038.8510143015083,29541,1966,1,"1"
1040.0879010185304,29523,1984,1,"1"
1047.8972415558669,29487,2020,2,"2"
1049.4125261985032,29469,2038,1,"1"
1052.5635603649043,29454,2053,1,"1"
1058.2215336537824,29436,2071,1,"1"
1060.0482820319069,29418,2089,1,"1"
1061.5884857807898,29400,2107,1,"1"
1062.2369706294789,29346,2161,3,"2-1"
1062.5629944561008,29328,2179,1,"1"
1066.5136670018912,29238,2269,5,"5"
1074.2697214076229,29195,2312,5,"2-1-1-1"
1074.8984186281407,29177,2330,1,"1"
1076.7545200117161,29159,2348,1,"1"
1085.1377848224508,29123,2384,2,"1-1"
1087.1154338782121,29105,2402,1,"1"
1095.883280382352,29015,2492,5,"2-2-1"
1101.3559185655604,28997,2510,1,"1"
1106.8816257652331,28987,2520,1,"1"
1109.1441797686662,28951,2556,2,"2"
1111.7103368057176,28933,2574,1,"1"
1123.3630292419821,28915,2592,1,"1"
1130.7412601480341,28902,2605,1,"1"
1136.8911782482269,28848,2659,4,"2-1-1"
1146.099454145932,28797,2710,5,"3-1-1"
1153.7044571179658,28779,2728,1,"1"
1156.0456904833734,28761,2746,1,"1"
1157.1150326361662,28743,2764,1,"1"
1161.0477545072295,28725,2782,1,"1"
1165.0238122156823,28708,2799,1,"1"
1167.8045726633218,28690,2817,1,"1"
1168.9836036716074,28634,2873,5,"3-1-1"
1171.588686549916,28616,2891,1,"1"
1172.1120067145439,28598,2909,1,"1"
1172.1449175386756,28580,2927,1,"1"
1176.9668224397572,28544,2963,2,"2"
1177.0052166376702,28527,2980,1,"1"
1179.6033349889917,28491,3016,2,"1-1"
1181.9006288490964,28431,3076,4,"4"
1186.0504361471194,28413,3094,1,"1"
1192.941466545527,28377,3130,2,"2"
1193.4646227353737,28341,3166,2,"2"
1196.9468773937967,28323,3184,1,"1"
1198.1839131917375,28305,3202,1,"1"
1203.8422334355248,28269,3238,2,"2"
1205.2136862378568,28233,3274,2,"1-1"
1219.2186824230032,28180,3327,5,"3-1-1"
1221.0319321196455,28144,3363,2,"2"
1222.6310006001736,28108,3399,2,"1-1"
1223.5337545252341,28098,3409,1,"1"
1226.8309461049828,28080,3427,1,"1"
1231.5199425540932,28062,3445,1,"1"
1232.7469712710063,28044,3463,1,"1"
1234.5406328750544,27990,3517,3,"2-1"
1240.2861879041279,27972,3535,1,"1"
1242.4730507477248,27954,3553,1,"1"
1244.6161122047033,27918,3589,2,"1-1"
1247.1299122539267,27900,3607,1,"1"
1248.0704473203953,27882,3625,1,"1"
1249.699042170816,27864,3643,1,"1"
1250.0413552302682,27828,3679,2,"2"
1252.1017093863297,0,31507,1575,"1575"
