f,num_active_particles,num_deleted_particles,total_deleted_rods,avalanche_sizes
0,31380,0,0,"0"
42.770680010419369,31362,18,1,"1"
45.131608668001931,31361,19,1,"1"
71.123679692284341,31360,20,1,"1"
74.874253913014556,31359,21,1,"1"
83.775992839898066,31358,22,1,"1"
102.66468864703349,31356,24,2,"1-1"
112.38796909787733,31355,25,1,"1"
125.98645890239098,31354,26,1,"1"
126.15288948601305,31336,44,1,"1"
139.6395009321439,31335,45,1,"1"
154.77997221020618,31333,47,2,"2"
160.81608766880655,31330,50,1,"1"
203.41049871575274,31327,53,1,"1"
215.4466009861745,31324,56,1,"1"
253.29529666373131,31319,61,1,"1"
285.57090635720624,31316,64,3,"3"
286.42580116323791,31311,69,1,"1"
293.66763159311159,31295,85,1,"1"
315.69580316071324,31292,88,3,"3"
332.35399247896936,31286,94,2,"2"
384.20092748801659,31285,95,1,"1"
391.99392128611078,31267,113,1,"1"
414.13381704060868,31249,131,1,"1"
418.88299465732575,31246,134,1,"1"
425.4384999336686,31243,137,1,"1"
435.14844557382975,31231,149,1,"1"
441.58073142841334,31215,165,1,"1"
444.77124336847038,31195,185,2,"2"
452.34547080130847,31183,197,4,"2-2"
485.14622697314059,31169,211,1,"1"
521.01544359401294,31159,221,1,"1"
526.31163015199138,31141,239,1,"1"
535.81152947454507,31123,257,1,"1"
539.43297346112831,31105,275,1,"1"
539.83125448979786,31087,293,1,"1"
542.57987500863612,31077,303,2,"1-1"
546.43289470050001,31072,308,1,"1"
552.14399460685331,31062,318,1,"1"
554.99211779695736,31000,380,5,"2-2-1"
563.97178461771352,30982,398,1,"1"
571.52069087270036,30972,408,1,"1"
577.07375512814951,30962,418,1,"1"
581.39908938234782,30944,436,1,"1"
594.37100725462903,30926,454,1,"1"
598.94872090648028,30908,472,1,"1"
618.18616761056978,30890,490,1,"1"
624.76957632561812,30872,508,1,"1"
636.06085417500753,30862,518,1,"1"
636.48283420003725,30844,536,1,"1"
640.56243497805792,30821,559,3,"2-1"
654.04171722745934,30804,576,3,"2-1"
671.82458099341682,30754,626,6,"2-2-1-1"
674.75044041534386,30743,637,1,"1"
676.43705073271803,30738,642,1,"1"
684.09434683631957,30732,648,2,"2"
691.759827814706,30714,666,1,"1"
697.57322334231696,30709,671,1,"1"
697.97709452198819,30691,689,1,"1"
698.12993843132426,30645,735,3,"3"
699.25029255286722,30627,753,1,"1"
701.38146460961275,30609,771,1,"1"
716.41821325717729,30561,819,4,"2-2"
723.32420837015036,30543,837,1,"1"
727.18106688153853,30503,877,3,"1-1-1"
733.39608451880156,30485,895,1,"1"
741.68138566336381,30467,913,1,"1"
748.03311348481463,30462,918,1,"1"
749.56869509991895,30444,936,1,"1"
784.4361773337522,30426,954,1,"1"
785.41342093773164,30398,982,2,"1-1"
791.40692423108169,30388,992,1,"1"
801.7515112567246,30370,1010,1,"1"
802.65672300651056,30352,1028,1,"1"
819.99242056615901,30320,1060,2,"1-1"
837.70016447419403,30288,1092,3,"3"
848.64590462233753,30271,1109,1,"1"
849.46920786864735,30256,1124,1,"1"
856.01570746507798,0,31380,1725,"1725"
----------------------------------------------1
0,31380,0,0,"0"
20.226694479000674,31376,4,2,"2"
60.000284801811866,31375,5,1,"1"
67.522601327104766,31357,23,1,"1"
116.9957809075303,31356,24,1,"1"
129.10455887914929,31351,29,1,"1"
134.66329727697044,31350,30,1,"1"
137.75817778357347,31349,31,1,"1"
151.11632654311995,31348,32,1,"1"
165.01613449520474,31346,34,2,"2"
179.16811209308528,31328,52,1,"1"
180.71526408826199,31323,57,1,"1"
192.65930855953317,31320,60,1,"1"
203.54823060810372,31303,77,1,"1"
210.0521714255573,31281,99,2,"2"
224.98662327213742,31279,101,2,"2"
241.5951064520236,31265,115,1,"1"
260.89679798626031,31247,133,1,"1"
279.21432725520475,31237,143,1,"1"
284.6258116296305,31229,151,4,"4"
289.00764176407785,31211,169,1,"1"
300.82059089061232,31202,178,1,"1"
302.54585580454784,31201,179,1,"1"
308.79110134507152,31183,197,1,"1"
316.68686347717556,31147,233,2,"2"
345.05564620648329,31129,251,1,"1"
349.17652746399796,31126,254,1,"1"
365.64296077726749,31121,259,1,"1"
367.10174274509723,31103,277,1,"1"
378.69243247799375,31100,280,3,"2-1"
402.11893881895998,31099,281,1,"1"
414.86058913473431,31081,299,1,"1"
418.70241289519481,31078,302,1,"1"
419.74302276214343,31047,333,2,"2"
422.86530710632229,31029,351,1,"1"
426.99129773661519,31023,357,2,"2"
450.69067517477686,31005,375,1,"1"
453.60435994708632,31000,380,1,"1"
457.08360133821628,30982,398,1,"1"
463.50112267146739,30946,434,2,"1-1"
464.84164707169924,30916,464,2,"1-1"
471.08134688034846,30898,482,1,"1"
471.86366919297859,30880,500,1,"1"
477.25147651237091,30862,518,1,"1"
514.16373093518166,30844,536,1,"1"
514.48627909239053,30826,554,1,"1"
518.51578215753466,30823,557,1,"1"
521.66269633597824,30801,579,2,"2"
523.38767340575123,30783,597,1,"1"
526.33910435840505,30763,617,2,"2"
532.97057868501156,30745,635,1,"1"
549.91969263761484,30739,641,2,"2"
568.0727637949476,30703,677,2,"2"
578.18983300239313,30692,688,1,"1"
584.57682752967582,30686,694,2,"2"
609.71605180075392,30668,712,1,"1"
614.11546773197563,30628,752,3,"1-1-1"
615.20386162520049,30610,770,1,"1"
616.12576995210031,30592,788,1,"1"
616.35430204736247,30582,798,1,"1"
623.43269683836263,30546,834,2,"1-1"
632.3570065941592,30528,852,1,"1"
633.73981836778682,30510,870,1,"1"
646.0180627267406,30492,888,1,"1"
651.76834058684312,30474,906,1,"1"
656.76380748868655,30471,909,1,"1"
658.91207720025898,30435,945,2,"1-1"
659.55822744814554,30417,963,1,"1"
679.04649209449667,30399,981,1,"1"
681.23683515241646,30381,999,1,"1"
688.88068207161541,30367,1013,1,"1"
700.22343738934717,30349,1031,1,"1"
702.37187156419202,30331,1049,1,"1"
719.78367112326475,30325,1055,2,"2"
720.28532671336666,30307,1073,1,"1"
727.72494190761552,30289,1091,1,"1"
730.893443013975,30279,1101,1,"1"
746.44448782542406,30272,1108,1,"1"
765.55227951099573,30265,1115,1,"1"
766.5748139566897,30215,1165,4,"1-1-1-1"
767.75605624469176,30137,1243,6,"3-1-1-1"
767.98549924284532,30119,1261,1,"1"
767.99311369226848,30037,1343,7,"2-2-1-1-1"
775.15692793234962,30030,1350,1,"1"
786.56829381293198,30012,1368,1,"1"
808.5914922354192,29994,1386,1,"1"
814.80524857636271,29985,1395,1,"1"
818.05065986962006,29970,1410,3,"2-1"
830.23434529701285,29952,1428,1,"1"
842.6053268996036,29934,1446,1,"1"
844.79064365701959,29898,1482,2,"2"
846.32765440671824,29880,1500,1,"1"
847.97666620315852,29826,1554,3,"2-1"
848.32547561256683,29808,1572,1,"1"
850.18851846148766,29772,1608,2,"2"
856.91913323783376,29765,1615,1,"1"
866.77769997386008,29747,1633,1,"1"
869.04210492705431,29729,1651,1,"1"
870.45923425320984,29711,1669,1,"1"
876.22464437096278,29693,1687,1,"1"
879.15344652072474,29679,1701,1,"1"
880.90710693195604,29665,1715,2,"2"
883.22199019854099,29605,1775,4,"2-2"
883.92437676993404,29587,1793,1,"1"
884.7534949738872,29569,1811,1,"1"
886.00297569412749,29469,1911,6,"4-2"
886.44477477339387,29433,1947,2,"1-1"
908.42062730978125,29415,1965,1,"1"
910.79085793820957,29405,1975,1,"1"
923.84376065201536,29400,1980,1,"1"
924.1310323664751,29382,1998,1,"1"
926.17963243141003,29364,2016,1,"1"
935.10787310553656,29308,2072,6,"6"
947.44942661217624,29303,2077,1,"1"
949.65155802024105,29285,2095,1,"1"
953.21648043585242,29267,2113,1,"1"
953.8600680372283,0,31380,1665,"1665"
----------------------------------------------2
0,31380,0,0,"0"
28.370001391818988,31362,18,1,"1"
70.703386864977716,31361,19,1,"1"
71.500446160393025,31360,20,1,"1"
76.149550086832065,31355,25,1,"1"
104.06478125932686,31349,31,2,"2"
111.60380953408358,31348,32,1,"1"
124.4246531606159,31347,33,1,"1"
134.43362696031062,31345,35,2,"2"
136.24476677042037,31343,37,2,"1-1"
160.40359188299087,31336,44,1,"1"
179.17218087234636,31318,62,1,"1"
185.27519617406062,31317,63,1,"1"
194.31043452431601,31314,66,1,"1"
213.4042402156461,31307,73,3,"3"
226.24573653458907,31297,83,1,"1"
226.70295429617431,31279,101,1,"1"
229.01685589362449,31277,103,2,"2"
245.14298925817653,31274,106,1,"1"
248.07212932348878,31271,109,1,"1"
257.43670081465342,31253,127,1,"1"
275.31883396225658,31235,145,1,"1"
294.53197734941079,31234,146,1,"1"
305.88083480982419,31198,182,2,"1-1"
314.65439101672519,31180,200,1,"1"
329.98170113405513,31179,201,1,"1"
333.56322619280991,31170,210,1,"1"
347.32837839242472,31152,228,1,"1"
348.98053377422912,31150,230,2,"2"
352.117423905024,31136,244,1,"1"
358.38516985352965,31118,262,1,"1"
366.74925145030301,31112,268,2,"2"
372.96318043937794,31096,284,4,"2-1-1"
388.81124537794875,31091,289,1,"1"
389.0474685497158,31055,325,2,"2"
445.38406364705276,31042,338,1,"1"
473.7791699383896,31039,341,1,"1"
475.02006778039521,31021,359,1,"1"
486.11511669142163,31005,375,1,"1"
488.639533623972,31002,378,1,"1"
490.36997700607611,30984,396,1,"1"
499.33390069261901,30956,424,2,"1-1"
521.47063394672102,30928,452,2,"1-1"
533.39688769215297,30910,470,1,"1"
555.78152718855881,30892,488,1,"1"
560.28665781147765,30850,530,3,"2-1"
573.90309032723155,30840,540,1,"1"
574.70442595425436,30822,558,1,"1"
575.03514206251009,30804,576,1,"1"
587.72492733127615,30786,594,1,"1"
588.79713257242997,30775,605,3,"2-1"
592.12431707785117,30757,623,1,"1"
592.70764886718746,30744,636,1,"1"
595.88087210237006,30727,653,1,"1"
602.24566095717637,30714,666,1,"1"
608.58807070899456,30711,669,1,"1"
616.96222359161527,30694,686,3,"1-1-1"
624.49973468265512,30685,695,1,"1"
631.68442139214244,30675,705,2,"2"
640.52763958818878,30666,714,1,"1"
684.76255159661821,30648,732,1,"1"
687.95127616031482,30630,750,1,"1"
696.17388710239186,30612,768,1,"1"
704.70313552838684,30599,781,1,"1"
709.41265687176792,30590,790,1,"1"
711.49569970884534,30572,808,1,"1"
714.60535258803452,30554,826,1,"1"
724.52949530612204,30544,836,1,"1"
731.1552018442469,30526,854,1,"1"
732.03962528095781,30490,890,2,"2"
737.3217672705938,30472,908,1,"1"
742.10320635138589,30454,926,1,"1"
744.07531770777257,30445,935,1,"1"
748.21760147351313,30409,971,2,"2"
749.24643099504044,30365,1015,3,"2-1"
755.00459576169715,30329,1051,2,"2"
755.01353703652478,30292,1088,4,"3-1"
770.02420397590129,30286,1094,2,"2"
770.6946397257168,30268,1112,1,"1"
783.93222516404637,30261,1119,1,"1"
796.580058821796,30243,1137,1,"1"
801.28113914785899,30234,1146,1,"1"
802.72634193013687,30216,1164,1,"1"
807.79256757111102,30198,1182,1,"1"
811.12040131969968,30188,1192,1,"1"
819.32674117315366,30185,1195,1,"1"
820.20460120302084,30167,1213,1,"1"
820.55535114364341,30154,1226,1,"1"
820.99718979000045,30145,1235,1,"1"
821.93889673514116,30129,1251,1,"1"
830.60237642815844,30117,1263,1,"1"
840.34601385967756,30063,1317,3,"2-1"
847.88690013296764,30045,1335,1,"1"
847.9777824383566,30027,1353,1,"1"
857.93711620713646,30009,1371,1,"1"
858.42515651479596,30004,1376,1,"1"
859.11845736667817,29986,1394,1,"1"
864.53214842936586,29914,1466,4,"4"
868.5654578847392,29868,1512,4,"2-1-1"
870.4901903903293,29797,1583,5,"4-1"
875.2288818281321,29786,1594,1,"1"
877.98319300929802,29750,1630,2,"1-1"
886.30222768599015,29745,1635,1,"1"
890.05886549368904,29734,1646,1,"1"
893.34178489797091,29716,1664,1,"1"
898.23830976170859,29698,1682,1,"1"
911.52349290683298,29680,1700,1,"1"
911.62454902499303,29614,1766,4,"2-1-1"
915.46104054561704,29596,1784,1,"1"
917.65978441393077,29539,1841,7,"4-1-1-1"
920.79020910907752,29521,1859,1,"1"
928.63004271359443,29516,1864,1,"1"
933.5374467614198,29505,1875,1,"1"
940.99715470061449,29487,1893,1,"1"
942.60033899986115,29387,1993,7,"2-2-1-1-1"
942.8537696705074,29377,2003,1,"1"
944.06397026976992,29359,2021,1,"1"
948.0153532968958,29346,2034,1,"1"
952.10202654594025,29110,2270,20,"2-2-2-2-2-2-1-1-1-1-1-1-1-1"
952.70326837348614,29099,2281,1,"1"
955.20798124054318,29081,2299,1,"1"
956.91107824449978,29063,2317,1,"1"
960.58860235068323,29033,2347,2,"2"
961.1108788942754,29015,2365,1,"1"
962.40127854461502,28965,2415,3,"1-1-1"
965.2865952974463,28751,2629,13,"10-2-1"
971.45498186446605,28733,2647,1,"1"
977.94962997544428,28481,2899,17,"3-3-3-2-2-1-1-1-1"
986.75778393885912,28463,2917,1,"1"
990.89578675245809,28445,2935,2,"1-1"
995.22605098351801,28391,2989,3,"2-1"
996.99813165391936,0,31380,1597,"1597"
----------------------------------------------3
0,31380,0,0,"0"
32.900804300323401,31379,1,1,"1"
69.799236039118341,31378,2,1,"1"
86.422523996545237,31375,5,1,"1"
99.469661618295561,31374,6,1,"1"
101.6506318588639,31373,7,1,"1"
109.09414537345334,31372,8,1,"1"
125.98653956842712,31371,9,1,"1"
128.55730104877344,31370,10,1,"1"
136.72287567317321,31369,11,1,"1"
154.15368922275837,31351,29,1,"1"
159.43201388702758,31346,34,1,"1"
187.07810953934771,31340,40,2,"2"
216.99704675785398,31339,41,1,"1"
220.42812071040723,31336,44,1,"1"
245.79600662167593,31326,54,2,"2"
253.54023858734217,31325,55,1,"1"
267.12830146365968,31315,65,1,"1"
273.12346075952854,31297,83,1,"1"
281.55685424591496,31290,90,1,"1"
288.83113277373263,31272,108,1,"1"
295.07087377815685,31270,110,2,"2"
308.19042315182435,31268,112,2,"2"
313.17309981635589,31265,115,1,"1"
338.39167419487427,31264,116,1,"1"
343.61993171787861,31254,126,1,"1"
347.34849619710337,31248,132,2,"2"
355.07405469333668,31230,150,1,"1"
369.28756014327962,31212,168,1,"1"
370.07886148025779,31202,178,1,"1"
375.06203598812937,31197,183,1,"1"
379.05540769842759,31179,201,1,"1"
384.45945661398815,31161,219,1,"1"
396.78501884634153,31143,237,1,"1"
412.8607838586118,31138,242,1,"1"
419.42504039104352,31117,263,5,"2-2-1"
421.8614143503695,31099,281,1,"1"
443.25007779451005,31098,282,1,"1"
467.41715907727138,31080,300,1,"1"
478.85568976858275,31026,354,3,"2-1"
484.17271540283241,31008,372,1,"1"
487.63332650194991,30990,390,1,"1"
490.43004452309128,30972,408,1,"1"
492.26434251383318,30954,426,1,"1"
508.02610117474489,30938,442,1,"1"
509.49333956525288,30920,460,1,"1"
510.42015264123154,30902,478,1,"1"
516.40897408854551,30884,496,1,"1"
531.97845788367101,30866,514,1,"1"
541.60104457347938,30844,536,2,"1-1"
544.64877483662895,30826,554,1,"1"
573.48431440076843,30808,572,1,"1"
573.91461357380092,30790,590,1,"1"
573.97644135342739,30754,626,2,"2"
576.9371683608349,30751,629,1,"1"
578.05255759547333,30748,632,1,"1"
579.75706353154419,30730,650,1,"1"
595.05280271060883,30712,668,1,"1"
596.18361102422932,30670,710,3,"2-1"
596.75287032642234,30664,716,2,"2"
596.81327282309053,30655,725,1,"1"
615.66079838848555,30635,745,2,"1-1"
620.93166418068449,30571,809,4,"2-1-1"
623.37928170958958,30461,919,8,"2-1-1-1-1-1-1"
626.08210558694691,30409,971,4,"4"
628.0759905740822,30391,989,1,"1"
639.5698827795004,30386,994,1,"1"
650.22590101135199,30350,1030,2,"2"
653.87765487487536,30314,1066,2,"2"
665.30697579633568,30296,1084,1,"1"
669.51604823050252,30286,1094,1,"1"
678.92157281113123,30268,1112,1,"1"
681.82662729478284,30255,1125,3,"2-1"
683.76676318474676,30237,1143,1,"1"
686.47849180740479,30219,1161,1,"1"
692.72045600348042,30193,1187,2,"2"
693.33839035687208,30075,1305,9,"3-3-1-1-1"
694.61191136830394,30057,1323,1,"1"
698.78830887204981,30039,1341,1,"1"
748.02082167607989,30011,1369,2,"2"
757.15748364736703,29979,1401,2,"2"
760.41208453459762,29961,1419,1,"1"
774.15799278714587,29915,1465,3,"3"
775.64809254035879,29897,1483,1,"1"
789.51222100237226,29879,1501,1,"1"
791.3607117346553,29807,1573,4,"4"
798.81722737595862,29789,1591,1,"1"
806.22398105457705,29771,1609,1,"1"
819.56451776595918,29753,1627,1,"1"
825.75807820882676,29743,1637,2,"2"
829.30983939145324,29725,1655,1,"1"
833.30705663117794,29707,1673,1,"1"
841.99781108931973,0,31380,1697,"1697"
----------------------------------------------4
0,31380,0,0,"0"
16.909433008471318,31379,1,1,"1"
32.672780456329129,31378,2,1,"1"
73.138985412811607,31377,3,1,"1"
78.013389529615495,31376,4,1,"1"
82.502034453631936,31366,14,1,"1"
98.971846587531019,31365,15,1,"1"
116.35257197386485,31364,16,1,"1"
130.42957390622232,31363,17,1,"1"
146.44584631238763,31362,18,1,"1"
165.35789073383839,31344,36,1,"1"
169.65305140023855,31343,37,1,"1"
182.39745751082205,31335,45,2,"1-1"
206.96664196475754,31329,51,2,"2"
214.36739956343439,31328,52,1,"1"
233.40212485736234,31315,65,1,"1"
246.8474016239376,31297,83,1,"1"
256.26605668437475,31279,101,1,"1"
257.57236083989005,31278,102,1,"1"
279.33633770814379,31266,114,1,"1"
285.33578982738851,31264,116,2,"2"
326.57405964557694,31263,117,1,"1"
331.44504115571169,31239,141,2,"2"
341.8883913148847,31221,159,1,"1"
356.14392216582155,31219,161,2,"2"
372.23428187787459,31209,171,1,"1"
374.86006371441101,31202,178,1,"1"
380.19557753436754,31184,196,1,"1"
385.68526384731359,31166,214,1,"1"
391.93050844686383,31148,232,1,"1"
394.89140684737254,31142,238,2,"1-1"
413.94235739842901,31124,256,1,"1"
422.138902032077,31104,276,2,"1-1"
439.23283588249694,31086,294,1,"1"
441.88562213279999,31068,312,1,"1"
456.82449546903894,31050,330,1,"1"
458.98178482547172,31044,336,2,"2"
461.9430385305406,31043,337,1,"1"
469.8809526558511,31009,371,3,"1-1-1"
481.56065248155215,30991,389,1,"1"
484.39349607740081,30981,399,1,"1"
497.19420899455611,30976,404,1,"1"
512.22108830050445,30958,422,1,"1"
512.49500139032148,30940,440,1,"1"
519.37684476036986,30922,458,1,"1"
523.37544444751256,30917,463,1,"1"
524.65748658349878,30899,481,1,"1"
530.27491839076129,30890,490,3,"3"
532.0707184840868,30884,496,2,"2"
534.67041364850309,30866,514,1,"1"
551.1051577380349,30861,519,1,"1"
557.47621405119719,30851,529,1,"1"
561.88664114322694,30833,547,1,"1"
565.7269491401654,30817,563,2,"1-1"
570.30082095396028,30799,581,1,"1"
572.88546716598933,30781,599,1,"1"
588.12394977802307,30767,613,1,"1"
609.79528879365876,30749,631,1,"1"
610.56250580671144,30717,663,2,"1-1"
619.31295502358023,30699,681,1,"1"
626.06708964822451,30696,684,1,"1"
629.60343043197815,30678,702,1,"1"
636.65774572099156,30660,720,1,"1"
637.26437275324633,30642,738,1,"1"
642.04911510501995,30626,754,1,"1"
649.99704999080427,30623,757,1,"1"
653.74550471185944,30605,775,1,"1"
658.13307311004303,30587,793,1,"1"
666.80943801880187,30537,843,4,"3-1"
671.65416360181416,30519,861,1,"1"
701.66356850745001,30501,879,1,"1"
702.29918724147637,30491,889,2,"1-1"
704.77166384249153,30473,907,1,"1"
706.9194124868219,30455,925,1,"1"
708.79207762967815,30437,943,1,"1"
718.64899270588342,30419,961,1,"1"
721.89056248768873,30384,996,2,"2"
724.85410267187297,30366,1014,1,"1"
733.35972585166996,30348,1032,1,"1"
733.84231075246123,30343,1037,1,"1"
737.0585488305079,30325,1055,1,"1"
741.06244409321789,30318,1062,1,"1"
757.85738162582891,30158,1222,11,"4-1-1-1-1-1-1-1"
758.12189089965602,30130,1250,3,"3"
758.70474290940172,30112,1268,1,"1"
762.42806690183875,30098,1282,1,"1"
763.28411129575829,30071,1309,3,"3"
766.42253884153945,30035,1345,2,"1-1"
773.35545734473067,30017,1363,1,"1"
784.53201123955296,29981,1399,2,"2"
788.50866778508578,29949,1431,2,"1-1"
791.73321386577436,29931,1449,1,"1"
793.04956772556193,29913,1467,1,"1"
793.73791893296527,29895,1485,1,"1"
794.35960341917348,29886,1494,1,"1"
796.39384585928713,29872,1508,2,"2"
804.92037444422135,29678,1702,14,"4-3-2-2-2-1"
805.32655658955991,29629,1751,3,"3"
813.06582994704866,29593,1787,2,"2"
824.65020973865467,29575,1805,1,"1"
826.41018286056806,29526,1854,3,"3"
838.92643673430803,29517,1863,1,"1"
848.29236591906829,29445,1935,4,"2-1-1"
849.36797378875883,0,31380,1678,"1678"
----------------------------------------------5
0,31380,0,0,"0"
12.833531806669814,31379,1,1,"1"
41.312547707976996,31378,2,1,"1"
47.005003059400913,31377,3,1,"1"
72.479577099562292,31372,8,1,"1"
72.753657244501738,31371,9,1,"1"
129.27252770340328,31370,10,1,"1"
137.24134228915369,31367,13,1,"1"
144.95187027743643,31349,31,1,"1"
148.47308684282356,31348,32,1,"1"
200.27640110083888,31343,37,1,"1"
206.80337476108738,31342,38,1,"1"
208.88147492352996,31341,39,1,"1"
208.98965551426977,31327,53,1,"1"
216.53205756776433,31326,54,1,"1"
220.12011132954174,31308,72,1,"1"
228.21078113125276,31307,73,1,"1"
254.79665483623535,31306,74,1,"1"
262.68799213299781,31292,88,1,"1"
272.20963352151688,31291,89,1,"1"
273.01798381140435,31273,107,1,"1"
278.60181958745557,31269,111,4,"3-1"
313.02749318826875,31251,129,1,"1"
327.1828037908781,31245,135,2,"2"
342.55443991825706,31236,144,1,"1"
352.8284995192929,31233,147,1,"1"
371.7522532359468,31223,157,1,"1"
373.38454811912271,31209,171,1,"1"
378.30605102396106,31206,174,1,"1"
381.09191238082281,31203,177,1,"1"
383.49413823112292,31200,180,1,"1"
383.53220235393724,31182,198,1,"1"
384.58811433081053,31168,212,1,"1"
392.19178992551304,31153,227,1,"1"
401.3505172565371,31143,237,1,"1"
413.96840478075029,31125,255,1,"1"
419.58737865413383,31121,259,2,"1-1"
421.68177845260135,31103,277,1,"1"
458.26245481769911,31100,280,1,"1"
471.02007536503908,31088,292,1,"1"
471.95657482803796,31070,310,1,"1"
474.4719962207767,31052,328,1,"1"
491.63808262559701,31034,346,1,"1"
495.50666352539679,31016,364,1,"1"
500.74532849917171,30987,393,5,"2-2-1"
503.36512621125866,30969,411,2,"2"
504.19481850322069,30951,429,1,"1"
511.27148238721134,30933,447,1,"1"
522.31070312753479,30921,459,1,"1"
544.39703600113057,30903,477,1,"1"
560.01005011023301,30896,484,1,"1"
570.53556105884923,30879,501,1,"1"
578.22588587884366,30861,519,1,"1"
583.43262326623199,30851,529,1,"1"
585.56875184963758,30848,532,1,"1"
592.24124289266035,30830,550,1,"1"
605.32501315920661,30820,560,1,"1"
618.1087093619002,30802,578,1,"1"
644.22515902764974,30797,583,1,"1"
649.82862829622866,30785,595,1,"1"
656.75891372935871,30775,605,2,"2"
660.58049842041953,30757,623,1,"1"
664.06976859191263,30739,641,1,"1"
687.93047477146115,30733,647,2,"2"
691.51454361618607,30716,664,1,"1"
696.82138043790098,30698,682,1,"1"
708.56639011880054,30632,748,5,"2-1-1-1"
709.01695876501344,30560,820,4,"2-2"
717.95564913863871,30555,825,1,"1"
728.09140612794658,30537,843,1,"1"
733.41552087790717,30511,869,4,"2-1-1"
747.80202541616939,30469,911,6,"2-2-1-1"
760.83973555251941,30460,920,1,"1"
771.67929304328288,30442,938,1,"1"
777.26779049189804,30370,1010,5,"3-2"
777.8532055769557,30352,1028,1,"1"
786.29946309251795,30334,1046,1,"1"
791.00293339105815,30319,1061,1,"1"
798.98665749078941,30257,1123,4,"2-1-1"
799.37345905714801,30247,1133,1,"1"
811.87067550760867,30229,1151,1,"1"
822.79483312539196,30217,1163,1,"1"
822.80696488489241,30199,1181,1,"1"
825.03493160698929,30192,1188,1,"1"
831.32200628733267,30156,1224,2,"1-1"
844.10958878014458,30138,1242,1,"1"
847.9721637905094,30133,1247,1,"1"
849.08474118491233,30115,1265,1,"1"
852.85454377971951,29971,1409,10,"2-1-1-1-1-1-1-1-1"
852.97406763850427,29953,1427,1,"1"
876.20876338503626,29935,1445,1,"1"
879.53235986509674,29917,1463,1,"1"
899.32031872587595,29881,1499,2,"1-1"
902.18505985425099,29863,1517,1,"1"
906.89277377203371,29845,1535,1,"1"
910.31437661832115,29827,1553,1,"1"
912.61935474243592,29796,1584,2,"2"
920.83687126591622,29754,1626,3,"2-1"
922.29521639000222,0,31380,1694,"1694"
----------------------------------------------6
0,31380,0,0,"0"
31.96738765880783,31379,1,1,"1"
39.806267156095537,31378,2,1,"1"
47.564034390620883,31376,4,2,"2"
48.602968430753599,31375,5,1,"1"
68.236824983394797,31357,23,1,"1"
95.74403606171623,31356,24,1,"1"
104.1410666704397,31355,25,1,"1"
109.6959053590911,31354,26,1,"1"
119.21780593380451,31353,27,1,"1"
124.63794378774666,31348,32,1,"1"
128.52102664374627,31342,38,2,"2"
140.04624988870657,31340,40,2,"2"
180.71555467824916,31335,45,1,"1"
194.0968403825552,31330,50,1,"1"
200.77779946896172,31312,68,1,"1"
227.73146706486662,31294,86,1,"1"
230.82422731685347,31287,93,1,"1"
241.09854252766544,31284,96,1,"1"
242.92508796006967,31281,99,1,"1"
277.06723766240293,31279,101,2,"2"
286.24018738578667,31274,106,3,"2-1"
299.01433025711674,31264,116,1,"1"
325.84733252637221,31246,134,1,"1"
338.05589676460841,31228,152,1,"1"
351.62599058832069,31227,153,1,"1"
352.34491918089401,31221,159,2,"2"
379.74471450705363,31203,177,1,"1"
384.99402985796445,31185,195,1,"1"
388.03269052761982,31175,205,1,"1"
391.76299706128037,31139,241,2,"2"
401.55861631400302,31136,244,1,"1"
410.63716393109155,31123,257,1,"1"
429.58456822471612,31122,258,1,"1"
432.84042385748563,31107,273,1,"1"
456.82785384263116,31089,291,1,"1"
485.96963125102263,31061,319,2,"2"
490.24294794700427,31043,337,1,"1"
504.82781231765159,31025,355,1,"1"
510.23403607641137,31007,373,1,"1"
510.48130621574415,31001,379,2,"2"
524.89402296268247,30989,391,1,"1"
525.61913702212837,30971,409,1,"1"
532.85941816786215,30964,416,1,"1"
539.81496635107942,30928,452,2,"2"
546.93337501345411,30910,470,1,"1"
555.18482690075246,30905,475,1,"1"
568.33279599141372,30895,485,1,"1"
583.82107735940554,30892,488,1,"1"
591.74890182742899,30874,506,1,"1"
605.84644821820621,30860,520,1,"1"
608.7666963577833,30855,525,1,"1"
616.29228239720135,30837,543,1,"1"
619.48407999426456,30832,548,1,"1"
629.06803370460034,30814,566,1,"1"
630.02907662698749,30811,569,1,"1"
631.19531618631288,30801,579,1,"1"
638.51698138429492,30771,609,2,"1-1"
639.32473588591995,30747,633,2,"2"
639.93595810879458,30714,666,7,"3-1-1-1-1"
643.86800675487757,30709,671,1,"1"
661.4539695417958,30699,681,1,"1"
662.48616735080805,30681,699,1,"1"
684.0258951326316,30663,717,1,"1"
687.03123619002497,30649,731,1,"1"
687.46509347760139,30631,749,1,"1"
688.36750934932854,30613,767,1,"1"
695.97980442865276,30595,785,1,"1"
700.61422194173986,30577,803,1,"1"
704.36817993474733,30563,817,1,"1"
715.85251215375058,30545,835,1,"1"
722.53898004263453,30535,845,1,"1"
736.4274093877674,30528,852,1,"1"
748.16618877983012,30510,870,1,"1"
748.84894228991527,30492,888,1,"1"
754.36539372600851,30479,901,1,"1"
763.89093155287719,30476,904,1,"1"
764.41746779166385,30462,918,1,"1"
776.16258564603299,30444,936,1,"1"
778.66538133368863,30408,972,2,"2"
785.96213673838656,30401,979,1,"1"
789.66594871945915,30392,988,1,"1"
798.2008920180325,30383,997,1,"1"
808.57808597088751,30377,1003,2,"2"
819.45574646197417,30359,1021,1,"1"
820.63725552309052,30323,1057,3,"3"
825.96854723984575,30305,1075,1,"1"
828.66816374065775,30287,1093,1,"1"
829.74694508626351,30280,1100,1,"1"
829.75442204794274,30262,1118,1,"1"
839.78112968690789,30244,1136,1,"1"
840.79920172269931,30172,1208,4,"2-1-1"
885.64077414967346,30154,1226,1,"1"
895.95401444469644,30136,1244,1,"1"
904.92175342497319,30100,1280,2,"1-1"
906.25309295810462,30087,1293,1,"1"
908.78581914108565,30069,1311,1,"1"
910.05636416240077,30051,1329,1,"1"
914.03360024176914,30033,1347,1,"1"
922.82017767098534,30015,1365,1,"1"
931.70115021155425,29979,1401,2,"2"
935.25089503145216,29899,1481,6,"4-2"
950.36973411930899,29881,1499,1,"1"
951.99305475107485,29874,1506,1,"1"
953.99012074981806,29820,1560,3,"3"
956.28641630223615,29793,1587,2,"2"
958.34225106314238,29775,1605,1,"1"
961.78480028583749,29757,1623,1,"1"
971.5755033930343,29743,1637,1,"1"
973.16763146739959,29725,1655,1,"1"
976.67000761796282,29577,1803,13,"4-3-2-1-1-1-1"
979.38816583224661,29559,1821,1,"1"
992.88620074696291,29523,1857,2,"2"
997.02434634464669,29505,1875,1,"1"
1001.974693972164,29486,1894,3,"3"
1007.5072793864788,29468,1912,1,"1"
1010.9737440032961,29450,1930,1,"1"
1012.695831616528,29432,1948,1,"1"
1013.4195730396518,29419,1961,1,"1"
1015.7713561944884,29401,1979,1,"1"
1018.2889114262399,29365,2015,2,"2"
1020.9951410943795,29307,2073,5,"2-2-1"
1036.3363069091004,29297,2083,1,"1"
1039.1378208940487,29279,2101,1,"1"
1039.7326627551556,29274,2106,1,"1"
1041.9594840306343,29221,2159,5,"2-1-1-1"
1045.7338382827918,29203,2177,1,"1"
1048.5357422912211,0,31380,1653,"1653"
----------------------------------------------7
0,31380,0,0,"0"
53.53177300178136,31379,1,1,"1"
99.303469227201191,31378,2,1,"1"
112.43933006391578,31377,3,1,"1"
118.94920681560387,31359,21,1,"1"
125.52996422342771,31358,22,1,"1"
126.84500526799592,31357,23,1,"1"
133.30269971271056,31347,33,1,"1"
133.33008989454598,31346,34,1,"1"
134.17668862723664,31345,35,1,"1"
147.72706159861994,31342,38,1,"1"
165.83621500118178,31324,56,1,"1"
166.24042548524494,31319,61,1,"1"
167.28558788805137,31305,75,1,"1"
176.58041605046469,31304,76,1,"1"
194.55480335708378,31286,94,1,"1"
224.84694462231377,31285,95,1,"1"
227.38151961183232,31282,98,1,"1"
232.36029821055513,31275,105,3,"3"
236.93547478289992,31272,108,1,"1"
262.68897676481174,31271,109,1,"1"
271.44012157838819,31253,127,1,"1"
283.37409716747095,31235,145,1,"1"
295.5959253684552,31232,148,3,"3"
297.92205125125389,31214,166,1,"1"
302.77336728650522,31196,184,1,"1"
309.30182587449809,31178,202,1,"1"
329.25734096470057,31160,220,1,"1"
329.62322746614956,31150,230,1,"1"
336.88564270409194,31148,232,2,"2"
354.17817390913444,31139,241,1,"1"
357.95519713485692,31136,244,1,"1"
359.85483617459607,31118,262,1,"1"
382.44414010215712,31100,280,1,"1"
395.88828684955087,31088,292,1,"1"
403.4340771896226,31082,298,2,"2"
412.9793239974523,31064,316,1,"1"
435.20328053154776,31059,321,1,"1"
437.40197387956533,31041,339,1,"1"
444.69890659786341,31036,344,1,"1"
445.55888498742627,31035,345,1,"1"
455.7004035081024,31011,369,2,"2"
461.07557138947908,30995,385,1,"1"
466.8512754428541,30990,390,1,"1"
467.08517055267623,30972,408,1,"1"
468.84631618313415,30954,426,1,"1"
479.04176766803198,30936,444,1,"1"
481.95645971014159,30929,451,1,"1"
482.12829254423406,30911,469,1,"1"
487.27303025763564,30904,476,1,"1"
489.53964854284317,30888,492,1,"1"
489.97839680518064,30870,510,1,"1"
494.70856256390118,30836,544,2,"1-1"
549.48441233635583,30818,562,1,"1"
551.01910405734645,30800,580,1,"1"
552.80854371999578,30786,594,1,"1"
558.40054044423846,30768,612,1,"1"
560.24308932929068,30750,630,1,"1"
575.96557790541021,30734,646,1,"1"
589.84943202684235,30716,664,1,"1"
597.78171101987709,30698,682,1,"1"
605.71039133351576,30695,685,1,"1"
608.65730925413436,30684,696,1,"1"
629.56251909005186,30666,714,1,"1"
629.7749711252344,30663,717,1,"1"
634.95853172358352,30656,724,1,"1"
635.05139679643844,30638,742,1,"1"
635.43615171351087,30625,755,3,"3"
649.37013126269721,30607,773,1,"1"
656.26607035819404,30593,787,1,"1"
664.24663518653472,30584,796,1,"1"
678.23919876245282,30550,830,3,"2-1"
685.81047070064722,30533,847,5,"2-1-1-1"
690.50179140978037,30497,883,2,"1-1"
699.51426518278117,30451,929,3,"3"
714.37397933429668,30433,947,1,"1"
717.98592712689276,30415,965,1,"1"
722.21802445998389,30397,983,1,"1"
731.23097639246282,30363,1017,2,"1-1"
732.73834860248371,30345,1035,1,"1"
733.17482041235053,30342,1038,1,"1"
743.48862246941803,30311,1069,3,"2-1"
757.47270555800708,30293,1087,1,"1"
770.57502240054225,30265,1115,2,"1-1"
777.88802643668987,30260,1120,1,"1"
779.64209379786996,30246,1134,1,"1"
780.89940612604107,30197,1183,3,"3"
788.7275392941757,30184,1196,1,"1"
802.83282844639587,30166,1214,1,"1"
804.87718310442813,30156,1224,1,"1"
809.74988142367022,30149,1231,1,"1"
820.58561639549339,30131,1249,1,"1"
829.57563659745415,30113,1267,2,"2"
835.23851644063882,30103,1277,2,"2"
835.27206890259413,30085,1295,1,"1"
837.05545852649948,29999,1381,5,"2-1-1-1"
838.66647776542209,29914,1466,5,"4-1"
843.73936546207403,29905,1475,1,"1"
848.67552391396214,29890,1490,1,"1"
855.2682216817052,29875,1505,1,"1"
860.42471011153214,29870,1510,1,"1"
867.8961699939922,29834,1546,2,"2"
868.86279318522327,29822,1558,1,"1"
869.18415746192284,29794,1586,2,"2"
874.40521060648098,29776,1604,1,"1"
877.11586568177188,29758,1622,1,"1"
879.37481227381488,29740,1640,1,"1"
882.6793196843945,29722,1658,1,"1"
887.05794809496899,29580,1800,8,"8"
890.06820085809534,29562,1818,1,"1"
891.90918387762792,29536,1844,2,"1-1"
893.71391611855961,29525,1855,1,"1"
895.72936340428123,0,31380,1683,"1683"
----------------------------------------------8
0,31380,0,0,"0"
22.764139515845571,31377,3,1,"1"
23.528853194099796,31376,4,1,"1"
36.531588835762882,31375,5,1,"1"
49.412330809576048,31374,6,1,"1"
49.802915126478091,31373,7,1,"1"
58.727849887103005,31372,8,1,"1"
88.588776060149726,31367,13,1,"1"
91.365627821989889,31349,31,1,"1"
92.145910272317309,31331,49,1,"1"
101.24169334510835,31313,67,1,"1"
101.53673417356966,31304,76,1,"1"
123.76172309956435,31303,77,1,"1"
126.0695355733597,31302,78,1,"1"
130.70314044567877,31300,80,2,"1-1"
135.88998335755446,31297,83,1,"1"
137.27612589171,31296,84,1,"1"
139.18663684110092,31295,85,1,"1"
159.62773818761096,31293,87,2,"2"
164.38705283614942,31290,90,1,"1"
207.5745786451298,31289,91,1,"1"
238.19595856733457,31279,101,1,"1"
238.44960530502047,31261,119,1,"1"
242.38920218925261,31259,121,2,"2"
255.64198825910336,31254,126,1,"1"
258.04599560057403,31240,140,1,"1"
267.58300058334066,31222,158,1,"1"
278.13377188915149,31217,163,1,"1"
287.03593199191198,31199,181,1,"1"
295.36556001595602,31181,199,1,"1"
298.73077041984794,31168,212,1,"1"
303.30777021659571,31150,230,1,"1"
319.67158687815834,31149,231,1,"1"
348.10066950600833,31143,237,2,"1-1"
353.22764990986457,31125,255,1,"1"
358.73584143887643,31118,262,3,"2-1"
377.60708858907219,31100,280,1,"1"
384.17452334223378,31082,298,1,"1"
387.72538821815272,31079,301,1,"1"
390.42369740386198,31061,319,1,"1"
400.67079888095566,31043,337,1,"1"
437.36472968262086,31036,344,1,"1"
449.76178837767856,31018,362,1,"1"
459.33280400762357,31012,368,2,"2"
471.73701084667135,31002,378,1,"1"
477.46464905270625,30992,388,1,"1"
489.7693108179522,30974,406,1,"1"
494.35268156921995,30960,420,1,"1"
495.78977322673899,30944,436,1,"1"
502.53636032847038,30926,454,1,"1"
503.88266248683152,30908,472,1,"1"
506.36186817502789,30894,486,1,"1"
509.87448282466414,30876,504,1,"1"
515.85075528825996,30858,522,1,"1"
517.90850995091989,30848,532,1,"1"
520.20533588737453,30838,542,1,"1"
525.36962464357657,30833,547,1,"1"
555.437651990836,30815,565,1,"1"
558.09040731519667,30797,583,1,"1"
562.40494032661582,30782,598,1,"1"
594.7362231467506,30764,616,1,"1"
597.0542104383012,30746,634,1,"1"
613.67030092445054,30736,644,2,"2"
614.26112213200395,30726,654,2,"1-1"
626.42747080801712,30708,672,1,"1"
630.35958372139783,30690,690,1,"1"
664.67287234419518,30672,708,1,"1"
674.73639053847671,30644,736,2,"1-1"
683.15805399879139,30621,759,2,"2"
705.6790249200991,30618,762,1,"1"
706.34012116790905,30600,780,1,"1"
718.52588139746854,30582,798,1,"1"
723.08045154345666,30546,834,2,"1-1"
730.43115621641471,30528,852,1,"1"
739.69291386144346,30510,870,1,"1"
750.47819953769897,30428,952,5,"2-1-1-1"
751.26699418000749,30410,970,1,"1"
757.7623114706937,30407,973,1,"1"
770.77618364865486,30400,980,1,"1"
780.00307382218671,30382,998,1,"1"
784.79655410853877,30364,1016,1,"1"
786.00693347247216,30328,1052,2,"1-1"
786.79281212911462,30321,1059,1,"1"
787.37111631614437,30303,1077,1,"1"
799.52156101310402,30285,1095,1,"1"
811.95175447897952,30267,1113,1,"1"
819.37975713816547,30249,1131,1,"1"
823.53818657018167,30213,1167,2,"2"
828.86391540540433,30158,1222,5,"3-2"
834.56325384288346,30151,1229,1,"1"
839.23081110517137,30133,1247,1,"1"
855.56102143320754,30097,1283,2,"1-1"
865.75735384894892,30083,1297,1,"1"
865.9712294354631,30065,1315,1,"1"
873.91561671276099,30056,1324,1,"1"
883.28839377700615,30038,1342,1,"1"
887.21816560277637,30033,1347,1,"1"
891.46170911372997,29989,1391,3,"2-1"
909.9135329193814,29971,1409,1,"1"
911.5706803790215,29959,1421,1,"1"
921.07883611043599,29949,1431,1,"1"
937.31016821142327,29931,1449,1,"1"
939.46327440141647,29907,1473,2,"2"
950.02749580751265,29889,1491,1,"1"
952.86176709548749,29777,1603,8,"3-2-1-1-1"
956.11433230693649,29301,2079,27,"25-1-1"
957.49483599738744,29283,2097,1,"1"
961.64861972332346,29265,2115,1,"1"
962.18418898330219,29247,2133,1,"1"
962.8092727299537,29229,2151,1,"1"
967.76993873215565,29219,2161,1,"1"
971.51804119687222,29183,2197,2,"1-1"
974.3362394625467,29108,2272,6,"2-2-1-1"
974.71644349537894,29098,2282,2,"2"
975.08084335020806,0,31380,1660,"1660"
----------------------------------------------9
0,31380,0,0,"0"
95.070501635980975,31379,1,1,"1"
107.20716674233415,31361,19,1,"1"
132.9727514298373,31360,20,1,"1"
147.21739448114616,31342,38,1,"1"
154.51949726143343,31333,47,5,"2-1-1-1"
175.08621403344566,31330,50,1,"1"
176.71529565947748,31324,56,2,"1-1"
227.39316076102708,31306,74,1,"1"
239.06185945605105,31303,77,1,"1"
251.8090442316838,31298,82,1,"1"
260.41104280350885,31289,91,1,"1"
269.25361100615919,31287,93,2,"2"
287.00209953825089,31284,96,3,"3"
293.30652779619174,31281,99,1,"1"
295.25455766876195,31263,117,1,"1"
310.9650620272381,31262,118,1,"1"
329.04928511930763,31260,120,2,"2"
330.42566537238849,31242,138,1,"1"
333.35699866255027,31224,156,1,"1"
348.27471916913601,31223,157,1,"1"
357.38261144709804,31214,166,3,"2-1"
363.28643378550242,31212,168,2,"2"
379.16747645419724,31209,171,1,"1"
381.63768928012422,31195,185,1,"1"
395.95818182716124,31189,191,2,"2"
399.91461890721018,31179,201,1,"1"
417.49393742789238,31174,206,1,"1"
426.34355881388888,31159,221,3,"3"
427.51128086194058,31149,231,1,"1"
441.38751454809096,31131,249,1,"1"
457.95236069568972,31113,267,1,"1"
460.9817505075992,31099,281,2,"2"
471.38147201672109,31085,295,1,"1"
472.08750154883768,31067,313,1,"1"
480.56868841101021,31049,331,1,"1"
485.33735414445658,31048,332,1,"1"
494.15757225025158,31030,350,1,"1"
505.93624948398673,31018,362,1,"1"
506.06825195954116,31000,380,1,"1"
523.89816544584744,30982,398,1,"1"
530.46213438240693,30972,408,1,"1"
533.57732733781074,30969,411,1,"1"
533.94866830111334,30941,439,2,"2"
544.72608971291822,30923,457,1,"1"
550.4536042367921,30905,475,1,"1"
555.16788654316451,30887,493,1,"1"
556.13088756435627,30869,511,1,"1"
556.93215912124674,30851,529,1,"1"
568.55094545286249,30844,536,1,"1"
573.97192392135059,30826,554,1,"1"
590.44785693911911,30821,559,1,"1"
591.63051715304482,30803,577,1,"1"
594.6991523416699,30785,595,1,"1"
602.71480958238396,30767,613,1,"1"
603.18571398996767,30749,631,1,"1"
608.29120963238256,30739,641,1,"1"
617.65037736348154,30721,659,1,"1"
623.15338525956781,30716,664,1,"1"
625.60969908544655,30688,692,2,"2"
638.61475121653825,30670,710,1,"1"
642.55836396678433,30660,720,1,"1"
642.79775509799867,30642,738,1,"1"
645.66339197312118,30637,743,1,"1"
660.44064230153424,30632,748,1,"1"
671.96476665450643,30623,757,1,"1"
681.88317752669423,30605,775,1,"1"
688.48745745727888,30587,793,1,"1"
689.97466822415061,30569,811,1,"1"
693.21595695692474,30551,829,1,"1"
695.61141476926286,30523,857,2,"2"
705.58886080009381,30491,889,4,"2-1-1"
714.73699505161812,30473,907,1,"1"
726.23098863144401,30433,947,3,"1-1-1"
731.77476721580774,30379,1001,3,"1-1-1"
735.19621618902408,30361,1019,1,"1"
738.65024496015155,30343,1037,1,"1"
740.83840441053292,30289,1091,3,"2-1"
745.90503670294675,30271,1109,1,"1"
747.19488037421399,30133,1247,10,"3-2-1-1-1-1-1"
749.11351346056779,30046,1334,9,"3-2-1-1-1-1"
753.90625388845592,30028,1352,1,"1"
756.30209508941664,30025,1355,1,"1"
764.06133338550308,30007,1373,1,"1"
778.02207411521613,29989,1391,1,"1"
788.28671070613677,29971,1409,1,"1"
789.87681979906608,29944,1436,2,"2"
793.7835289983401,29918,1462,2,"1-1"
795.81328404035776,29900,1480,1,"1"
796.72514260116634,29872,1508,2,"2"
806.81418499404197,29854,1526,1,"1"
807.91559099147344,29820,1560,2,"1-1"
817.07383412543732,29812,1568,2,"1-1"
821.35208284037674,29794,1586,1,"1"
826.18252991768213,29771,1609,3,"2-1"
829.29391163106379,29761,1619,1,"1"
830.43912492136565,29743,1637,1,"1"
830.80644913635638,29725,1655,1,"1"
841.37551666436036,29716,1664,1,"1"
851.87043616339952,29711,1669,1,"1"
856.07011249319658,29693,1687,1,"1"
862.4402795556897,29675,1705,1,"1"
869.90245042372703,29663,1717,1,"1"
878.6258468567944,29619,1761,4,"2-1-1"
893.3016321341139,29601,1779,1,"1"
894.38030881077975,29385,1995,15,"3-3-2-2-2-2-1"
897.73728970451646,29367,2013,1,"1"
902.31319368954644,29349,2031,1,"1"
914.05848053994623,29331,2049,1,"1"
914.8328346449664,0,31380,1662,"1662"
