# Mass-radius curve of the wide periodic cylinders (period 216, nb = 60000)
# Columns: R   <m(R)>   (mean over 12 sections x 5 seeds)
# Set order: T_s = 2, 128, 8192. Points stop at the largest R_max of
# the condition; m saturates at the section mass (5000) before that.
# Use logarithmic axes on both.
@type xy
# T_s = 2
1 0.9833
2 3.3167
3 6.9000
4 11.9500
5 17.7500
6 26.0167
7 35.0833
8 44.8333
9 55.4333
10 67.9167
11 80.3667
12 94.3000
13 109.1000
14 124.1167
15 140.3000
16 156.2667
17 172.7833
18 189.7667
19 206.9500
20 225.4667
21 245.2667
22 265.4667
23 285.9667
24 306.5833
25 327.6667
26 348.5667
27 370.0500
28 392.8000
29 416.5000
30 439.5500
31 463.1000
32 488.5333
33 514.4000
34 541.5667
35 568.8333
36 597.0167
37 625.3000
38 653.8667
39 683.6833
40 714.4000
41 745.3667
42 777.1833
43 810.1833
44 842.9833
45 876.7667
46 911.6000
47 945.5167
48 979.4000
49 1013.4167
50 1045.9500
51 1080.6833
52 1115.4000
53 1151.6167
54 1187.0667
55 1222.7667
56 1259.7333
57 1296.2333
58 1332.2833
59 1370.4167
60 1407.7167
61 1443.9000
62 1480.8667
63 1520.4000
64 1558.9167
65 1599.7833
66 1642.1500
67 1683.8500
68 1728.5000
69 1774.0000
70 1819.0167
71 1865.4167
72 1911.8500
73 1959.9667
74 2009.9667
75 2060.9333
76 2112.3833
77 2163.9833
78 2215.5500
79 2267.0500
80 2319.4167
81 2373.0667
82 2424.4000
83 2476.8500
84 2528.6833
85 2581.0167
86 2633.2000
87 2686.1500
88 2738.1500
89 2787.4000
90 2835.0833
91 2883.5167
92 2931.6167
93 2980.5167
94 3027.7333
95 3075.2000
96 3122.0000
97 3168.8667
98 3215.6333
99 3262.0000
100 3308.8667
101 3354.3000
102 3400.4167
103 3447.7500
104 3495.1833
105 3542.1667
106 3590.3167
107 3638.6500
108 3685.5500
109 3732.4667
110 3780.4500
111 3826.7500
112 3874.0167
113 3922.1167
114 3968.9000
115 4016.1500
116 4061.9167
117 4106.3167
118 4150.3500
119 4195.3500
120 4238.6667
121 4280.4500
122 4320.7500
123 4360.0000
124 4397.9667
125 4437.4833
126 4473.6000
127 4508.8000
128 4543.4333
129 4575.1333
130 4605.5000
131 4635.9500
132 4664.1833
133 4690.9333
134 4715.7667
135 4742.1333
136 4766.0000
137 4787.8833
138 4808.4833
139 4827.4833
140 4845.5667
141 4862.9500
142 4878.6167
143 4892.6000
144 4904.8000
145 4916.1167
146 4925.1500
147 4933.1000
148 4940.8500
149 4947.9667
150 4954.1167
151 4960.3500
152 4965.5333
153 4969.9500
154 4973.8833
155 4977.7000
156 4980.8667
157 4983.2333
158 4985.1833
159 4986.9667
160 4988.1833
161 4989.4500
162 4990.6000
163 4991.4167
164 4992.1833
165 4992.9333
166 4993.5167
167 4994.1000
168 4994.5167
169 4995.2000
170 4995.7500
171 4996.5667
172 4997.2833
173 4997.7000
174 4998.0833
175 4998.4500
176 4998.6833
177 4998.9667
178 4999.2500
179 4999.4833
180 4999.7333
181 4999.8500
182 5000.0000
183 5000.0833
&
# T_s = 128
1 2.0833
2 8.5667
3 19.4833
4 34.9167
5 54.9167
6 78.5833
7 105.3833
8 136.4500
9 170.1500
10 207.7500
11 248.1167
12 291.2167
13 337.4667
14 385.3667
15 436.3167
16 488.8833
17 543.4833
18 600.4500
19 658.8167
20 721.0000
21 782.8833
22 847.4333
23 912.5500
24 977.3167
25 1044.8667
26 1110.6833
27 1181.4333
28 1252.4167
29 1326.0833
30 1405.3333
31 1485.3500
32 1569.1000
33 1655.7167
34 1744.9833
35 1836.0333
36 1928.8667
37 2026.0833
38 2121.4167
39 2218.0333
40 2315.5667
41 2411.9833
42 2509.8000
43 2605.4667
44 2700.8500
45 2794.7500
46 2889.1667
47 2984.2333
48 3076.9500
49 3171.4500
50 3264.0833
51 3356.6833
52 3448.0333
53 3536.9833
54 3624.0667
55 3704.7000
56 3787.1500
57 3866.0333
58 3940.4000
59 4015.5000
60 4085.9667
61 4157.0500
62 4224.9667
63 4290.1333
64 4352.8500
65 4412.9667
66 4470.0333
67 4522.6667
68 4574.3500
69 4623.8333
70 4669.6667
71 4712.2000
72 4750.5833
73 4786.0167
74 4817.5333
75 4845.7167
76 4870.6667
77 4892.5833
78 4911.8500
79 4927.4667
80 4941.6500
81 4954.0500
82 4964.2167
83 4972.0667
84 4978.4333
85 4984.0833
86 4988.9000
87 4992.5667
88 4995.3167
89 4996.8000
90 4997.6500
91 4998.4833
92 4999.1500
93 4999.6000
94 4999.9167
95 5000.0833
&
# T_s = 8192
1 2.3667
2 9.7000
3 20.8500
4 37.2000
5 57.3333
6 81.8333
7 110.5333
8 143.2833
9 181.6167
10 223.4333
11 269.3500
12 320.1333
13 375.2667
14 434.7167
15 497.6833
16 564.5000
17 636.4000
18 710.1667
19 789.6500
20 872.4000
21 961.2333
22 1054.2500
23 1150.6667
24 1250.6833
25 1354.7333
26 1463.3333
27 1575.4833
28 1689.5333
29 1807.2167
30 1928.0167
31 2050.4000
32 2177.4000
33 2307.4333
34 2441.2500
35 2577.2667
36 2714.3833
37 2851.2333
38 2988.3333
39 3126.2833
40 3262.6167
41 3394.9833
42 3525.4000
43 3650.4500
44 3770.5167
45 3886.7833
46 3995.1167
47 4099.4500
48 4196.4333
49 4287.3167
50 4372.3167
51 4450.9000
52 4522.4167
53 4586.6167
54 4646.4167
55 4701.2333
56 4749.5000
57 4793.3167
58 4830.3500
59 4862.1833
60 4889.6500
61 4913.0333
62 4933.6167
63 4950.3000
64 4964.1500
65 4974.7667
66 4982.9000
67 4988.6333
68 4993.0667
69 4996.0667
70 4998.1500
71 4999.1333
72 4999.7167
73 4999.9833
74 5000.0667
75 5000.0833
&
