1 0.9085185987510489
2 0.058565375213174821
3 0.014137268043418716
4 0.0058792224792614681
5 0.0031550845491979886
6 0.0019022587499354805
7 0.0012640894327997402
8 0.00088202698321681997
9 0.0006505593140266958
10 0.00049773996601029625
11 0.00039994346782327663
12 0.00031816948834296999
13 0.00025864118509869716
14 0.00021169999233228146
15 0.00017897913690662157
16 0.00015749375593435093
17 0.0001372755337350189
18 0.00011548040284047437
19 0.000099345247798389072
20 0.000089658522956369277
21 0.000078000662245333819
22 0.000073889436004244031
23 0.000063724006736891849
24 0.00006006332583729135
25 0.00005417807731408746
26 0.000048827851383902111
27 0.000045955624831907869
28 0.000043393148202187518
29 0.0000393100810449408
30 0.000035311491139223327
31 0.000032101355581112111
32 0.000029820469789822569
33 0.000027257993160102217
34 0.000025258698207243481
35 0.000023174926002855499
36 0.000023034130583640096
37 0.000020330858534704338
38 0.000019007381594079543
39 0.000017712063737297825
40 0.000016135155042085301
41 0.000015994359622869894
42 0.000015177746191420552
43 0.000014896155352989744
44 0.000013516360244678784
45 0.000013150292154718735
46 0.000013572678412364947
47 0.000011967610633309341
48 0.00001089756544727227
49 0.000010109111099666008
50 0.000010334383770410654
51 0.0000098556793450782805
52 0.0000092924976682166651
53 0.0000083069297337088372
54 0.0000072650436315148473
55 0.0000077719071406903007
56 0.0000076029526376318162
57 0.0000074621572184164123
58 0.0000066737028708101504
59 0.000005659975852459241
60 0.0000052375895948130294
61 0.0000051531123432837868
62 0.0000051812714271268674
63 0.0000050967941755976256
64 0.0000046180897502652519
65 0.000003970430821874393
66 0.0000047307260856375743
67 0.0000045054534148929287
68 0.000004420976163363686
69 0.0000038014763188159081
70 0.0000040549080734036356
71 0.0000033227718934835345
72 0.000003125658306581969
73 0.000003576203648071262
74 0.000003576203648071262
75 0.0000028722265519942418
76 0.00000315381739042505
77 0.0000029003856358373224
78 0.0000028722265519942418
79 0.0000032101355581112116
80 0.0000028159083843080802
81 0.0000026751129650926763
82 0.0000023935221266618682
83 0.00000315381739042505
84 0.000003125658306581969
85 0.0000018303404498002521
86 0.0000022808857912895449
87 0.0000021682494559172217
88 0.0000021119312882310601
89 0.0000022245676236033833
90 0.0000020274540367018178
91 0.0000024779993781911104
92 0.0000025061584620341915
93 0.0000014642723598402017
94 0.0000025906357135634337
95 0.0000018866586174864137
96 0.0000020274540367018178
97 0.0000015487496113694442
98 0.0000017177041144279289
99 0.0000014924314436832826
100 0.0000015487496113694442
101 0.000001267158772938636
102 0.000001267158772938636
103 0.0000018584995336433329
104 0.0000020556131205448984
105 0.0000017458631982710097
106 0.0000014361132759971209
107 0.0000013797951083109593
108 0.0000013516360244678785
109 0.0000015487496113694442
110 0.0000014079541921540401
111 0.0000014079541921540401
112 0.0000011263633537232322
113 9.5740885066474728e-7
114 0.0000012108406052524744
115 0.0000013797951083109593
116 0.0000012108406052524744
117 0.0000010137270183509089
118 0.0000011263633537232322
119 0.0000010982042698801514
120 0.0000012953178567817168
121 0.0000012389996890955552
122 0.0000011263633537232322
123 0.000001267158772938636
124 7.8845434760626250e-7
125 8.1661343144934321e-7
126 0.0000012389996890955552
127 0.0000010418861021939897
128 9.0109068297858565e-7
129 7.3213617992010087e-7
130 7.0397709607702005e-7
131 7.0397709607702005e-7
132 9.5740885066474728e-7
133 7.8845434760626250e-7
134 7.3213617992010087e-7
135 4.2238625764621201e-7
136 7.6029526376318168e-7
137 5.3502259301853527e-7
138 7.0397709607702005e-7
139 5.3502259301853527e-7
140 7.0397709607702005e-7
141 8.1661343144934321e-7
142 4.2238625764621201e-7
143 5.6318167686161608e-7
144 5.6318167686161608e-7
145 5.3502259301853527e-7
146 6.7581801223393924e-7
147 5.9134076070469679e-7
148 3.6606808996005043e-7
149 7.8845434760626250e-7
150 4.7870442533237364e-7
151 6.7581801223393924e-7
152 4.5054534148929283e-7
153 5.3502259301853527e-7
154 3.9422717380313125e-7
155 5.6318167686161608e-7
156 7.3213617992010087e-7
157 5.3502259301853527e-7
158 6.4765892839085842e-7
159 5.3502259301853527e-7
160 4.2238625764621201e-7
161 3.3790900611696962e-7
162 3.3790900611696962e-7
163 3.9422717380313125e-7
164 2.8159083843080804e-7
165 4.2238625764621201e-7
166 3.0974992227388880e-7
167 2.8159083843080804e-7
168 4.2238625764621201e-7
169 4.5054534148929283e-7
170 1.9711358690156562e-7
171 3.0974992227388880e-7
172 2.8159083843080804e-7
173 2.8159083843080804e-7
174 1.9711358690156562e-7
175 5.0686350917545445e-7
176 3.0974992227388880e-7
177 3.0974992227388880e-7
178 2.2527267074464641e-7
179 2.8159083843080804e-7
180 2.2527267074464641e-7
181 1.4079541921540402e-7
182 2.5343175458772723e-7
183 1.9711358690156562e-7
184 4.7870442533237364e-7
185 2.5343175458772723e-7
186 1.6895450305848481e-7
187 1.6895450305848481e-7
188 1.6895450305848481e-7
189 1.6895450305848481e-7
190 2.8159083843080802e-8
191 1.4079541921540402e-7
192 1.9711358690156562e-7
193 2.8159083843080802e-8
194 1.1263633537232321e-7
195 8.4477251529242405e-8
196 1.1263633537232321e-7
197 1.1263633537232321e-7
198 1.1263633537232321e-7
199 2.8159083843080802e-8
200 1.6895450305848481e-7
201 8.4477251529242405e-8
202 2.5343175458772723e-7
203 5.6318167686161603e-8
204 8.4477251529242405e-8
205 3.3790900611696962e-7
206 1.4079541921540402e-7
207 1.1263633537232321e-7
208 1.6895450305848481e-7
209 1.4079541921540402e-7
210 1.9711358690156562e-7
211 1.1263633537232321e-7
212 1.1263633537232321e-7
213 8.4477251529242405e-8
214 1.9711358690156562e-7
215 1.1263633537232321e-7
216 5.6318167686161603e-8
217 8.4477251529242405e-8
218 1.6895450305848481e-7
219 1.6895450305848481e-7
220 1.1263633537232321e-7
221 5.6318167686161603e-8
222 5.6318167686161603e-8
223 5.6318167686161603e-8
224 1.1263633537232321e-7
226 8.4477251529242405e-8
227 1.9711358690156562e-7
228 8.4477251529242405e-8
229 1.4079541921540402e-7
230 1.6895450305848481e-7
231 1.4079541921540402e-7
232 2.8159083843080802e-8
233 8.4477251529242405e-8
234 8.4477251529242405e-8
235 8.4477251529242405e-8
236 1.1263633537232321e-7
237 2.8159083843080802e-8
238 5.6318167686161603e-8
239 1.1263633537232321e-7
240 1.1263633537232321e-7
241 2.8159083843080802e-8
242 2.8159083843080802e-8
243 2.8159083843080802e-8
244 1.1263633537232321e-7
246 5.6318167686161603e-8
248 8.4477251529242405e-8
249 2.8159083843080802e-8
250 8.4477251529242405e-8
251 5.6318167686161603e-8
252 2.8159083843080802e-8
254 2.8159083843080802e-8
255 2.8159083843080802e-8
256 1.1263633537232321e-7
258 8.4477251529242405e-8
259 5.6318167686161603e-8
260 2.8159083843080802e-8
261 5.6318167686161603e-8
262 5.6318167686161603e-8
263 2.8159083843080802e-8
266 2.8159083843080802e-8
267 2.8159083843080802e-8
269 2.8159083843080802e-8
270 2.8159083843080802e-8
271 2.8159083843080802e-8
272 2.8159083843080802e-8
273 2.8159083843080802e-8
274 2.8159083843080802e-8
275 2.8159083843080802e-8
276 2.8159083843080802e-8
281 2.8159083843080802e-8
282 2.8159083843080802e-8
283 2.8159083843080802e-8
286 2.8159083843080802e-8
288 2.8159083843080802e-8
290 2.8159083843080802e-8
292 2.8159083843080802e-8
293 5.6318167686161603e-8
297 2.8159083843080802e-8
298 2.8159083843080802e-8
300 5.6318167686161603e-8
306 2.8159083843080802e-8
307 2.8159083843080802e-8
310 2.8159083843080802e-8
311 5.6318167686161603e-8
312 2.8159083843080802e-8
318 2.8159083843080802e-8
321 2.8159083843080802e-8
322 2.8159083843080802e-8
330 2.8159083843080802e-8
336 5.6318167686161603e-8
340 5.6318167686161603e-8
353 2.8159083843080802e-8
355 2.8159083843080802e-8
356 2.8159083843080802e-8
376 2.8159083843080802e-8
378 2.8159083843080802e-8
381 2.8159083843080802e-8
384 2.8159083843080802e-8
385 2.8159083843080802e-8
397 2.8159083843080802e-8
398 2.8159083843080802e-8
401 2.8159083843080802e-8
410 2.8159083843080802e-8
413 2.8159083843080802e-8
417 2.8159083843080802e-8
427 2.8159083843080802e-8
445 2.8159083843080802e-8
448 2.8159083843080802e-8
449 2.8159083843080802e-8
451 2.8159083843080802e-8
462 5.6318167686161603e-8
471 2.8159083843080802e-8
472 2.8159083843080802e-8
473 2.8159083843080802e-8
474 2.8159083843080802e-8
475 2.8159083843080802e-8
476 2.8159083843080802e-8
489 2.8159083843080802e-8
491 2.8159083843080802e-8
493 2.8159083843080802e-8
496 2.8159083843080802e-8
503 2.8159083843080802e-8
505 2.8159083843080802e-8
506 2.8159083843080802e-8
507 5.6318167686161603e-8
508 2.8159083843080802e-8
512 2.8159083843080802e-8
513 8.4477251529242405e-8
514 2.8159083843080802e-8
518 2.8159083843080802e-8
520 5.6318167686161603e-8
524 2.8159083843080802e-8
527 2.8159083843080802e-8
528 2.8159083843080802e-8
529 2.8159083843080802e-8
531 8.4477251529242405e-8
535 2.8159083843080802e-8
536 2.8159083843080802e-8
539 2.8159083843080802e-8
540 2.8159083843080802e-8
542 2.8159083843080802e-8
545 5.6318167686161603e-8
546 2.8159083843080802e-8
549 2.8159083843080802e-8
550 2.8159083843080802e-8
552 2.8159083843080802e-8
558 8.4477251529242405e-8
560 5.6318167686161603e-8
561 2.8159083843080802e-8
564 5.6318167686161603e-8
565 2.8159083843080802e-8
567 2.8159083843080802e-8
568 8.4477251529242405e-8
569 5.6318167686161603e-8
570 8.4477251529242405e-8
572 1.4079541921540402e-7
576 5.6318167686161603e-8
578 5.6318167686161603e-8
579 5.6318167686161603e-8
581 2.8159083843080802e-8
582 5.6318167686161603e-8
583 5.6318167686161603e-8
584 1.1263633537232321e-7
586 5.6318167686161603e-8
587 2.8159083843080802e-8
588 2.8159083843080802e-8
589 5.6318167686161603e-8
590 2.8159083843080802e-8
593 5.6318167686161603e-8
594 8.4477251529242405e-8
595 2.8159083843080802e-8
598 2.8159083843080802e-8
599 2.8159083843080802e-8
600 2.8159083843080802e-8
601 2.8159083843080802e-8
602 5.6318167686161603e-8
603 5.6318167686161603e-8
604 5.6318167686161603e-8
606 1.1263633537232321e-7
607 5.6318167686161603e-8
609 2.8159083843080802e-8
610 8.4477251529242405e-8
612 5.6318167686161603e-8
613 2.8159083843080802e-8
614 5.6318167686161603e-8
615 5.6318167686161603e-8
616 8.4477251529242405e-8
617 5.6318167686161603e-8
618 2.8159083843080802e-8
620 8.4477251529242405e-8
621 2.8159083843080802e-8
622 8.4477251529242405e-8
623 2.8159083843080802e-8
624 8.4477251529242405e-8
627 2.8159083843080802e-8
628 5.6318167686161603e-8
629 5.6318167686161603e-8
630 2.8159083843080802e-8
631 5.6318167686161603e-8
632 8.4477251529242405e-8
633 8.4477251529242405e-8
634 2.8159083843080802e-8
635 5.6318167686161603e-8
637 1.1263633537232321e-7
638 1.4079541921540402e-7
639 1.9711358690156562e-7
640 5.6318167686161603e-8
641 5.6318167686161603e-8
642 5.6318167686161603e-8
643 2.8159083843080802e-8
644 5.6318167686161603e-8
645 5.6318167686161603e-8
646 2.8159083843080802e-8
647 1.1263633537232321e-7
648 1.1263633537232321e-7
649 1.1263633537232321e-7
650 8.4477251529242405e-8
651 1.6895450305848481e-7
652 5.6318167686161603e-8
653 8.4477251529242405e-8
654 5.6318167686161603e-8
655 5.6318167686161603e-8
656 2.8159083843080802e-8
657 8.4477251529242405e-8
658 1.4079541921540402e-7
659 5.6318167686161603e-8
660 1.1263633537232321e-7
661 8.4477251529242405e-8
662 1.6895450305848481e-7
663 8.4477251529242405e-8
664 1.4079541921540402e-7
665 1.9711358690156562e-7
666 8.4477251529242405e-8
667 1.4079541921540402e-7
668 2.8159083843080802e-8
669 1.9711358690156562e-7
670 1.4079541921540402e-7
671 5.6318167686161603e-8
672 1.4079541921540402e-7
673 1.6895450305848481e-7
674 8.4477251529242405e-8
675 1.4079541921540402e-7
676 8.4477251529242405e-8
677 1.9711358690156562e-7
678 1.6895450305848481e-7
679 8.4477251529242405e-8
680 1.6895450305848481e-7
681 1.1263633537232321e-7
682 2.8159083843080802e-8
683 8.4477251529242405e-8
684 1.9711358690156562e-7
685 1.6895450305848481e-7
686 1.4079541921540402e-7
687 1.6895450305848481e-7
688 1.4079541921540402e-7
689 2.2527267074464641e-7
690 8.4477251529242405e-8
691 1.4079541921540402e-7
692 1.9711358690156562e-7
693 1.6895450305848481e-7
694 1.1263633537232321e-7
695 1.6895450305848481e-7
696 1.9711358690156562e-7
697 1.4079541921540402e-7
698 1.1263633537232321e-7
699 8.4477251529242405e-8
700 1.4079541921540402e-7
701 1.1263633537232321e-7
702 1.9711358690156562e-7
703 1.4079541921540402e-7
704 2.8159083843080802e-8
705 2.2527267074464641e-7
706 3.3790900611696962e-7
707 1.6895450305848481e-7
708 8.4477251529242405e-8
709 3.0974992227388880e-7
710 2.8159083843080802e-8
711 1.6895450305848481e-7
712 3.9422717380313125e-7
713 1.4079541921540402e-7
714 2.2527267074464641e-7
715 3.0974992227388880e-7
716 1.4079541921540402e-7
717 1.4079541921540402e-7
718 1.1263633537232321e-7
719 1.1263633537232321e-7
720 1.1263633537232321e-7
721 1.4079541921540402e-7
722 1.1263633537232321e-7
723 1.9711358690156562e-7
724 2.5343175458772723e-7
725 3.6606808996005043e-7
726 2.5343175458772723e-7
727 2.2527267074464641e-7
728 2.8159083843080804e-7
729 2.2527267074464641e-7
730 2.5343175458772723e-7
731 1.6895450305848481e-7
732 2.2527267074464641e-7
733 2.8159083843080804e-7
734 3.0974992227388880e-7
735 1.9711358690156562e-7
736 2.8159083843080804e-7
737 2.2527267074464641e-7
738 3.0974992227388880e-7
739 3.0974992227388880e-7
740 3.9422717380313125e-7
741 3.0974992227388880e-7
742 1.9711358690156562e-7
743 1.1263633537232321e-7
744 1.4079541921540402e-7
745 2.8159083843080804e-7
746 5.0686350917545445e-7
747 3.0974992227388880e-7
748 3.0974992227388880e-7
749 3.0974992227388880e-7
750 1.9711358690156562e-7
751 4.2238625764621201e-7
752 3.6606808996005043e-7
753 2.8159083843080804e-7
754 5.6318167686161608e-7
755 2.5343175458772723e-7
756 1.4079541921540402e-7
757 3.6606808996005043e-7
758 1.4079541921540402e-7
759 3.6606808996005043e-7
760 2.8159083843080804e-7
761 3.3790900611696962e-7
762 3.3790900611696962e-7
763 3.3790900611696962e-7
764 1.9711358690156562e-7
765 4.5054534148929283e-7
766 4.2238625764621201e-7
767 4.2238625764621201e-7
768 3.3790900611696962e-7
769 4.7870442533237364e-7
770 4.5054534148929283e-7
771 3.0974992227388880e-7
772 3.6606808996005043e-7
773 3.3790900611696962e-7
774 4.5054534148929283e-7
775 3.3790900611696962e-7
776 3.0974992227388880e-7
777 4.2238625764621201e-7
778 4.7870442533237364e-7
779 3.6606808996005043e-7
780 2.8159083843080804e-7
781 2.8159083843080804e-7
782 5.0686350917545445e-7
783 4.7870442533237364e-7
784 5.6318167686161608e-7
785 3.6606808996005043e-7
786 3.9422717380313125e-7
787 6.1949984454777761e-7
788 6.7581801223393924e-7
789 3.3790900611696962e-7
790 3.3790900611696962e-7
791 5.6318167686161608e-7
792 5.0686350917545445e-7
793 5.3502259301853527e-7
794 5.3502259301853527e-7
795 5.3502259301853527e-7
796 4.7870442533237364e-7
797 2.8159083843080804e-7
798 3.0974992227388880e-7
799 5.3502259301853527e-7
800 5.3502259301853527e-7
801 6.1949984454777761e-7
802 5.0686350917545445e-7
803 4.5054534148929283e-7
804 3.9422717380313125e-7
805 6.4765892839085842e-7
806 4.5054534148929283e-7
807 6.7581801223393924e-7
808 5.6318167686161608e-7
809 3.9422717380313125e-7
810 5.0686350917545445e-7
811 5.9134076070469679e-7
812 4.7870442533237364e-7
813 5.6318167686161608e-7
814 5.9134076070469679e-7
815 5.9134076070469679e-7
816 7.8845434760626250e-7
817 5.3502259301853527e-7
818 4.5054534148929283e-7
819 8.7293159913550484e-7
820 7.8845434760626250e-7
821 3.6606808996005043e-7
822 6.7581801223393924e-7
823 5.6318167686161608e-7
824 6.1949984454777761e-7
825 7.8845434760626250e-7
826 8.7293159913550484e-7
827 5.6318167686161608e-7
828 5.0686350917545445e-7
829 8.7293159913550484e-7
830 9.8556793450782810e-7
831 7.3213617992010087e-7
832 6.7581801223393924e-7
833 7.0397709607702005e-7
834 6.7581801223393924e-7
835 7.0397709607702005e-7
836 3.9422717380313125e-7
837 7.8845434760626250e-7
838 8.7293159913550484e-7
839 8.4477251529242402e-7
840 8.1661343144934321e-7
841 7.8845434760626250e-7
842 5.0686350917545445e-7
843 7.0397709607702005e-7
844 8.4477251529242402e-7
845 5.9134076070469679e-7
846 7.3213617992010087e-7
847 6.7581801223393924e-7
848 5.3502259301853527e-7
849 6.1949984454777761e-7
850 6.7581801223393924e-7
851 7.0397709607702005e-7
852 7.3213617992010087e-7
853 6.7581801223393924e-7
854 8.4477251529242402e-7
855 6.7581801223393924e-7
856 7.3213617992010087e-7
857 7.8845434760626250e-7
858 9.2924976682166647e-7
859 6.1949984454777761e-7
860 6.4765892839085842e-7
861 0.0000010137270183509089
862 7.0397709607702005e-7
863 7.3213617992010087e-7
864 8.7293159913550484e-7
865 7.0397709607702005e-7
866 5.9134076070469679e-7
867 8.1661343144934321e-7
868 7.3213617992010087e-7
869 0.0000010137270183509089
870 8.7293159913550484e-7
871 8.1661343144934321e-7
872 0.0000010700451860370705
873 0.0000010137270183509089
874 7.3213617992010087e-7
875 0.0000010137270183509089
876 0.0000010137270183509089
877 0.0000010137270183509089
878 8.7293159913550484e-7
879 5.9134076070469679e-7
880 0.0000011263633537232322
881 0.0000010137270183509089
882 7.0397709607702005e-7
883 0.0000012108406052524744
884 0.0000010700451860370705
885 0.0000010418861021939897
886 8.4477251529242402e-7
887 0.0000011263633537232322
888 0.0000010418861021939897
889 0.0000012389996890955552
890 0.0000010700451860370705
891 0.0000011826815214093936
892 0.0000010982042698801514
893 0.0000011826815214093936
894 0.000001154522437566313
895 0.0000010418861021939897
896 0.0000013797951083109593
897 0.0000010700451860370705
898 9.5740885066474728e-7
899 0.0000013797951083109593
900 9.8556793450782810e-7
901 0.0000011826815214093936
902 0.0000015487496113694442
903 0.0000013516360244678785
904 0.0000012389996890955552
905 0.0000010418861021939897
906 0.0000011826815214093936
907 0.000001154522437566313
908 0.000001267158772938636
909 0.0000010700451860370705
910 0.0000012953178567817168
911 0.0000010137270183509089
912 0.0000014642723598402017
913 8.1661343144934321e-7
914 0.0000010982042698801514
915 0.0000013234769406247977
916 9.5740885066474728e-7
917 0.0000015487496113694442
918 0.0000016050677790556058
919 0.0000013234769406247977
920 0.0000013797951083109593
921 0.0000015205905275263634
922 0.0000015205905275263634
923 0.0000013797951083109593
924 0.0000010700451860370705
925 0.000001576908695212525
926 0.0000016613859467417672
927 0.0000012108406052524744
928 0.0000014079541921540401
929 0.0000014642723598402017
930 0.0000013516360244678785
931 0.0000014924314436832826
932 0.0000015487496113694442
933 0.0000016332268628986864
934 0.0000014642723598402017
935 0.0000017458631982710097
936 0.0000014924314436832826
937 0.0000016050677790556058
938 0.0000017177041144279289
939 0.0000016050677790556058
940 0.0000013797951083109593
941 0.0000015205905275263634
942 0.0000016613859467417672
943 0.0000015487496113694442
944 0.0000021119312882310601
945 0.0000021682494559172217
946 0.0000014642723598402017
947 0.000001576908695212525
948 0.0000013516360244678785
949 0.0000018303404498002521
950 0.0000013516360244678785
951 0.0000014924314436832826
952 0.0000014361132759971209
953 0.0000016332268628986864
954 0.0000021119312882310601
955 0.0000016613859467417672
956 0.0000015205905275263634
957 0.0000018866586174864137
958 0.000001689545030584848
959 0.0000018584995336433329
960 0.0000016613859467417672
961 0.0000019992949528587368
962 0.0000016050677790556058
963 0.0000017740222821140905
964 0.0000014642723598402017
965 0.0000018303404498002521
966 0.0000020556131205448984
967 0.0000014361132759971209
968 0.0000017177041144279289
969 0.0000018866586174864137
970 0.0000021400903720741411
971 0.0000017177041144279289
972 0.0000019429767851725752
973 0.0000021964085397603027
974 0.0000014642723598402017
975 0.0000020556131205448984
976 0.0000020837722043879794
977 0.0000019992949528587368
978 0.0000022527267074464643
979 0.000002309044875132626
980 0.0000020556131205448984
981 0.0000020556131205448984
982 0.0000017177041144279289
983 0.0000020837722043879794
984 0.0000020556131205448984
985 0.0000018866586174864137
986 0.0000022808857912895449
987 0.0000019992949528587368
988 0.0000021682494559172217
989 0.0000018303404498002521
990 0.0000026187947974065147
991 0.000001689545030584848
992 0.0000024498402943480298
993 0.0000020556131205448984
994 0.0000023653630428187872
995 0.0000020274540367018178
996 0.0000022808857912895449
997 0.0000025061584620341915
998 0.0000020556131205448984
999 0.0000019711358690156562
1000 0.0000019711358690156562
1001 0.0000022808857912895449
1002 0.000002309044875132626
1003 0.0000024498402943480298
1004 0.0000019711358690156562
1005 0.0000020274540367018178
1006 0.0000024216812105049488
1007 0.0000024498402943480298
1008 0.0000016613859467417672
1009 0.000002309044875132626
1010 0.0000020274540367018178
1011 0.0000021682494559172217
1012 0.0000024779993781911104
1013 0.0000020837722043879794
1014 0.0000021400903720741411
1015 0.0000023935221266618682
1016 0.0000022245676236033833
1017 0.0000022527267074464643
1018 0.0000026751129650926763
1019 0.0000023372039589757066
1020 0.0000022527267074464643
1021 0.0000027877493004649996
1022 0.0000023653630428187872
1023 0.0000024498402943480298
1024 0.000003125658306581969
1025 0.000002731431132778838
1026 0.0000023372039589757066
1027 0.0000021964085397603027
1028 0.0000026751129650926763
1029 0.0000025061584620341915
1030 0.0000026751129650926763
1031 0.0000024216812105049488
1032 0.0000026187947974065147
1033 0.0000029003856358373224
1034 0.0000023935221266618682
1035 0.0000026187947974065147
1036 0.0000023935221266618682
1037 0.000002703272048935757
1038 0.0000030411810550527267
1039 0.0000025624766297203531
1040 0.000003125658306581969
1041 0.0000026187947974065147
1042 0.0000028440674681511608
1043 0.0000029848628873665651
1044 0.0000037169990672866659
1045 0.000003125658306581969
1046 0.0000028159083843080802
1047 0.0000027595902166219186
1048 0.0000025061584620341915
1049 0.0000031819764742681306
1050 0.0000027595902166219186
1051 0.0000028159083843080802
1052 0.0000024498402943480298
1053 0.0000030130219712096457
1054 0.0000024779993781911104
1055 0.0000025624766297203531
1056 0.0000029003856358373224
1057 0.0000028440674681511608
1058 0.0000032101355581112116
1059 0.000003548044564228181
1060 0.0000028722265519942418
1061 0.0000034072491450127771
1062 0.0000026751129650926763
1063 0.000002731431132778838
1064 0.0000023653630428187872
1065 0.0000029848628873665651
1066 0.0000027877493004649996
1067 0.0000025343175458772721
1068 0.0000023653630428187872
1069 0.0000027877493004649996
1070 0.0000030411810550527267
1071 0.0000027877493004649996
1072 0.0000032664537257973728
1073 0.0000029567038035234841
1074 0.0000029567038035234841
1075 0.0000026187947974065147
1076 0.0000026469538812495953
1077 0.0000028440674681511608
1078 0.0000030693401388958073
1079 0.000003125658306581969
1080 0.0000028440674681511608
1081 0.0000035198854803851004
1082 0.0000029003856358373224
1083 0.0000036606808996005042
1084 0.0000028159083843080802
1085 0.0000028440674681511608
1086 0.0000030130219712096457
1087 0.0000028722265519942418
1088 0.0000037169990672866659
1089 0.0000028440674681511608
1090 0.000003125658306581969
1091 0.0000028722265519942418
1092 0.0000034917263965420193
1093 0.00000315381739042505
1094 0.000003125658306581969
1095 0.0000027877493004649996
1096 0.000002703272048935757
1097 0.00000315381739042505
1098 0.0000034917263965420193
1099 0.00000315381739042505
1100 0.000002703272048935757
1101 0.0000034635673126989387
1102 0.0000029567038035234841
1103 0.0000033790900611696961
1104 0.0000035198854803851004
1105 0.0000037451581511297465
1106 0.0000036606808996005042
1107 0.0000027595902166219186
1108 0.00000315381739042505
1109 0.0000025343175458772721
1110 0.0000030974992227388884
1111 0.0000034354082288558577
1112 0.0000035198854803851004
1113 0.0000030693401388958073
1114 0.0000034635673126989387
1115 0.0000034072491450127771
1116 0.0000030974992227388884
1117 0.0000032101355581112116
1118 0.000003125658306581969
1119 0.0000036606808996005042
1120 0.0000035198854803851004
1121 0.0000026469538812495953
1122 0.0000029003856358373224
1123 0.0000036888399834435853
1124 0.0000036888399834435853
1125 0.0000034635673126989387
1126 0.0000032664537257973728
1127 0.0000026187947974065147
1128 0.0000033790900611696961
1129 0.0000033227718934835345
1130 0.0000036325218157574236
1131 0.0000029848628873665651
1132 0.0000029848628873665651
1133 0.0000030130219712096457
1134 0.0000032664537257973728
1135 0.000003576203648071262
1136 0.000003548044564228181
1137 0.0000029567038035234841
1138 0.000003970430821874393
1139 0.0000033790900611696961
1140 0.0000032101355581112116
1141 0.0000029285447196804035
1142 0.0000034917263965420193
1143 0.0000031819764742681306
1144 0.0000037733172349728275
1145 0.000003576203648071262
1146 0.0000036888399834435853
1147 0.0000032382946419542922
1148 0.0000035198854803851004
1149 0.0000036888399834435853
1150 0.0000033790900611696961
1151 0.0000038296354026589891
1152 0.0000036888399834435853
1153 0.0000036325218157574236
1154 0.0000034635673126989387
1155 0.0000039422717380313124
1156 0.0000030411810550527267
1157 0.0000033790900611696961
1158 0.0000037169990672866659
1159 0.0000030974992227388884
1160 0.0000032664537257973728
1161 0.0000037451581511297465
1162 0.0000030974992227388884
1163 0.0000039985899057174736
1164 0.0000034635673126989387
1165 0.0000036043627319143426
1166 0.0000037733172349728275
1167 0.0000036606808996005042
1168 0.0000031819764742681306
1169 0.0000034072491450127771
1170 0.0000035198854803851004
1171 0.0000036888399834435853
1172 0.0000043928170795206054
1173 0.0000032946128096404539
1174 0.000003548044564228181
1175 0.0000034917263965420193
1176 0.0000039985899057174736
1177 0.00000315381739042505
1178 0.0000036325218157574236
1179 0.0000035198854803851004
1180 0.0000034635673126989387
1181 0.0000033227718934835345
1182 0.0000033509309773266155
1183 0.0000029848628873665651
1184 0.0000036043627319143426
1185 0.0000036325218157574236
1186 0.0000037169990672866659
1187 0.0000033227718934835345
1188 0.0000029567038035234841
1189 0.0000033509309773266155
1190 0.0000041675444087759589
1191 0.0000032946128096404539
1192 0.000003576203648071262
1193 0.0000030974992227388884
1194 0.0000034635673126989387
1195 0.0000030411810550527267
1196 0.0000033509309773266155
1197 0.0000037451581511297465
1198 0.00000315381739042505
1199 0.0000030693401388958073
1200 0.0000030411810550527267
1201 0.0000030130219712096457
1202 0.0000028440674681511608
1203 0.0000034354082288558577
1204 0.0000034635673126989387
1205 0.0000032101355581112116
1206 0.0000030974992227388884
1207 0.0000038859535703451503
1208 0.0000036606808996005042
1209 0.0000030693401388958073
1210 0.0000029003856358373224
1211 0.0000037169990672866659
1212 0.0000032382946419542922
1213 0.0000029567038035234841
1214 0.000003548044564228181
1215 0.0000032101355581112116
1216 0.0000036888399834435853
1217 0.0000035198854803851004
1218 0.0000032946128096404539
1219 0.0000034635673126989387
1220 0.0000033227718934835345
1221 0.0000033227718934835345
1222 0.0000033509309773266155
1223 0.0000030130219712096457
1224 0.0000037169990672866659
1225 0.0000034354082288558577
1226 0.0000030974992227388884
1227 0.0000034635673126989387
1228 0.0000032946128096404539
1229 0.0000030693401388958073
1230 0.0000031819764742681306
1231 0.0000033509309773266155
1232 0.0000033509309773266155
1233 0.0000033227718934835345
1234 0.0000031819764742681306
1235 0.0000030411810550527267
1236 0.0000034635673126989387
1237 0.0000029003856358373224
1238 0.0000033509309773266155
1239 0.0000035198854803851004
1240 0.00000315381739042505
1241 0.0000039141126541882318
1242 0.0000035198854803851004
1243 0.0000030974992227388884
1244 0.0000032382946419542922
1245 0.0000037451581511297465
1246 0.0000030693401388958073
1247 0.0000033227718934835345
1248 0.0000025624766297203531
1249 0.0000027877493004649996
1250 0.0000036043627319143426
1251 0.0000032664537257973728
1252 0.0000036606808996005042
1253 0.0000035198854803851004
1254 0.0000028159083843080802
1255 0.0000030693401388958073
1256 0.0000028159083843080802
1257 0.0000030974992227388884
1258 0.0000029285447196804035
1259 0.0000028159083843080802
1260 0.0000033509309773266155
1261 0.0000030411810550527267
1262 0.0000026751129650926763
1263 0.0000029848628873665651
1264 0.0000028440674681511608
1265 0.0000025624766297203531
1266 0.0000030693401388958073
1267 0.0000028159083843080802
1268 0.0000025624766297203531
1269 0.0000028159083843080802
1270 0.0000027595902166219186
1271 0.0000024498402943480298
1272 0.0000026469538812495953
1273 0.0000031819764742681306
1274 0.0000025624766297203531
1275 0.000002703272048935757
1276 0.0000029003856358373224
1277 0.000003548044564228181
1278 0.0000024498402943480298
1279 0.0000025061584620341915
1280 0.0000028722265519942418
1281 0.0000023653630428187872
1282 0.0000026469538812495953
1283 0.000002731431132778838
1284 0.0000027595902166219186
1285 0.0000025906357135634337
1286 0.00000315381739042505
1287 0.0000029848628873665651
1288 0.0000025906357135634337
1289 0.0000029285447196804035
1290 0.0000027877493004649996
1291 0.0000023372039589757066
1292 0.000002731431132778838
1293 0.0000025061584620341915
1294 0.0000028159083843080802
1295 0.0000024498402943480298
1296 0.000002703272048935757
1297 0.0000025061584620341915
1298 0.0000029567038035234841
1299 0.0000022808857912895449
1300 0.0000025061584620341915
1301 0.0000030130219712096457
1302 0.0000024216812105049488
1303 0.000002731431132778838
1304 0.0000019148177013294946
1305 0.0000023372039589757066
1306 0.0000024216812105049488
1307 0.0000022808857912895449
1308 0.0000022808857912895449
1309 0.0000025906357135634337
1310 0.0000026751129650926763
1311 0.0000021682494559172217
1312 0.0000019148177013294946
1313 0.000002309044875132626
1314 0.0000022245676236033833
1315 0.0000027877493004649996
1316 0.0000019148177013294946
1317 0.0000019429767851725752
1318 0.0000019148177013294946
1319 0.0000021119312882310601
1320 0.0000026751129650926763
1321 0.0000021400903720741411
1322 0.0000018584995336433329
1323 0.0000023935221266618682
1324 0.0000019429767851725752
1325 0.0000020837722043879794
1326 0.0000022808857912895449
1327 0.0000022527267074464643
1328 0.0000016613859467417672
1329 0.0000018303404498002521
1330 0.000002309044875132626
1331 0.000002309044875132626
1332 0.0000020274540367018178
1333 0.0000017177041144279289
1334 0.0000015487496113694442
1335 0.0000018303404498002521
1336 0.0000017177041144279289
1337 0.0000019429767851725752
1338 0.0000018584995336433329
1339 0.0000018303404498002521
1340 0.0000016050677790556058
1341 0.000001576908695212525
1342 0.0000017458631982710097
1343 0.0000019148177013294946
1344 0.0000018866586174864137
1345 0.0000016613859467417672
1346 0.0000019992949528587368
1347 0.0000016050677790556058
1348 0.0000018303404498002521
1349 0.0000019711358690156562
1350 0.0000018584995336433329
1351 0.0000013797951083109593
1352 0.0000014924314436832826
1353 0.0000013797951083109593
1354 0.0000018866586174864137
1355 0.0000014642723598402017
1356 0.0000018021813659571713
1357 0.0000014079541921540401
1358 0.0000018303404498002521
1359 0.0000015487496113694442
1360 0.000001689545030584848
1361 0.0000016050677790556058
1362 0.0000013797951083109593
1363 0.0000015205905275263634
1364 8.7293159913550484e-7
1365 0.0000016332268628986864
1366 0.0000014924314436832826
1367 0.0000013516360244678785
1368 0.0000014642723598402017
1369 0.0000012389996890955552
1370 0.0000011826815214093936
1371 0.0000010700451860370705
1372 0.0000012108406052524744
1373 0.0000010700451860370705
1374 0.0000014924314436832826
1375 0.0000010418861021939897
1376 9.2924976682166647e-7
1377 0.0000013234769406247977
1378 0.0000012389996890955552
1379 0.0000012953178567817168
1380 0.0000010700451860370705
1381 9.8556793450782810e-7
1382 0.0000012953178567817168
1383 9.2924976682166647e-7
1384 9.0109068297858565e-7
1385 8.7293159913550484e-7
1386 9.0109068297858565e-7
1387 0.0000011263633537232322
1388 0.0000011826815214093936
1389 0.0000010700451860370705
1390 0.0000010418861021939897
1391 8.1661343144934321e-7
1392 7.6029526376318168e-7
1393 8.4477251529242402e-7
1394 9.5740885066474728e-7
1395 9.8556793450782810e-7
1396 5.3502259301853527e-7
1397 9.8556793450782810e-7
1398 6.4765892839085842e-7
1399 7.3213617992010087e-7
1400 7.0397709607702005e-7
1401 7.8845434760626250e-7
1402 4.5054534148929283e-7
1403 8.1661343144934321e-7
1404 5.0686350917545445e-7
1405 5.0686350917545445e-7
1406 5.6318167686161608e-7
1407 7.3213617992010087e-7
1408 7.3213617992010087e-7
1409 7.6029526376318168e-7
1410 5.9134076070469679e-7
1411 6.4765892839085842e-7
1412 7.0397709607702005e-7
1413 8.4477251529242402e-7
1414 6.4765892839085842e-7
1415 6.4765892839085842e-7
1416 7.0397709607702005e-7
1417 4.2238625764621201e-7
1418 5.3502259301853527e-7
1419 5.3502259301853527e-7
1420 4.2238625764621201e-7
1421 6.1949984454777761e-7
1422 6.1949984454777761e-7
1423 4.7870442533237364e-7
1424 5.9134076070469679e-7
1425 7.3213617992010087e-7
1426 4.5054534148929283e-7
1427 5.9134076070469679e-7
1428 4.5054534148929283e-7
1429 5.6318167686161608e-7
1430 4.7870442533237364e-7
1431 5.3502259301853527e-7
1432 5.0686350917545445e-7
1433 3.9422717380313125e-7
1434 4.2238625764621201e-7
1435 1.9711358690156562e-7
1436 5.0686350917545445e-7
1437 2.8159083843080804e-7
1438 3.6606808996005043e-7
1439 4.5054534148929283e-7
1440 3.6606808996005043e-7
1441 5.6318167686161608e-7
1442 5.9134076070469679e-7
1443 1.4079541921540402e-7
1444 1.1263633537232321e-7
1445 1.9711358690156562e-7
1446 3.0974992227388880e-7
1447 2.8159083843080804e-7
1448 3.9422717380313125e-7
1449 2.8159083843080804e-7
1450 1.6895450305848481e-7
1451 2.5343175458772723e-7
1452 3.0974992227388880e-7
1453 2.5343175458772723e-7
1454 3.3790900611696962e-7
1455 1.4079541921540402e-7
1456 1.9711358690156562e-7
1457 1.1263633537232321e-7
1458 8.4477251529242405e-8
1459 2.2527267074464641e-7
1460 1.9711358690156562e-7
1461 2.5343175458772723e-7
1462 3.3790900611696962e-7
1463 2.5343175458772723e-7
1464 1.9711358690156562e-7
1465 8.4477251529242405e-8
1466 3.6606808996005043e-7
1467 1.9711358690156562e-7
1468 5.6318167686161603e-8
1469 1.6895450305848481e-7
1470 1.6895450305848481e-7
1471 8.4477251529242405e-8
1472 1.4079541921540402e-7
1473 2.2527267074464641e-7
1474 1.1263633537232321e-7
1475 1.4079541921540402e-7
1476 1.4079541921540402e-7
1477 1.6895450305848481e-7
1478 1.9711358690156562e-7
1479 1.1263633537232321e-7
1480 1.4079541921540402e-7
1481 5.6318167686161603e-8
1482 8.4477251529242405e-8
1483 1.6895450305848481e-7
1484 2.8159083843080802e-8
1485 5.6318167686161603e-8
1486 2.8159083843080802e-8
1487 8.4477251529242405e-8
1488 2.8159083843080802e-8
1489 8.4477251529242405e-8
1490 1.1263633537232321e-7
1491 1.1263633537232321e-7
1492 8.4477251529242405e-8
1493 2.8159083843080802e-8
1494 5.6318167686161603e-8
1495 8.4477251529242405e-8
1496 2.8159083843080802e-8
1497 1.4079541921540402e-7
1498 1.9711358690156562e-7
1499 2.8159083843080802e-8
1500 8.4477251529242405e-8
1501 8.4477251529242405e-8
1502 8.4477251529242405e-8
1503 1.4079541921540402e-7
1504 8.4477251529242405e-8
1505 8.4477251529242405e-8
1506 1.1263633537232321e-7
1508 5.6318167686161603e-8
1509 8.4477251529242405e-8
1510 5.6318167686161603e-8
1511 2.8159083843080802e-8
1512 5.6318167686161603e-8
1513 8.4477251529242405e-8
1514 2.8159083843080802e-8
1516 8.4477251529242405e-8
1517 8.4477251529242405e-8
1518 2.8159083843080802e-8
1519 2.8159083843080802e-8
1520 2.8159083843080802e-8
1521 8.4477251529242405e-8
1522 8.4477251529242405e-8
1523 5.6318167686161603e-8
1525 2.8159083843080802e-8
1526 2.8159083843080802e-8
1527 2.8159083843080802e-8
1528 2.8159083843080802e-8
1529 5.6318167686161603e-8
1531 2.8159083843080802e-8
1534 2.8159083843080802e-8
1535 2.8159083843080802e-8
1536 5.6318167686161603e-8
1538 2.8159083843080802e-8
1540 2.8159083843080802e-8
1542 2.8159083843080802e-8
1543 2.8159083843080802e-8
1544 2.8159083843080802e-8
1545 2.8159083843080802e-8
1546 2.8159083843080802e-8
1547 2.8159083843080802e-8
1549 8.4477251529242405e-8
1555 2.8159083843080802e-8
1562 5.6318167686161603e-8
1564 2.8159083843080802e-8
1566 2.8159083843080802e-8
1567 2.8159083843080802e-8
1570 2.8159083843080802e-8
1574 2.8159083843080802e-8
1576 2.8159083843080802e-8
1584 2.8159083843080802e-8
1590 2.8159083843080802e-8
1595 2.8159083843080802e-8
