1 0.92183150877211861
2 0.052416990083178391
3 0.011762845190888617
4 0.0047137699458964771
5 0.0024206436715237313
6 0.0014338857486853554
7 0.00093133196961189791
8 0.0006275575275520403
9 0.0004517278029174764
10 0.00033315899504024438
11 0.00025749817000092528
12 0.00019850283565963557
13 0.0001589380055560182
14 0.00012892504040753081
15 0.00010869016859468966
16 0.000093331775206309604
17 0.000078149337224997723
18 0.000065103500615228081
19 0.000058090420819224744
20 0.000052836895093903254
21 0.000046401954492552527
22 0.000039765921997409582
23 0.000035819493581737457
24 0.000030943015157276359
25 0.000028630458378665938
26 0.000026066536732815257
27 0.000024080754281617183
28 0.000021064375874734028
29 0.000020058916405772976
30 0.000019028320450087897
31 0.00001671576367147748
32 0.000015282983928207983
33 0.00001407643256545472
34 0.000012945290662873538
35 0.000012392287954944959
36 0.000012065513627532618
37 0.000010909235238227408
38 0.000011110327132019619
39 0.0000093256365746137525
40 0.000010130004149782593
41 0.0000082699041322046478
42 0.0000078174473711721746
43 0.0000075409460172078861
44 0.000006912533849107229
45 0.0000062338487075585192
46 0.0000061081662739383873
47 0.0000065103500615228078
48 0.0000056808459996299405
49 0.0000053289351854935728
50 0.0000054294811323896775
51 0.0000050021608580812307
52 0.0000045245676103247311
53 0.000004273202743084469
54 0.0000044491581501526528
55 0.0000035945176015357588
56 0.0000034185621944675749
57 0.0000033934257077435486
58 0.0000031923338139513383
59 0.0000030163784068831545
60 0.0000027901500263669179
61 0.0000030415148936071805
62 0.0000030666513803312069
63 0.0000027398770529188651
64 0.0000025890581325747073
65 0.0000027650135396428915
66 0.0000021114648848182081
67 0.0000026896040794708128
68 0.000002010918937922103
69 0.0000023879662387824971
70 0.0000021114648848182081
71 0.000002036055424646129
72 0.000002010918937922103
73 0.0000019857824511980766
74 0.0000021114648848182081
75 0.0000020611919113701553
76 0.0000015584621768896298
77 0.0000016087351503376824
78 0.0000016087351503376824
79 0.0000015584621768896298
80 0.0000014327797432694983
81 0.0000015333256901656034
82 0.0000016590081237857349
83 0.0000013070973096493668
84 0.0000013322337963733932
85 0.0000010557324424091041
86 0.0000015081892034415773
87 0.0000011060054158571566
88 9.3005000878897257e-7
89 0.0000011311419025811828
90 9.5518649551299895e-7
91 9.0491352206494629e-7
92 0.0000013322337963733932
93 9.5518649551299895e-7
94 0.0000010305959556850777
95 9.8032298223702512e-7
96 9.0491352206494629e-7
97 8.0436757516884118e-7
98 8.5464054861689374e-7
99 0.0000010305959556850777
100 6.0327568137663086e-7
101 9.5518649551299895e-7
102 5.2786622120455203e-7
103 9.3005000878897257e-7
104 6.7868514154870969e-7
105 7.0382162827273597e-7
106 6.7868514154870969e-7
107 5.5300270792857831e-7
108 7.2895811499676224e-7
109 6.7868514154870969e-7
110 6.2841216810065714e-7
111 6.7868514154870969e-7
112 5.2786622120455203e-7
113 7.2895811499676224e-7
114 3.5191081413636798e-7
115 5.5300270792857831e-7
116 5.2786622120455203e-7
117 5.0272973448052575e-7
118 4.5245676103247314e-7
119 4.2732027430844687e-7
120 4.2732027430844687e-7
121 5.2786622120455203e-7
122 3.5191081413636798e-7
123 4.5245676103247314e-7
124 5.7813919465260458e-7
125 5.0272973448052575e-7
126 6.7868514154870969e-7
127 6.2841216810065714e-7
128 2.5136486724026288e-7
129 4.0218378758442059e-7
130 4.7759324775649947e-7
131 4.5245676103247314e-7
132 4.0218378758442059e-7
133 2.7650135396428915e-7
134 2.7650135396428915e-7
135 5.2786622120455203e-7
136 3.7704730086039431e-7
137 2.2622838051623657e-7
138 3.0163784068831543e-7
139 2.2622838051623657e-7
140 2.7650135396428915e-7
141 3.0163784068831543e-7
142 2.5136486724026288e-7
143 3.0163784068831543e-7
144 3.5191081413636798e-7
145 1.7595540706818399e-7
146 2.7650135396428915e-7
147 3.0163784068831543e-7
148 2.0109189379221030e-7
149 3.2677432741234171e-7
150 2.5136486724026288e-7
151 1.7595540706818399e-7
152 2.0109189379221030e-7
153 7.5409460172078857e-8
154 3.0163784068831543e-7
155 4.2732027430844687e-7
156 1.5081892034415771e-7
157 3.0163784068831543e-7
158 2.0109189379221030e-7
159 3.0163784068831543e-7
160 1.0054594689610515e-7
161 1.7595540706818399e-7
162 2.2622838051623657e-7
163 1.7595540706818399e-7
164 2.0109189379221030e-7
165 1.2568243362013144e-7
166 1.5081892034415771e-7
167 2.5136486724026288e-7
168 1.5081892034415771e-7
169 2.5136486724026287e-8
170 1.0054594689610515e-7
171 1.7595540706818399e-7
172 1.0054594689610515e-7
173 1.0054594689610515e-7
174 1.5081892034415771e-7
175 2.0109189379221030e-7
176 1.7595540706818399e-7
177 1.5081892034415771e-7
178 7.5409460172078857e-8
179 1.2568243362013144e-7
180 1.5081892034415771e-7
181 1.0054594689610515e-7
182 7.5409460172078857e-8
183 7.5409460172078857e-8
184 1.2568243362013144e-7
185 7.5409460172078857e-8
186 1.5081892034415771e-7
187 1.0054594689610515e-7
188 1.2568243362013144e-7
190 7.5409460172078857e-8
192 5.0272973448052574e-8
193 7.5409460172078857e-8
194 5.0272973448052574e-8
195 5.0272973448052574e-8
196 1.5081892034415771e-7
197 5.0272973448052574e-8
198 1.2568243362013144e-7
199 1.0054594689610515e-7
200 1.0054594689610515e-7
202 7.5409460172078857e-8
203 1.0054594689610515e-7
204 1.2568243362013144e-7
205 1.7595540706818399e-7
206 7.5409460172078857e-8
207 7.5409460172078857e-8
208 7.5409460172078857e-8
209 1.0054594689610515e-7
210 7.5409460172078857e-8
211 2.5136486724026287e-8
212 1.5081892034415771e-7
213 1.2568243362013144e-7
214 1.0054594689610515e-7
216 1.0054594689610515e-7
217 1.0054594689610515e-7
218 2.5136486724026287e-8
221 2.5136486724026287e-8
223 1.2568243362013144e-7
224 5.0272973448052574e-8
225 2.5136486724026287e-8
226 2.5136486724026287e-8
227 5.0272973448052574e-8
228 2.5136486724026287e-8
229 2.5136486724026287e-8
230 2.5136486724026287e-8
231 5.0272973448052574e-8
232 2.5136486724026287e-8
233 2.5136486724026287e-8
234 5.0272973448052574e-8
237 2.5136486724026287e-8
238 2.5136486724026287e-8
239 2.5136486724026287e-8
240 1.0054594689610515e-7
241 1.0054594689610515e-7
242 2.5136486724026287e-8
243 1.0054594689610515e-7
244 7.5409460172078857e-8
245 5.0272973448052574e-8
246 5.0272973448052574e-8
247 5.0272973448052574e-8
248 2.5136486724026287e-8
250 7.5409460172078857e-8
251 2.5136486724026287e-8
253 2.5136486724026287e-8
256 5.0272973448052574e-8
257 5.0272973448052574e-8
258 2.5136486724026287e-8
259 2.5136486724026287e-8
261 5.0272973448052574e-8
262 2.5136486724026287e-8
264 2.5136486724026287e-8
268 2.5136486724026287e-8
272 2.5136486724026287e-8
273 2.5136486724026287e-8
275 2.5136486724026287e-8
277 7.5409460172078857e-8
278 2.5136486724026287e-8
280 2.5136486724026287e-8
282 5.0272973448052574e-8
284 2.5136486724026287e-8
287 5.0272973448052574e-8
288 2.5136486724026287e-8
291 2.5136486724026287e-8
292 5.0272973448052574e-8
298 2.5136486724026287e-8
303 2.5136486724026287e-8
309 2.5136486724026287e-8
321 2.5136486724026287e-8
322 7.5409460172078857e-8
330 2.5136486724026287e-8
332 2.5136486724026287e-8
339 2.5136486724026287e-8
349 2.5136486724026287e-8
352 2.5136486724026287e-8
353 2.5136486724026287e-8
354 2.5136486724026287e-8
356 2.5136486724026287e-8
451 2.5136486724026287e-8
489 2.5136486724026287e-8
527 2.5136486724026287e-8
542 2.5136486724026287e-8
569 2.5136486724026287e-8
586 2.5136486724026287e-8
592 2.5136486724026287e-8
604 2.5136486724026287e-8
623 2.5136486724026287e-8
625 5.0272973448052574e-8
626 2.5136486724026287e-8
630 2.5136486724026287e-8
635 5.0272973448052574e-8
649 2.5136486724026287e-8
650 5.0272973448052574e-8
654 2.5136486724026287e-8
655 2.5136486724026287e-8
662 2.5136486724026287e-8
663 2.5136486724026287e-8
670 5.0272973448052574e-8
672 5.0272973448052574e-8
676 2.5136486724026287e-8
677 2.5136486724026287e-8
679 2.5136486724026287e-8
680 2.5136486724026287e-8
682 2.5136486724026287e-8
684 2.5136486724026287e-8
685 5.0272973448052574e-8
688 2.5136486724026287e-8
691 2.5136486724026287e-8
694 2.5136486724026287e-8
695 2.5136486724026287e-8
698 2.5136486724026287e-8
699 2.5136486724026287e-8
704 2.5136486724026287e-8
706 2.5136486724026287e-8
707 5.0272973448052574e-8
708 2.5136486724026287e-8
712 2.5136486724026287e-8
713 5.0272973448052574e-8
714 5.0272973448052574e-8
716 2.5136486724026287e-8
719 2.5136486724026287e-8
721 2.5136486724026287e-8
722 5.0272973448052574e-8
723 2.5136486724026287e-8
724 2.5136486724026287e-8
725 2.5136486724026287e-8
726 7.5409460172078857e-8
727 2.5136486724026287e-8
729 5.0272973448052574e-8
730 5.0272973448052574e-8
731 5.0272973448052574e-8
732 2.5136486724026287e-8
733 2.5136486724026287e-8
734 5.0272973448052574e-8
735 5.0272973448052574e-8
736 2.5136486724026287e-8
738 2.5136486724026287e-8
740 7.5409460172078857e-8
741 5.0272973448052574e-8
742 5.0272973448052574e-8
744 2.5136486724026287e-8
745 2.5136486724026287e-8
747 2.5136486724026287e-8
750 2.5136486724026287e-8
751 2.5136486724026287e-8
752 2.5136486724026287e-8
753 7.5409460172078857e-8
754 2.5136486724026287e-8
756 5.0272973448052574e-8
758 2.5136486724026287e-8
761 5.0272973448052574e-8
762 1.0054594689610515e-7
763 2.5136486724026287e-8
764 2.5136486724026287e-8
765 2.5136486724026287e-8
767 7.5409460172078857e-8
768 1.0054594689610515e-7
769 5.0272973448052574e-8
771 7.5409460172078857e-8
772 5.0272973448052574e-8
773 7.5409460172078857e-8
774 2.5136486724026287e-8
775 2.5136486724026287e-8
778 5.0272973448052574e-8
779 7.5409460172078857e-8
780 7.5409460172078857e-8
782 7.5409460172078857e-8
783 5.0272973448052574e-8
784 2.5136486724026287e-8
785 5.0272973448052574e-8
786 2.5136486724026287e-8
787 2.5136486724026287e-8
789 7.5409460172078857e-8
790 7.5409460172078857e-8
791 5.0272973448052574e-8
792 1.5081892034415771e-7
793 7.5409460172078857e-8
794 1.2568243362013144e-7
795 2.5136486724026287e-8
796 2.5136486724026287e-8
797 7.5409460172078857e-8
798 7.5409460172078857e-8
799 5.0272973448052574e-8
800 5.0272973448052574e-8
801 2.5136486724026287e-8
802 5.0272973448052574e-8
803 7.5409460172078857e-8
804 7.5409460172078857e-8
805 7.5409460172078857e-8
806 2.5136486724026287e-8
807 1.0054594689610515e-7
808 1.2568243362013144e-7
809 5.0272973448052574e-8
810 5.0272973448052574e-8
811 2.5136486724026287e-8
812 2.5136486724026287e-8
813 2.5136486724026287e-8
814 2.5136486724026287e-8
815 5.0272973448052574e-8
816 2.5136486724026287e-8
817 5.0272973448052574e-8
818 1.2568243362013144e-7
820 7.5409460172078857e-8
821 7.5409460172078857e-8
822 7.5409460172078857e-8
823 7.5409460172078857e-8
824 5.0272973448052574e-8
825 5.0272973448052574e-8
826 5.0272973448052574e-8
827 2.5136486724026287e-8
828 5.0272973448052574e-8
829 2.5136486724026287e-8
830 2.5136486724026287e-8
831 2.5136486724026287e-8
832 1.0054594689610515e-7
833 2.0109189379221030e-7
834 2.5136486724026287e-8
835 1.0054594689610515e-7
836 1.2568243362013144e-7
837 7.5409460172078857e-8
838 1.7595540706818399e-7
839 5.0272973448052574e-8
840 1.2568243362013144e-7
841 1.0054594689610515e-7
842 5.0272973448052574e-8
843 1.0054594689610515e-7
844 7.5409460172078857e-8
845 7.5409460172078857e-8
846 2.5136486724026287e-8
848 1.0054594689610515e-7
849 1.0054594689610515e-7
850 1.0054594689610515e-7
851 7.5409460172078857e-8
852 1.0054594689610515e-7
853 1.2568243362013144e-7
854 1.0054594689610515e-7
855 1.5081892034415771e-7
856 1.0054594689610515e-7
857 7.5409460172078857e-8
858 1.2568243362013144e-7
859 1.7595540706818399e-7
860 7.5409460172078857e-8
861 7.5409460172078857e-8
862 1.2568243362013144e-7
863 2.0109189379221030e-7
864 1.7595540706818399e-7
865 1.5081892034415771e-7
866 1.7595540706818399e-7
867 2.5136486724026287e-8
868 1.2568243362013144e-7
869 1.2568243362013144e-7
870 1.2568243362013144e-7
871 2.0109189379221030e-7
872 1.0054594689610515e-7
873 1.7595540706818399e-7
874 2.5136486724026288e-7
875 1.5081892034415771e-7
876 1.7595540706818399e-7
877 1.0054594689610515e-7
878 1.2568243362013144e-7
879 1.7595540706818399e-7
880 1.0054594689610515e-7
881 2.0109189379221030e-7
882 7.5409460172078857e-8
883 1.2568243362013144e-7
884 1.5081892034415771e-7
885 1.2568243362013144e-7
886 2.0109189379221030e-7
887 7.5409460172078857e-8
888 1.5081892034415771e-7
889 1.7595540706818399e-7
890 5.0272973448052574e-8
891 2.0109189379221030e-7
892 2.2622838051623657e-7
893 2.5136486724026288e-7
894 2.0109189379221030e-7
895 2.7650135396428915e-7
896 1.7595540706818399e-7
897 1.0054594689610515e-7
898 2.2622838051623657e-7
899 2.7650135396428915e-7
900 1.0054594689610515e-7
901 1.7595540706818399e-7
902 1.2568243362013144e-7
903 2.0109189379221030e-7
904 1.5081892034415771e-7
905 1.5081892034415771e-7
906 2.2622838051623657e-7
907 2.0109189379221030e-7
908 1.0054594689610515e-7
909 2.2622838051623657e-7
910 1.2568243362013144e-7
911 3.2677432741234171e-7
912 5.0272973448052574e-8
913 7.5409460172078857e-8
914 1.7595540706818399e-7
915 1.2568243362013144e-7
916 3.7704730086039431e-7
917 2.0109189379221030e-7
918 2.0109189379221030e-7
919 2.7650135396428915e-7
920 2.0109189379221030e-7
921 1.5081892034415771e-7
922 2.2622838051623657e-7
923 3.5191081413636798e-7
924 1.7595540706818399e-7
925 1.5081892034415771e-7
926 1.7595540706818399e-7
927 2.2622838051623657e-7
928 2.2622838051623657e-7
929 2.7650135396428915e-7
930 1.0054594689610515e-7
931 2.2622838051623657e-7
932 1.7595540706818399e-7
933 2.7650135396428915e-7
934 3.0163784068831543e-7
935 4.5245676103247314e-7
936 3.0163784068831543e-7
937 1.7595540706818399e-7
938 4.0218378758442059e-7
939 2.7650135396428915e-7
940 2.2622838051623657e-7
941 2.5136486724026288e-7
942 3.5191081413636798e-7
943 3.7704730086039431e-7
944 2.0109189379221030e-7
945 3.5191081413636798e-7
946 4.2732027430844687e-7
947 2.0109189379221030e-7
948 2.7650135396428915e-7
949 3.0163784068831543e-7
950 1.7595540706818399e-7
951 4.0218378758442059e-7
952 2.7650135396428915e-7
953 2.0109189379221030e-7
954 3.7704730086039431e-7
955 5.0272973448052575e-7
956 2.5136486724026288e-7
957 5.0272973448052575e-7
958 3.5191081413636798e-7
959 2.5136486724026288e-7
960 2.2622838051623657e-7
961 3.2677432741234171e-7
962 4.2732027430844687e-7
963 3.5191081413636798e-7
964 2.0109189379221030e-7
965 3.0163784068831543e-7
966 3.7704730086039431e-7
967 2.7650135396428915e-7
968 4.5245676103247314e-7
969 4.0218378758442059e-7
970 3.2677432741234171e-7
971 2.7650135396428915e-7
972 2.2622838051623657e-7
973 3.0163784068831543e-7
974 3.5191081413636798e-7
975 4.0218378758442059e-7
976 3.0163784068831543e-7
977 3.5191081413636798e-7
978 3.2677432741234171e-7
979 4.2732027430844687e-7
980 2.2622838051623657e-7
981 4.5245676103247314e-7
982 2.7650135396428915e-7
983 5.0272973448052575e-7
984 4.5245676103247314e-7
985 4.2732027430844687e-7
986 3.2677432741234171e-7
987 3.5191081413636798e-7
988 4.7759324775649947e-7
989 4.7759324775649947e-7
990 4.2732027430844687e-7
991 4.5245676103247314e-7
992 5.7813919465260458e-7
993 4.0218378758442059e-7
994 4.0218378758442059e-7
995 5.5300270792857831e-7
996 4.5245676103247314e-7
997 3.2677432741234171e-7
998 6.2841216810065714e-7
999 4.5245676103247314e-7
1000 4.7759324775649947e-7
1001 6.2841216810065714e-7
1002 4.5245676103247314e-7
1003 4.7759324775649947e-7
1004 3.7704730086039431e-7
1005 6.5354865482468341e-7
1006 5.7813919465260458e-7
1007 5.7813919465260458e-7
1008 5.2786622120455203e-7
1009 5.5300270792857831e-7
1010 2.7650135396428915e-7
1011 6.0327568137663086e-7
1012 4.7759324775649947e-7
1013 5.2786622120455203e-7
1014 5.2786622120455203e-7
1015 5.2786622120455203e-7
1016 4.7759324775649947e-7
1017 5.0272973448052575e-7
1018 6.5354865482468341e-7
1019 4.5245676103247314e-7
1020 5.2786622120455203e-7
1021 5.2786622120455203e-7
1022 3.5191081413636798e-7
1023 5.0272973448052575e-7
1024 3.7704730086039431e-7
1025 5.0272973448052575e-7
1026 4.7759324775649947e-7
1027 5.2786622120455203e-7
1028 4.5245676103247314e-7
1029 5.7813919465260458e-7
1030 5.2786622120455203e-7
1031 5.7813919465260458e-7
1032 6.0327568137663086e-7
1033 5.7813919465260458e-7
1034 4.0218378758442059e-7
1035 6.7868514154870969e-7
1036 6.5354865482468341e-7
1037 3.7704730086039431e-7
1038 7.0382162827273597e-7
1039 7.5409460172078863e-7
1040 5.5300270792857831e-7
1041 4.7759324775649947e-7
1042 6.7868514154870969e-7
1043 5.0272973448052575e-7
1044 6.5354865482468341e-7
1045 7.0382162827273597e-7
1046 7.2895811499676224e-7
1047 6.7868514154870969e-7
1048 7.7923108844481490e-7
1049 5.7813919465260458e-7
1050 7.5409460172078863e-7
1051 6.2841216810065714e-7
1052 7.0382162827273597e-7
1053 7.0382162827273597e-7
1054 7.0382162827273597e-7
1055 5.7813919465260458e-7
1056 5.0272973448052575e-7
1057 6.7868514154870969e-7
1058 7.2895811499676224e-7
1059 9.0491352206494629e-7
1060 7.5409460172078863e-7
1061 7.7923108844481490e-7
1062 6.5354865482468341e-7
1063 8.0436757516884118e-7
1064 8.5464054861689374e-7
1065 8.7977703534092001e-7
1066 8.5464054861689374e-7
1067 6.0327568137663086e-7
1068 6.7868514154870969e-7
1069 0.0000010808689291331302
1070 9.5518649551299895e-7
1071 6.7868514154870969e-7
1072 7.5409460172078863e-7
1073 6.0327568137663086e-7
1074 0.0000011060054158571566
1075 9.5518649551299895e-7
1076 8.0436757516884118e-7
1077 8.7977703534092001e-7
1078 6.2841216810065714e-7
1079 9.5518649551299895e-7
1080 0.0000010305959556850777
1081 8.7977703534092001e-7
1082 0.0000010054594689610515
1083 0.0000011562783893052092
1084 9.0491352206494629e-7
1085 5.7813919465260458e-7
1086 6.7868514154870969e-7
1087 8.2950406189286746e-7
1088 7.7923108844481490e-7
1089 8.7977703534092001e-7
1090 6.5354865482468341e-7
1091 8.2950406189286746e-7
1092 9.3005000878897257e-7
1093 7.5409460172078863e-7
1094 8.7977703534092001e-7
1095 9.8032298223702512e-7
1096 9.5518649551299895e-7
1097 0.0000010808689291331302
1098 0.0000010305959556850777
1099 9.8032298223702512e-7
1100 0.0000010808689291331302
1101 8.7977703534092001e-7
1102 7.5409460172078863e-7
1103 0.0000012065513627532617
1104 0.0000011311419025811828
1105 9.3005000878897257e-7
1106 0.0000011060054158571566
1107 8.7977703534092001e-7
1108 9.3005000878897257e-7
1109 0.0000012065513627532617
1110 0.0000013070973096493668
1111 0.0000010054594689610515
1112 0.0000011814148760292355
1113 0.0000010305959556850777
1114 0.0000010305959556850777
1115 0.0000010305959556850777
1116 0.0000011562783893052092
1117 0.0000010054594689610515
1118 9.8032298223702512e-7
1119 0.0000011814148760292355
1120 9.3005000878897257e-7
1121 0.0000010808689291331302
1122 0.0000011060054158571566
1123 0.0000013070973096493668
1124 9.5518649551299895e-7
1125 0.0000012568243362013143
1126 9.5518649551299895e-7
1127 8.2950406189286746e-7
1128 0.0000010808689291331302
1129 0.0000011311419025811828
1130 0.0000012065513627532617
1131 0.0000012065513627532617
1132 0.0000010557324424091041
1133 0.0000015333256901656034
1134 0.0000011814148760292355
1135 0.0000012819608229253407
1136 0.0000012316878494772881
1137 0.0000010808689291331302
1138 0.0000014579162299935245
1139 0.0000015333256901656034
1140 0.0000014076432565454719
1141 0.0000010557324424091041
1142 0.0000019103729910259979
1143 0.0000012819608229253407
1144 0.0000011311419025811828
1145 0.0000010808689291331302
1146 0.0000014327797432694983
1147 0.0000013825067698214458
1148 0.0000012316878494772881
1149 0.0000010557324424091041
1150 0.0000011060054158571566
1151 0.0000014327797432694983
1152 0.0000013322337963733932
1153 0.0000010808689291331302
1154 0.0000015081892034415773
1155 0.0000013070973096493668
1156 0.000001583598663613656
1157 0.0000017846905574058664
1158 0.0000014076432565454719
1159 0.0000014327797432694983
1160 0.000001583598663613656
1161 0.0000013573702830974194
1162 0.0000012065513627532617
1163 0.0000010054594689610515
1164 0.0000018852365043019715
1165 0.0000014579162299935245
1166 0.0000014830527167175509
1167 0.0000015584621768896298
1168 0.0000014579162299935245
1169 0.0000014579162299935245
1170 0.0000015333256901656034
1171 0.0000013573702830974194
1172 0.0000012819608229253407
1173 0.0000016338716370617085
1174 0.0000016087351503376824
1175 0.0000014830527167175509
1176 0.0000014579162299935245
1177 0.0000017344175839578136
1178 0.0000015081892034415773
1179 0.0000016087351503376824
1180 0.0000011562783893052092
1181 0.0000015584621768896298
1182 0.0000018601000175779451
1183 0.0000015081892034415773
1184 0.0000016841446105097611
1185 0.0000012316878494772881
1186 0.0000012316878494772881
1187 0.0000018601000175779451
1188 0.0000014830527167175509
1189 0.0000016338716370617085
1190 0.000001834963530853919
1191 0.0000014327797432694983
1192 0.0000017092810972337875
1193 0.0000015333256901656034
1194 0.0000017344175839578136
1195 0.0000013070973096493668
1196 0.0000018601000175779451
1197 0.0000013573702830974194
1198 0.0000015081892034415773
1199 0.0000016841446105097611
1200 0.0000019103729910259979
1201 0.0000012819608229253407
1202 0.0000017846905574058664
1203 0.0000014327797432694983
1204 0.00000175955407068184
1205 0.0000018852365043019715
1206 0.0000018601000175779451
1207 0.0000016841446105097611
1208 0.0000020611919113701553
1209 0.0000018098270441298926
1210 0.0000014327797432694983
1211 0.0000017344175839578136
1212 0.0000014830527167175509
1213 0.0000018098270441298926
1214 0.0000016841446105097611
1215 0.0000015584621768896298
1216 0.0000020611919113701553
1217 0.0000018098270441298926
1218 0.0000012819608229253407
1219 0.0000013573702830974194
1220 0.00000175955407068184
1221 0.0000019606459644740502
1222 0.000001583598663613656
1223 0.0000018852365043019715
1224 0.0000016841446105097611
1225 0.000001583598663613656
1226 0.00000175955407068184
1227 0.0000015333256901656034
1228 0.0000018852365043019715
1229 0.0000018852365043019715
1230 0.0000020863283980941817
1231 0.0000021366013715422345
1232 0.0000019103729910259979
1233 0.000001834963530853919
1234 0.0000017344175839578136
1235 0.0000019103729910259979
1236 0.0000019103729910259979
1237 0.0000019355094777500239
1238 0.0000020611919113701553
1239 0.0000019606459644740502
1240 0.0000020611919113701553
1241 0.0000020611919113701553
1242 0.0000024633756989545762
1243 0.0000017846905574058664
1244 0.000001834963530853919
1245 0.0000016087351503376824
1246 0.0000022371473184383396
1247 0.0000021366013715422345
1248 0.0000021617378582662605
1249 0.0000019606459644740502
1250 0.000002010918937922103
1251 0.0000022874202918863919
1252 0.0000014830527167175509
1253 0.0000024382392122305498
1254 0.0000020611919113701553
1255 0.0000021617378582662605
1256 0.0000021617378582662605
1257 0.0000017846905574058664
1258 0.0000023628297520584711
1259 0.0000021366013715422345
1260 0.0000018601000175779451
1261 0.0000019355094777500239
1262 0.0000024382392122305498
1263 0.0000021366013715422345
1264 0.0000016590081237857349
1265 0.000001834963530853919
1266 0.0000024382392122305498
1267 0.0000025890581325747073
1268 0.0000024633756989545762
1269 0.0000022874202918863919
1270 0.0000023879662387824971
1271 0.0000021868743449902868
1272 0.0000018601000175779451
1273 0.0000024885121856786022
1274 0.000002010918937922103
1275 0.0000022622838051623656
1276 0.0000021366013715422345
1277 0.0000019857824511980766
1278 0.0000022371473184383396
1279 0.0000021617378582662605
1280 0.0000019857824511980766
1281 0.0000025387851591266549
1282 0.0000022120108317143132
1283 0.0000023376932653344447
1284 0.0000017846905574058664
1285 0.0000021617378582662605
1286 0.0000022371473184383396
1287 0.0000021868743449902868
1288 0.0000021868743449902868
1289 0.0000024382392122305498
1290 0.0000022371473184383396
1291 0.0000023879662387824971
1292 0.0000025639216458506813
1293 0.0000023628297520584711
1294 0.0000023376932653344447
1295 0.0000021617378582662605
1296 0.0000026896040794708128
1297 0.0000026896040794708128
1298 0.0000024885121856786022
1299 0.0000030415148936071805
1300 0.0000019857824511980766
1301 0.0000024885121856786022
1302 0.0000024382392122305498
1303 0.0000023125567786104183
1304 0.0000027901500263669179
1305 0.0000025890581325747073
1306 0.0000023879662387824971
1307 0.0000022371473184383396
1308 0.0000025387851591266549
1309 0.0000025639216458506813
1310 0.0000022874202918863919
1311 0.0000027147405661948388
1312 0.0000025639216458506813
1313 0.0000024633756989545762
1314 0.0000027398770529188651
1315 0.0000021114648848182081
1316 0.0000022622838051623656
1317 0.0000030917878670552332
1318 0.0000024382392122305498
1319 0.0000022371473184383396
1320 0.0000026896040794708128
1321 0.0000023879662387824971
1322 0.0000021366013715422345
1323 0.0000029661054334351017
1324 0.00000263933110602276
1325 0.0000029661054334351017
1326 0.0000029912419201591281
1327 0.0000023628297520584711
1328 0.0000025890581325747073
1329 0.0000028152865130909439
1330 0.0000022874202918863919
1331 0.0000025136486724026285
1332 0.0000025136486724026285
1333 0.0000027901500263669179
1334 0.0000026896040794708128
1335 0.000002915832459987049
1336 0.0000026644675927467864
1337 0.0000022120108317143132
1338 0.0000021617378582662605
1339 0.0000021366013715422345
1340 0.0000029409689467110754
1341 0.0000023628297520584711
1342 0.0000027650135396428915
1343 0.0000024633756989545762
1344 0.000002915832459987049
1345 0.0000023125567786104183
1346 0.0000026896040794708128
1347 0.0000025136486724026285
1348 0.0000027398770529188651
1349 0.0000030415148936071805
1350 0.0000022371473184383396
1351 0.0000027147405661948388
1352 0.0000028152865130909439
1353 0.0000021868743449902868
1354 0.0000020611919113701553
1355 0.0000028152865130909439
1356 0.0000028404229998149703
1357 0.0000027398770529188651
1358 0.0000026644675927467864
1359 0.0000027650135396428915
1360 0.0000027901500263669179
1361 0.0000020863283980941817
1362 0.0000024633756989545762
1363 0.0000027147405661948388
1364 0.0000023376932653344447
1365 0.0000024382392122305498
1366 0.0000024131027255065234
1367 0.000002890695973263023
1368 0.0000028655594865389966
1369 0.00000263933110602276
1370 0.0000031169243537792596
1371 0.0000023879662387824971
1372 0.0000024885121856786022
1373 0.0000028404229998149703
1374 0.0000026141946192987337
1375 0.0000029409689467110754
1376 0.0000025136486724026285
1377 0.0000029912419201591281
1378 0.0000028152865130909439
1379 0.0000023125567786104183
1380 0.0000023879662387824971
1381 0.0000024633756989545762
1382 0.0000022371473184383396
1383 0.0000028655594865389966
1384 0.0000023376932653344447
1385 0.0000022874202918863919
1386 0.0000025136486724026285
1387 0.0000029912419201591281
1388 0.0000025890581325747073
1389 0.0000026896040794708128
1390 0.0000028152865130909439
1391 0.0000025136486724026285
1392 0.0000026896040794708128
1393 0.0000024885121856786022
1394 0.0000023125567786104183
1395 0.0000025639216458506813
1396 0.0000021617378582662605
1397 0.0000025639216458506813
1398 0.0000023125567786104183
1399 0.0000025890581325747073
1400 0.0000025387851591266549
1401 0.0000024885121856786022
1402 0.0000029409689467110754
1403 0.0000027901500263669179
1404 0.0000025387851591266549
1405 0.00000263933110602276
1406 0.0000026896040794708128
1407 0.00000263933110602276
1408 0.0000022622838051623656
1409 0.0000022874202918863919
1410 0.0000027901500263669179
1411 0.0000029912419201591281
1412 0.0000025639216458506813
1413 0.0000026644675927467864
1414 0.0000024885121856786022
1415 0.0000021114648848182081
1416 0.0000023125567786104183
1417 0.0000023879662387824971
1418 0.0000024885121856786022
1419 0.0000026896040794708128
1420 0.0000024885121856786022
1421 0.0000022371473184383396
1422 0.0000027398770529188651
1423 0.0000024633756989545762
1424 0.0000025890581325747073
1425 0.0000025890581325747073
1426 0.0000024633756989545762
1427 0.0000023628297520584711
1428 0.0000024885121856786022
1429 0.0000024885121856786022
1430 0.0000024131027255065234
1431 0.0000033431527342954962
1432 0.0000026896040794708128
1433 0.0000026896040794708128
1434 0.0000022622838051623656
1435 0.0000025387851591266549
1436 0.0000022120108317143132
1437 0.0000027398770529188651
1438 0.0000022622838051623656
1439 0.0000022622838051623656
1440 0.0000021366013715422345
1441 0.0000023125567786104183
1442 0.0000025387851591266549
1443 0.00000263933110602276
1444 0.0000022371473184383396
1445 0.0000026896040794708128
1446 0.0000022622838051623656
1447 0.0000026896040794708128
1448 0.0000021366013715422345
1449 0.0000025387851591266549
1450 0.0000021366013715422345
1451 0.0000022874202918863919
1452 0.0000025136486724026285
1453 0.0000026644675927467864
1454 0.0000022874202918863919
1455 0.0000030163784068831545
1456 0.0000023125567786104183
1457 0.0000024885121856786022
1458 0.0000023879662387824971
1459 0.0000025890581325747073
1460 0.0000021114648848182081
1461 0.0000024131027255065234
1462 0.0000020611919113701553
1463 0.0000028152865130909439
1464 0.0000020611919113701553
1465 0.0000021114648848182081
1466 0.0000024382392122305498
1467 0.0000024885121856786022
1468 0.000002890695973263023
1469 0.0000023125567786104183
1470 0.0000027650135396428915
1471 0.0000022371473184383396
1472 0.0000026141946192987337
1473 0.0000024131027255065234
1474 0.0000027398770529188651
1475 0.0000023628297520584711
1476 0.0000023879662387824971
1477 0.0000024382392122305498
1478 0.0000022622838051623656
1479 0.0000024382392122305498
1480 0.0000027650135396428915
1481 0.0000026141946192987337
1482 0.0000023376932653344447
1483 0.0000023376932653344447
1484 0.0000023125567786104183
1485 0.0000026141946192987337
1486 0.0000025639216458506813
1487 0.0000024885121856786022
1488 0.0000022120108317143132
1489 0.0000023376932653344447
1490 0.0000025639216458506813
1491 0.0000019606459644740502
1492 0.0000024382392122305498
1493 0.0000022120108317143132
1494 0.0000021366013715422345
1495 0.0000024885121856786022
1496 0.0000020611919113701553
1497 0.0000023376932653344447
1498 0.0000022371473184383396
1499 0.0000023125567786104183
1500 0.0000021868743449902868
1501 0.0000020863283980941817
1502 0.0000024633756989545762
1503 0.0000023879662387824971
1504 0.0000020863283980941817
1505 0.0000022371473184383396
1506 0.0000022622838051623656
1507 0.0000021617378582662605
1508 0.0000024131027255065234
1509 0.0000023125567786104183
1510 0.0000023125567786104183
1511 0.000002036055424646129
1512 0.0000022371473184383396
1513 0.0000021617378582662605
1514 0.0000024131027255065234
1515 0.0000018601000175779451
1516 0.0000020863283980941817
1517 0.0000025639216458506813
1518 0.0000022622838051623656
1519 0.0000021868743449902868
1520 0.0000017092810972337875
1521 0.0000019857824511980766
1522 0.0000023879662387824971
1523 0.0000023376932653344447
1524 0.0000022120108317143132
1525 0.00000175955407068184
1526 0.0000022120108317143132
1527 0.0000019857824511980766
1528 0.0000021366013715422345
1529 0.0000018852365043019715
1530 0.0000020611919113701553
1531 0.0000022874202918863919
1532 0.0000018601000175779451
1533 0.000002036055424646129
1534 0.0000021366013715422345
1535 0.0000023125567786104183
1536 0.0000022622838051623656
1537 0.000002036055424646129
1538 0.0000019355094777500239
1539 0.000002010918937922103
1540 0.0000016338716370617085
1541 0.0000019103729910259979
1542 0.0000019103729910259979
1543 0.0000025136486724026285
1544 0.0000018098270441298926
1545 0.0000019355094777500239
1546 0.000001834963530853919
1547 0.0000018852365043019715
1548 0.0000017092810972337875
1549 0.0000016841446105097611
1550 0.0000017344175839578136
1551 0.0000017344175839578136
1552 0.00000175955407068184
1553 0.00000175955407068184
1554 0.0000019103729910259979
1555 0.0000016087351503376824
1556 0.0000019857824511980766
1557 0.0000018601000175779451
1558 0.0000018098270441298926
1559 0.0000024131027255065234
1560 0.0000019606459644740502
1561 0.0000015081892034415773
1562 0.0000016841446105097611
1563 0.0000020611919113701553
1564 0.0000018098270441298926
1565 0.0000015584621768896298
1566 0.0000019355094777500239
1567 0.00000175955407068184
1568 0.0000018098270441298926
1569 0.0000016338716370617085
1570 0.000001583598663613656
1571 0.0000017846905574058664
1572 0.0000015081892034415773
1573 0.0000018098270441298926
1574 0.0000016841446105097611
1575 0.00000175955407068184
1576 0.000001583598663613656
1577 0.0000015333256901656034
1578 0.0000016590081237857349
1579 0.0000018852365043019715
1580 0.0000013322337963733932
1581 0.0000015584621768896298
1582 0.0000013573702830974194
1583 0.0000015333256901656034
1584 0.0000012316878494772881
1585 0.0000015333256901656034
1586 0.0000014830527167175509
1587 0.0000016087351503376824
1588 0.0000016338716370617085
1589 0.000001583598663613656
1590 0.0000011562783893052092
1591 0.0000016590081237857349
1592 0.000001583598663613656
1593 0.0000013825067698214458
1594 0.0000014076432565454719
1595 0.0000012316878494772881
1596 0.000001583598663613656
1597 0.0000018601000175779451
1598 0.0000017344175839578136
1599 0.0000015081892034415773
1600 0.0000012819608229253407
1601 0.0000012316878494772881
1602 0.0000012819608229253407
1603 0.0000010557324424091041
1604 0.0000015584621768896298
1605 0.0000016338716370617085
1606 0.0000010305959556850777
1607 0.0000010305959556850777
1608 9.5518649551299895e-7
1609 0.0000014579162299935245
1610 0.0000011814148760292355
1611 0.0000013573702830974194
1612 0.0000015081892034415773
1613 0.0000013825067698214458
1614 0.0000012065513627532617
1615 0.0000010557324424091041
1616 0.0000012568243362013143
1617 0.0000012316878494772881
1618 0.0000011311419025811828
1619 0.0000011562783893052092
1620 0.0000013322337963733932
1621 9.5518649551299895e-7
1622 0.0000014579162299935245
1623 9.5518649551299895e-7
1624 0.0000011814148760292355
1625 0.0000012065513627532617
1626 0.0000011311419025811828
1627 0.0000014327797432694983
1628 0.0000013573702830974194
1629 0.0000014579162299935245
1630 0.0000010808689291331302
1631 0.0000012065513627532617
1632 0.0000012819608229253407
1633 0.0000010054594689610515
1634 0.0000010557324424091041
1635 0.0000010305959556850777
1636 0.0000010054594689610515
1637 0.0000010054594689610515
1638 0.0000011311419025811828
1639 9.3005000878897257e-7
1640 7.7923108844481490e-7
1641 9.5518649551299895e-7
1642 9.8032298223702512e-7
1643 9.5518649551299895e-7
1644 0.0000011562783893052092
1645 0.0000012065513627532617
1646 0.0000011060054158571566
1647 0.0000010054594689610515
1648 9.8032298223702512e-7
1649 7.5409460172078863e-7
1650 9.3005000878897257e-7
1651 8.0436757516884118e-7
1652 0.0000010054594689610515
1653 7.2895811499676224e-7
1654 7.5409460172078863e-7
1655 7.7923108844481490e-7
1656 8.5464054861689374e-7
1657 0.0000011311419025811828
1658 7.2895811499676224e-7
1659 0.0000010557324424091041
1660 0.0000010808689291331302
1661 0.0000010557324424091041
1662 0.0000011060054158571566
1663 0.0000011060054158571566
1664 6.2841216810065714e-7
1665 0.0000011060054158571566
1666 9.0491352206494629e-7
1667 8.0436757516884118e-7
1668 0.0000011060054158571566
1669 9.5518649551299895e-7
1670 6.5354865482468341e-7
1671 7.7923108844481490e-7
1672 9.3005000878897257e-7
1673 4.7759324775649947e-7
1674 7.0382162827273597e-7
1675 7.2895811499676224e-7
1676 0.0000011060054158571566
1677 9.5518649551299895e-7
1678 5.7813919465260458e-7
1679 7.2895811499676224e-7
1680 9.0491352206494629e-7
1681 7.7923108844481490e-7
1682 5.2786622120455203e-7
1683 9.0491352206494629e-7
1684 7.0382162827273597e-7
1685 6.2841216810065714e-7
1686 6.5354865482468341e-7
1687 7.5409460172078863e-7
1688 4.7759324775649947e-7
1689 4.5245676103247314e-7
1690 5.0272973448052575e-7
1691 6.7868514154870969e-7
1692 6.2841216810065714e-7
1693 5.5300270792857831e-7
1694 6.2841216810065714e-7
1695 8.0436757516884118e-7
1696 4.2732027430844687e-7
1697 4.5245676103247314e-7
1698 5.2786622120455203e-7
1699 4.5245676103247314e-7
1700 6.0327568137663086e-7
1701 5.2786622120455203e-7
1702 3.7704730086039431e-7
1703 5.5300270792857831e-7
1704 4.7759324775649947e-7
1705 3.5191081413636798e-7
1706 3.5191081413636798e-7
1707 6.0327568137663086e-7
1708 4.2732027430844687e-7
1709 5.2786622120455203e-7
1710 4.0218378758442059e-7
1711 3.2677432741234171e-7
1712 3.0163784068831543e-7
1713 4.5245676103247314e-7
1714 4.7759324775649947e-7
1715 4.5245676103247314e-7
1716 4.5245676103247314e-7
1717 2.2622838051623657e-7
1718 4.5245676103247314e-7
1719 3.7704730086039431e-7
1720 2.2622838051623657e-7
1721 3.2677432741234171e-7
1722 3.7704730086039431e-7
1723 3.7704730086039431e-7
1724 4.0218378758442059e-7
1725 3.2677432741234171e-7
1726 2.5136486724026288e-7
1727 2.5136486724026288e-7
1728 4.0218378758442059e-7
1729 3.2677432741234171e-7
1730 3.2677432741234171e-7
1731 2.5136486724026288e-7
1732 2.7650135396428915e-7
1733 2.2622838051623657e-7
1734 3.0163784068831543e-7
1735 1.0054594689610515e-7
1736 2.5136486724026288e-7
1737 2.7650135396428915e-7
1738 3.7704730086039431e-7
1739 1.7595540706818399e-7
1740 3.7704730086039431e-7
1741 2.7650135396428915e-7
1742 2.0109189379221030e-7
1743 7.5409460172078857e-8
1744 1.2568243362013144e-7
1745 2.5136486724026288e-7
1746 1.5081892034415771e-7
1747 1.0054594689610515e-7
1748 1.2568243362013144e-7
1749 1.2568243362013144e-7
1750 3.0163784068831543e-7
1751 1.5081892034415771e-7
1752 1.0054594689610515e-7
1753 2.7650135396428915e-7
1754 2.2622838051623657e-7
1755 1.5081892034415771e-7
1756 2.0109189379221030e-7
1757 1.0054594689610515e-7
1758 2.0109189379221030e-7
1759 1.2568243362013144e-7
1760 1.7595540706818399e-7
1761 1.2568243362013144e-7
1762 1.0054594689610515e-7
1763 1.7595540706818399e-7
1764 1.2568243362013144e-7
1765 7.5409460172078857e-8
1766 1.2568243362013144e-7
1767 7.5409460172078857e-8
1768 1.0054594689610515e-7
1769 1.2568243362013144e-7
1770 1.5081892034415771e-7
1771 5.0272973448052574e-8
1772 2.5136486724026287e-8
1773 1.7595540706818399e-7
1774 2.5136486724026287e-8
1775 2.5136486724026287e-8
1776 1.2568243362013144e-7
1777 1.0054594689610515e-7
1778 2.5136486724026287e-8
1780 1.0054594689610515e-7
1781 2.5136486724026287e-8
1782 5.0272973448052574e-8
1783 7.5409460172078857e-8
1784 1.2568243362013144e-7
1785 1.2568243362013144e-7
1786 5.0272973448052574e-8
1787 1.2568243362013144e-7
1789 2.5136486724026287e-8
1790 5.0272973448052574e-8
1791 7.5409460172078857e-8
1792 1.0054594689610515e-7
1793 2.5136486724026287e-8
1794 5.0272973448052574e-8
1795 2.5136486724026287e-8
1796 2.5136486724026287e-8
1799 7.5409460172078857e-8
1800 2.5136486724026287e-8
1801 5.0272973448052574e-8
1802 2.5136486724026287e-8
1807 2.5136486724026287e-8
1808 2.5136486724026287e-8
1812 2.5136486724026287e-8
1815 2.5136486724026287e-8
1817 2.5136486724026287e-8
1818 7.5409460172078857e-8
1819 2.5136486724026287e-8
1821 2.5136486724026287e-8
1836 2.5136486724026287e-8
1844 2.5136486724026287e-8
1850 2.5136486724026287e-8
1863 2.5136486724026287e-8
1871 2.5136486724026287e-8
