1 0.89261889032295427
2 0.065152192124586353
3 0.017308230980601878
4 0.0076011323939782121
5 0.0042680657435971497
6 0.0027168990923065184
7 0.0018639467728052441
8 0.0013472005993498256
9 0.001019310506386376
10 0.00078189461593107035
11 0.00061449692241066789
12 0.00049487940887712675
13 0.00041539427651359129
14 0.00035116761654679235
15 0.00029540551061029991
16 0.00024517506498308666
17 0.00022475618464682114
18 0.00020095890774582802
19 0.00018076277883141264
20 0.0001660240597523264
21 0.00014515967657236051
22 0.00012927007514704843
23 0.00011984026495539125
24 0.00010788593864943215
25 0.00010135189694182717
26 0.000093332845755221059
27 0.000082715027980362978
28 0.000080190511866061055
29 0.000072913965418955511
30 0.000061293766245771664
31 0.000054314221694466355
32 0.000053571716954965786
33 0.000045775417190209849
34 0.000040689259724630979
35 0.00003924137548260488
36 0.00003634560699855267
37 0.00003590010415485233
38 0.000032707333774999905
39 0.000031779202850624199
40 0.000029700189580022613
41 0.000025987665882519785
42 0.00002654454443714521
43 0.000025245161143019219
44 0.000023685901190068033
45 0.000021681138393416506
46 0.000021347011260641254
47 0.000019527874648864868
48 0.000017337485667338201
49 0.000017337485667338201
50 0.000015295597633711645
51 0.000016780607112712776
52 0.000014330341472360911
53 0.000015221347159761589
54 0.000012956707704284865
55 0.000013179459126135035
56 0.000011991451542934129
57 0.000010989070144608368
58 0.00001136032251435865
59 0.000011508823462258763
60 0.0000096154363765323214
61 0.0000098010625614074619
62 0.0000099866887462826041
63 0.0000096896868504823769
64 0.0000098010625614074619
65 0.0000099495635093075747
66 0.00001046931682695797
67 0.000012288453438734356
68 0.000015889601425312099
69 0.000016669231401787691
70 0.000012993832941259893
71 0.0000060885388639046357
72 0.0000065711669445800035
73 0.0000066825426555050877
74 0.0000054945350723041838
75 0.0000057172864941543529
76 0.0000051604079395289287
77 0.0000053089088874290424
78 0.000005123282702553901
79 0.0000044921536739784204
80 0.0000050490322286038446
81 0.0000051975331765039574
82 0.0000052346584134789851
83 0.0000045292789109534482
84 0.0000044550284370033918
85 0.0000036753984605277984
86 0.0000038610246454029398
87 0.000003786774171452883
88 0.0000035640227496027134
89 0.0000038610246454029398
90 0.0000031927703798524311
91 0.0000031185199059023742
92 0.0000034155218017026006
93 0.0000029328937210272328
94 0.000003489772275652657
95 0.0000024873908773268937
96 0.0000038238994084279112
97 0.0000035640227496027134
98 0.0000032670208538024874
99 0.0000028586432470771765
100 0.0000023388899294267809
101 0.0000021532637445516395
102 0.0000025245161143019223
103 0.0000027472675361520919
104 0.0000028215180101021483
105 0.0000023760151664018091
106 0.0000021161385075766113
107 0.0000020790132706015831
108 0.0000023017646924517527
109 0.0000021532637445516395
110 0.0000022646394554767241
111 0.0000023760151664018091
112 0.0000022275142185016959
113 0.0000020047627966515263
114 0.0000018191366117763851
115 0.0000017077609008513003
116 0.0000016706356638762719
117 0.0000025987665882519787
118 0.0000019305123227014699
119 0.0000018191366117763851
120 0.0000017077609008513003
121 0.0000020418880336265545
122 0.0000018191366117763851
123 0.0000014107590050510741
124 0.0000015592599529511871
125 0.0000015963851899262155
126 0.0000017077609008513003
127 0.0000016706356638762719
128 0.0000014478842420261023
129 0.0000017448861378263285
130 0.0000013736337680760459
131 0.0000015221347159761589
132 0.0000016335104269012437
133 0.0000012993832941259893
134 0.0000015592599529511871
135 0.0000012993832941259893
136 0.0000018562618487514133
137 9.2813092437570666e-7
138 0.0000015963851899262155
139 0.0000012993832941259893
140 0.0000011137571092508479
141 0.0000010766318722758197
142 0.0000016706356638762719
143 0.0000012251328201759327
144 0.0000011508823462258763
145 0.0000010766318722758197
146 0.0000018562618487514133
147 0.0000018933870857264415
148 0.0000012251328201759327
149 0.0000014107590050510741
150 0.0000011508823462258763
151 0.0000010766318722758197
152 0.0000013736337680760459
153 7.4250473950056537e-7
154 0.0000012622580571509611
155 0.0000011880075832009045
156 0.0000013365085311010175
157 7.7962997647559356e-7
158 0.0000011508823462258763
159 7.7962997647559356e-7
160 9.6525616135073496e-7
161 0.0000012251328201759327
162 0.0000010023813983257631
163 8.5388045042565016e-7
164 8.1675521345062186e-7
165 9.6525616135073496e-7
166 8.9100568740067836e-7
167 0.0000010766318722758197
168 5.1975331765039578e-7
169 7.7962997647559356e-7
170 9.6525616135073496e-7
171 7.7962997647559356e-7
172 7.0537950252553707e-7
173 7.0537950252553707e-7
174 0.0000010766318722758197
175 7.4250473950056537e-7
176 0.0000011137571092508479
177 7.4250473950056537e-7
178 5.1975331765039578e-7
179 9.2813092437570666e-7
180 5.9400379160045227e-7
181 7.0537950252553707e-7
182 8.5388045042565016e-7
183 6.3112902857548057e-7
184 7.4250473950056537e-7
185 5.9400379160045227e-7
186 7.4250473950056537e-7
187 7.7962997647559356e-7
188 7.7962997647559356e-7
189 7.7962997647559356e-7
190 6.3112902857548057e-7
191 8.5388045042565016e-7
192 4.0837760672531093e-7
193 3.7125236975028268e-7
194 3.3412713277525438e-7
195 4.8262808067536748e-7
196 5.9400379160045227e-7
197 4.0837760672531093e-7
198 7.7962997647559356e-7
199 5.5687855462542397e-7
200 5.5687855462542397e-7
201 4.0837760672531093e-7
202 4.0837760672531093e-7
203 5.9400379160045227e-7
204 3.7125236975028268e-7
205 4.0837760672531093e-7
206 4.4550284370033918e-7
207 5.1975331765039578e-7
208 2.9700189580022614e-7
209 3.3412713277525438e-7
210 2.2275142185016959e-7
211 2.2275142185016959e-7
212 4.0837760672531093e-7
213 1.8562618487514134e-7
214 3.7125236975028268e-7
215 4.4550284370033918e-7
216 4.0837760672531093e-7
217 2.2275142185016959e-7
218 4.4550284370033918e-7
219 4.0837760672531093e-7
220 3.3412713277525438e-7
221 2.5987665882519789e-7
222 2.2275142185016959e-7
223 3.7125236975028268e-7
224 1.8562618487514134e-7
225 3.7125236975028267e-8
226 2.9700189580022614e-7
227 2.2275142185016959e-7
228 2.2275142185016959e-7
229 2.5987665882519789e-7
230 2.2275142185016959e-7
231 1.8562618487514134e-7
232 2.9700189580022614e-7
233 2.5987665882519789e-7
234 3.7125236975028268e-7
235 2.9700189580022614e-7
236 1.8562618487514134e-7
237 2.2275142185016959e-7
238 1.1137571092508479e-7
239 1.4850094790011307e-7
240 2.5987665882519789e-7
241 2.2275142185016959e-7
242 4.0837760672531093e-7
243 1.8562618487514134e-7
244 2.2275142185016959e-7
245 2.5987665882519789e-7
246 2.9700189580022614e-7
247 3.3412713277525438e-7
248 1.1137571092508479e-7
249 3.3412713277525438e-7
250 2.2275142185016959e-7
251 2.2275142185016959e-7
252 3.3412713277525438e-7
253 1.1137571092508479e-7
254 1.1137571092508479e-7
255 1.8562618487514134e-7
256 1.1137571092508479e-7
257 2.2275142185016959e-7
258 1.4850094790011307e-7
259 1.8562618487514134e-7
260 1.1137571092508479e-7
261 1.1137571092508479e-7
262 1.1137571092508479e-7
263 1.4850094790011307e-7
264 1.4850094790011307e-7
265 1.4850094790011307e-7
266 3.7125236975028267e-8
267 1.1137571092508479e-7
268 3.7125236975028267e-8
270 1.1137571092508479e-7
271 7.4250473950056534e-8
272 1.1137571092508479e-7
273 1.8562618487514134e-7
274 3.7125236975028267e-8
275 3.7125236975028267e-8
276 3.7125236975028267e-8
277 7.4250473950056534e-8
278 1.1137571092508479e-7
279 1.1137571092508479e-7
280 1.4850094790011307e-7
281 3.7125236975028267e-8
282 3.7125236975028267e-8
284 1.1137571092508479e-7
286 7.4250473950056534e-8
287 1.1137571092508479e-7
288 1.1137571092508479e-7
289 3.7125236975028267e-8
291 3.7125236975028267e-8
292 3.7125236975028267e-8
293 7.4250473950056534e-8
294 1.1137571092508479e-7
295 7.4250473950056534e-8
296 3.7125236975028267e-8
297 7.4250473950056534e-8
300 1.1137571092508479e-7
301 3.7125236975028267e-8
302 3.7125236975028267e-8
303 3.7125236975028267e-8
306 7.4250473950056534e-8
308 3.7125236975028267e-8
309 3.7125236975028267e-8
312 3.7125236975028267e-8
315 7.4250473950056534e-8
316 3.7125236975028267e-8
317 7.4250473950056534e-8
318 3.7125236975028267e-8
319 1.1137571092508479e-7
321 7.4250473950056534e-8
323 3.7125236975028267e-8
324 7.4250473950056534e-8
325 3.7125236975028267e-8
334 7.4250473950056534e-8
335 3.7125236975028267e-8
336 1.1137571092508479e-7
337 7.4250473950056534e-8
338 3.7125236975028267e-8
339 3.7125236975028267e-8
340 3.7125236975028267e-8
341 3.7125236975028267e-8
342 3.7125236975028267e-8
344 3.7125236975028267e-8
346 3.7125236975028267e-8
347 7.4250473950056534e-8
348 1.1137571092508479e-7
349 3.7125236975028267e-8
350 7.4250473950056534e-8
351 7.4250473950056534e-8
352 3.7125236975028267e-8
353 3.7125236975028267e-8
355 3.7125236975028267e-8
357 3.7125236975028267e-8
358 3.7125236975028267e-8
361 3.7125236975028267e-8
362 3.7125236975028267e-8
363 3.7125236975028267e-8
365 7.4250473950056534e-8
366 3.7125236975028267e-8
367 3.7125236975028267e-8
368 3.7125236975028267e-8
369 3.7125236975028267e-8
370 7.4250473950056534e-8
371 3.7125236975028267e-8
373 7.4250473950056534e-8
375 3.7125236975028267e-8
377 7.4250473950056534e-8
378 7.4250473950056534e-8
380 3.7125236975028267e-8
381 3.7125236975028267e-8
383 3.7125236975028267e-8
386 3.7125236975028267e-8
390 3.7125236975028267e-8
391 7.4250473950056534e-8
394 7.4250473950056534e-8
396 3.7125236975028267e-8
398 3.7125236975028267e-8
404 7.4250473950056534e-8
415 7.4250473950056534e-8
416 3.7125236975028267e-8
423 3.7125236975028267e-8
425 3.7125236975028267e-8
427 3.7125236975028267e-8
433 3.7125236975028267e-8
438 3.7125236975028267e-8
449 3.7125236975028267e-8
455 3.7125236975028267e-8
456 3.7125236975028267e-8
457 3.7125236975028267e-8
463 3.7125236975028267e-8
467 7.4250473950056534e-8
471 3.7125236975028267e-8
492 7.4250473950056534e-8
507 3.7125236975028267e-8
517 3.7125236975028267e-8
518 3.7125236975028267e-8
526 3.7125236975028267e-8
530 3.7125236975028267e-8
532 3.7125236975028267e-8
541 3.7125236975028267e-8
574 3.7125236975028267e-8
598 3.7125236975028267e-8
