1 0.92085193135695553
2 0.052667714534791306
3 0.011940700636289197
4 0.0048332681823235026
5 0.0025061207007086518
6 0.0015002079429910573
7 0.000977389055809956
8 0.00066672604354744047
9 0.00047930227506136808
10 0.00035695517139671919
11 0.00027572085788391405
12 0.00022266330290193848
13 0.00017651983378636703
14 0.00014504711317585376
15 0.00012066195012014897
16 0.00010026663589774548
17 0.000090279622979606223
18 0.00007528671276751131
19 0.000065894459923901443
20 0.000055709193647585724
21 0.000048671199432321333
22 0.000045251329003777371
23 0.000040369340058682005
24 0.000035090844397233712
25 0.000032587895750255882
26 0.000028523701907638421
27 0.000026095098269976764
28 0.000023567367953226878
29 0.000022501756153028396
30 0.000019280139082660894
31 0.000018115400603374182
32 0.000015909831993661048
33 0.00001479465685391845
34 0.000013902516742124373
35 0.000012390834886028853
36 0.000011895201490587699
37 0.000010854371360161275
38 0.000009962231248367198
39 0.000009491379522698102
40 0.0000095905062017863319
41 0.0000090205277970290043
42 0.0000079301343270584658
43 0.0000075088459409334847
44 0.0000073105925827570233
45 0.0000068397408570879265
46 0.0000061210724336982533
47 0.0000067653958477717541
48 0.0000056997840475732722
49 0.0000061210724336982533
50 0.0000053280590009924069
51 0.0000044359188891983289
52 0.0000045102638985145022
53 0.0000044854822287424447
54 0.0000038659404844410022
55 0.0000039898488333012904
56 0.0000033455254192277904
57 0.0000031472720610513286
58 0.0000030481453819630979
59 0.0000031224903912792707
60 0.0000037668138053527711
61 0.0000026764203353822322
62 0.000003469433768088079
63 0.0000027755470144704629
64 0.0000025277303167498861
65 0.0000025029486469778282
66 0.0000024533853074337129
67 0.0000021807869399410783
68 0.0000022055686097131357
69 0.0000020816602608528472
70 0.000002106441930624905
71 0.0000025029486469778282
72 0.0000017099352142719816
73 0.0000016355902049558086
74 0.0000015860268654116932
75 0.0000020568785910807897
76 0.0000018090618933602125
77 0.00000151168185609552
78 0.0000018090618933602125
79 0.0000017347168840440395
80 0.0000016355902049558086
81 0.0000013877735072352314
82 0.000001437336846779347
83 0.0000016108085351837509
84 0.0000011647384792867122
85 0.0000014869001863234623
86 0.0000011647384792867122
87 0.0000012638651583749431
88 0.0000011895201490587698
89 0.0000012638651583749431
90 0.0000010408301304264236
91 9.6648512111025055e-7
92 9.4170345133819277e-7
93 8.6735844202201975e-7
94 0.0000011151751397425968
95 0.0000010160484606543659
96 6.6910508384555804e-7
97 0.0000011399568095146545
98 9.9126679088230823e-7
99 8.4257677224996197e-7
100 6.9388675361761572e-7
101 8.1779510247790430e-7
102 0.0000010160484606543659
103 4.4607005589703871e-7
104 8.9214011179407743e-7
105 7.6823176293378884e-7
106 9.6648512111025055e-7
107 7.6823176293378884e-7
108 5.4519673498526957e-7
109 7.6823176293378884e-7
110 6.6910508384555804e-7
111 4.7085172566909639e-7
112 4.2128838612498099e-7
113 7.6823176293378884e-7
114 6.1954174430144270e-7
115 4.9563339544115411e-7
116 6.6910508384555804e-7
117 3.7172504658086559e-7
118 5.6997840475732724e-7
119 2.7259836749263478e-7
120 3.2216170703675018e-7
121 5.2041506521321179e-7
122 4.7085172566909639e-7
123 5.6997840475732724e-7
124 3.4694337680880786e-7
125 7.1866842338967350e-7
126 4.7085172566909639e-7
127 2.7259836749263478e-7
128 3.4694337680880786e-7
129 4.2128838612498099e-7
130 6.1954174430144270e-7
131 2.9738003726469246e-7
132 5.4519673498526957e-7
133 1.9825335817646166e-7
134 3.2216170703675018e-7
135 1.4869001863234623e-7
136 1.9825335817646166e-7
137 2.7259836749263478e-7
138 3.2216170703675018e-7
139 4.2128838612498099e-7
140 3.2216170703675018e-7
141 4.2128838612498099e-7
142 2.7259836749263478e-7
143 3.4694337680880786e-7
144 3.4694337680880786e-7
145 1.7347168840440393e-7
146 2.9738003726469246e-7
147 2.7259836749263478e-7
148 3.4694337680880786e-7
149 2.7259836749263478e-7
150 2.2303502794851936e-7
151 9.9126679088230828e-8
152 2.9738003726469246e-7
153 2.9738003726469246e-7
154 2.7259836749263478e-7
155 1.4869001863234623e-7
156 1.9825335817646166e-7
157 1.7347168840440393e-7
158 9.9126679088230828e-8
159 9.9126679088230828e-8
160 9.9126679088230828e-8
161 2.2303502794851936e-7
162 7.4345009316173114e-8
163 2.2303502794851936e-7
164 9.9126679088230828e-8
165 2.4781669772057706e-7
166 1.7347168840440393e-7
167 7.4345009316173114e-8
168 9.9126679088230828e-8
169 1.4869001863234623e-7
170 1.9825335817646166e-7
171 1.4869001863234623e-7
172 7.4345009316173114e-8
173 7.4345009316173114e-8
174 1.7347168840440393e-7
175 2.9738003726469246e-7
176 1.7347168840440393e-7
177 1.2390834886028853e-7
178 7.4345009316173114e-8
179 9.9126679088230828e-8
180 9.9126679088230828e-8
181 1.4869001863234623e-7
182 7.4345009316173114e-8
183 7.4345009316173114e-8
184 7.4345009316173114e-8
185 2.4781669772057707e-8
186 7.4345009316173114e-8
187 7.4345009316173114e-8
188 9.9126679088230828e-8
189 4.9563339544115414e-8
190 7.4345009316173114e-8
191 9.9126679088230828e-8
192 4.9563339544115414e-8
193 9.9126679088230828e-8
194 7.4345009316173114e-8
195 7.4345009316173114e-8
196 2.4781669772057707e-8
198 9.9126679088230828e-8
199 7.4345009316173114e-8
200 1.2390834886028853e-7
201 4.9563339544115414e-8
202 1.7347168840440393e-7
203 2.4781669772057707e-8
204 4.9563339544115414e-8
205 4.9563339544115414e-8
206 2.4781669772057707e-8
207 4.9563339544115414e-8
209 4.9563339544115414e-8
210 7.4345009316173114e-8
211 4.9563339544115414e-8
212 2.4781669772057707e-8
213 4.9563339544115414e-8
214 4.9563339544115414e-8
216 7.4345009316173114e-8
218 7.4345009316173114e-8
219 1.2390834886028853e-7
220 7.4345009316173114e-8
222 4.9563339544115414e-8
223 4.9563339544115414e-8
224 2.4781669772057707e-8
225 9.9126679088230828e-8
226 4.9563339544115414e-8
230 4.9563339544115414e-8
233 2.4781669772057707e-8
234 4.9563339544115414e-8
235 2.4781669772057707e-8
236 4.9563339544115414e-8
237 2.4781669772057707e-8
238 2.4781669772057707e-8
239 4.9563339544115414e-8
242 4.9563339544115414e-8
244 2.4781669772057707e-8
245 2.4781669772057707e-8
247 2.4781669772057707e-8
249 4.9563339544115414e-8
250 4.9563339544115414e-8
251 4.9563339544115414e-8
252 2.4781669772057707e-8
254 2.4781669772057707e-8
256 2.4781669772057707e-8
257 2.4781669772057707e-8
258 2.4781669772057707e-8
260 2.4781669772057707e-8
264 2.4781669772057707e-8
265 2.4781669772057707e-8
266 7.4345009316173114e-8
269 2.4781669772057707e-8
271 2.4781669772057707e-8
277 2.4781669772057707e-8
283 2.4781669772057707e-8
288 2.4781669772057707e-8
289 2.4781669772057707e-8
295 2.4781669772057707e-8
296 2.4781669772057707e-8
359 2.4781669772057707e-8
360 2.4781669772057707e-8
403 2.4781669772057707e-8
419 2.4781669772057707e-8
429 2.4781669772057707e-8
436 2.4781669772057707e-8
511 2.4781669772057707e-8
581 2.4781669772057707e-8
598 2.4781669772057707e-8
613 4.9563339544115414e-8
617 2.4781669772057707e-8
630 2.4781669772057707e-8
641 2.4781669772057707e-8
648 2.4781669772057707e-8
652 2.4781669772057707e-8
663 2.4781669772057707e-8
664 2.4781669772057707e-8
669 2.4781669772057707e-8
692 2.4781669772057707e-8
701 2.4781669772057707e-8
702 2.4781669772057707e-8
705 2.4781669772057707e-8
709 2.4781669772057707e-8
711 2.4781669772057707e-8
713 2.4781669772057707e-8
716 2.4781669772057707e-8
719 2.4781669772057707e-8
722 2.4781669772057707e-8
730 2.4781669772057707e-8
731 4.9563339544115414e-8
738 2.4781669772057707e-8
739 2.4781669772057707e-8
745 2.4781669772057707e-8
747 2.4781669772057707e-8
750 2.4781669772057707e-8
751 2.4781669772057707e-8
753 2.4781669772057707e-8
754 2.4781669772057707e-8
757 2.4781669772057707e-8
758 2.4781669772057707e-8
762 2.4781669772057707e-8
763 2.4781669772057707e-8
764 4.9563339544115414e-8
765 2.4781669772057707e-8
769 2.4781669772057707e-8
771 7.4345009316173114e-8
772 2.4781669772057707e-8
773 2.4781669772057707e-8
777 2.4781669772057707e-8
778 4.9563339544115414e-8
779 4.9563339544115414e-8
781 4.9563339544115414e-8
783 4.9563339544115414e-8
784 4.9563339544115414e-8
786 4.9563339544115414e-8
788 2.4781669772057707e-8
792 2.4781669772057707e-8
795 2.4781669772057707e-8
796 9.9126679088230828e-8
797 7.4345009316173114e-8
798 4.9563339544115414e-8
801 2.4781669772057707e-8
802 2.4781669772057707e-8
804 2.4781669772057707e-8
806 2.4781669772057707e-8
807 4.9563339544115414e-8
808 7.4345009316173114e-8
809 7.4345009316173114e-8
810 7.4345009316173114e-8
812 4.9563339544115414e-8
813 2.4781669772057707e-8
815 2.4781669772057707e-8
817 2.4781669772057707e-8
819 4.9563339544115414e-8
821 7.4345009316173114e-8
824 2.4781669772057707e-8
825 4.9563339544115414e-8
826 7.4345009316173114e-8
827 2.4781669772057707e-8
829 7.4345009316173114e-8
832 2.4781669772057707e-8
834 2.4781669772057707e-8
835 7.4345009316173114e-8
836 4.9563339544115414e-8
837 2.4781669772057707e-8
840 2.4781669772057707e-8
842 4.9563339544115414e-8
843 4.9563339544115414e-8
844 4.9563339544115414e-8
845 7.4345009316173114e-8
846 4.9563339544115414e-8
847 2.4781669772057707e-8
848 4.9563339544115414e-8
849 2.4781669772057707e-8
850 2.4781669772057707e-8
851 1.4869001863234623e-7
852 7.4345009316173114e-8
853 2.4781669772057707e-8
855 2.4781669772057707e-8
856 4.9563339544115414e-8
857 7.4345009316173114e-8
858 7.4345009316173114e-8
859 7.4345009316173114e-8
860 2.4781669772057707e-8
861 9.9126679088230828e-8
862 4.9563339544115414e-8
863 7.4345009316173114e-8
864 4.9563339544115414e-8
865 4.9563339544115414e-8
866 7.4345009316173114e-8
867 4.9563339544115414e-8
868 9.9126679088230828e-8
869 7.4345009316173114e-8
870 7.4345009316173114e-8
871 4.9563339544115414e-8
872 7.4345009316173114e-8
873 9.9126679088230828e-8
874 2.4781669772057707e-8
875 4.9563339544115414e-8
876 2.4781669772057707e-8
877 4.9563339544115414e-8
878 4.9563339544115414e-8
879 4.9563339544115414e-8
880 1.9825335817646166e-7
881 1.2390834886028853e-7
882 9.9126679088230828e-8
883 1.2390834886028853e-7
884 2.4781669772057707e-8
885 9.9126679088230828e-8
886 7.4345009316173114e-8
887 7.4345009316173114e-8
888 9.9126679088230828e-8
889 7.4345009316173114e-8
890 4.9563339544115414e-8
891 1.2390834886028853e-7
893 4.9563339544115414e-8
894 1.7347168840440393e-7
895 2.4781669772057707e-8
896 7.4345009316173114e-8
897 1.7347168840440393e-7
898 7.4345009316173114e-8
899 9.9126679088230828e-8
900 1.4869001863234623e-7
901 9.9126679088230828e-8
902 7.4345009316173114e-8
903 1.2390834886028853e-7
904 1.4869001863234623e-7
905 9.9126679088230828e-8
906 1.2390834886028853e-7
907 4.9563339544115414e-8
908 4.9563339544115414e-8
909 9.9126679088230828e-8
910 1.2390834886028853e-7
911 9.9126679088230828e-8
912 7.4345009316173114e-8
913 1.2390834886028853e-7
914 9.9126679088230828e-8
915 7.4345009316173114e-8
916 1.7347168840440393e-7
917 9.9126679088230828e-8
918 4.9563339544115414e-8
919 1.4869001863234623e-7
920 1.4869001863234623e-7
921 9.9126679088230828e-8
923 9.9126679088230828e-8
924 1.9825335817646166e-7
925 2.2303502794851936e-7
926 2.4781669772057707e-8
927 1.7347168840440393e-7
928 7.4345009316173114e-8
929 2.7259836749263478e-7
930 1.7347168840440393e-7
931 1.4869001863234623e-7
932 1.9825335817646166e-7
933 2.4781669772057706e-7
934 9.9126679088230828e-8
935 1.7347168840440393e-7
936 2.2303502794851936e-7
937 4.9563339544115414e-8
938 9.9126679088230828e-8
939 9.9126679088230828e-8
940 1.2390834886028853e-7
941 1.4869001863234623e-7
942 1.4869001863234623e-7
943 1.4869001863234623e-7
944 1.9825335817646166e-7
945 1.4869001863234623e-7
946 4.2128838612498099e-7
947 2.2303502794851936e-7
948 4.9563339544115414e-8
949 1.7347168840440393e-7
950 2.4781669772057706e-7
951 1.2390834886028853e-7
952 2.4781669772057706e-7
953 1.2390834886028853e-7
954 1.2390834886028853e-7
955 2.2303502794851936e-7
956 2.4781669772057706e-7
957 1.7347168840440393e-7
958 3.2216170703675018e-7
959 2.2303502794851936e-7
960 1.4869001863234623e-7
961 1.9825335817646166e-7
962 2.9738003726469246e-7
963 9.9126679088230828e-8
964 2.2303502794851936e-7
965 2.9738003726469246e-7
966 2.9738003726469246e-7
967 1.9825335817646166e-7
968 3.2216170703675018e-7
969 2.2303502794851936e-7
970 2.7259836749263478e-7
971 2.9738003726469246e-7
972 1.9825335817646166e-7
973 1.9825335817646166e-7
974 9.9126679088230828e-8
975 2.4781669772057706e-7
976 3.4694337680880786e-7
977 2.9738003726469246e-7
978 2.7259836749263478e-7
979 2.4781669772057706e-7
980 2.7259836749263478e-7
981 2.4781669772057706e-7
982 2.4781669772057706e-7
983 4.9563339544115414e-8
984 2.7259836749263478e-7
985 1.2390834886028853e-7
986 1.7347168840440393e-7
987 3.4694337680880786e-7
988 1.9825335817646166e-7
989 1.4869001863234623e-7
990 2.2303502794851936e-7
991 2.9738003726469246e-7
992 2.4781669772057706e-7
993 2.4781669772057706e-7
994 2.9738003726469246e-7
995 2.7259836749263478e-7
996 3.7172504658086559e-7
997 2.4781669772057706e-7
998 2.2303502794851936e-7
999 2.4781669772057706e-7
1000 4.7085172566909639e-7
1001 3.7172504658086559e-7
1002 2.7259836749263478e-7
1003 4.7085172566909639e-7
1004 3.2216170703675018e-7
1005 3.2216170703675018e-7
1006 2.7259836749263478e-7
1007 3.9650671635292331e-7
1008 3.7172504658086559e-7
1009 1.9825335817646166e-7
1010 4.2128838612498099e-7
1011 3.7172504658086559e-7
1012 4.2128838612498099e-7
1013 3.4694337680880786e-7
1014 2.4781669772057706e-7
1015 3.7172504658086559e-7
1016 3.4694337680880786e-7
1017 4.2128838612498099e-7
1018 3.7172504658086559e-7
1019 3.2216170703675018e-7
1020 3.4694337680880786e-7
1021 2.4781669772057706e-7
1022 1.9825335817646166e-7
1023 3.2216170703675018e-7
1024 3.9650671635292331e-7
1025 3.7172504658086559e-7
1026 3.7172504658086559e-7
1027 4.2128838612498099e-7
1028 2.9738003726469246e-7
1029 4.4607005589703871e-7
1030 5.4519673498526957e-7
1031 3.7172504658086559e-7
1032 6.4432341407350037e-7
1033 2.9738003726469246e-7
1034 3.2216170703675018e-7
1035 3.7172504658086559e-7
1036 4.7085172566909639e-7
1037 5.2041506521321179e-7
1038 5.9476007452938492e-7
1039 3.2216170703675018e-7
1040 4.7085172566909639e-7
1041 5.4519673498526957e-7
1042 4.4607005589703871e-7
1043 3.4694337680880786e-7
1044 4.9563339544115411e-7
1045 3.4694337680880786e-7
1046 3.9650671635292331e-7
1047 5.2041506521321179e-7
1048 6.6910508384555804e-7
1049 5.2041506521321179e-7
1050 4.7085172566909639e-7
1051 6.9388675361761572e-7
1052 6.6910508384555804e-7
1053 6.9388675361761572e-7
1054 4.7085172566909639e-7
1055 5.6997840475732724e-7
1056 5.6997840475732724e-7
1057 3.7172504658086559e-7
1058 4.9563339544115411e-7
1059 5.6997840475732724e-7
1060 7.9301343270584662e-7
1061 5.4519673498526957e-7
1062 5.6997840475732724e-7
1063 6.6910508384555804e-7
1064 8.1779510247790430e-7
1065 3.4694337680880786e-7
1066 7.4345009316173117e-7
1067 6.6910508384555804e-7
1068 7.4345009316173117e-7
1069 6.4432341407350037e-7
1070 8.6735844202201975e-7
1071 4.4607005589703871e-7
1072 7.6823176293378884e-7
1073 5.6997840475732724e-7
1074 6.6910508384555804e-7
1075 7.9301343270584662e-7
1076 8.1779510247790430e-7
1077 6.1954174430144270e-7
1078 4.7085172566909639e-7
1079 7.1866842338967350e-7
1080 5.6997840475732724e-7
1081 7.4345009316173117e-7
1082 7.1866842338967350e-7
1083 5.2041506521321179e-7
1084 8.6735844202201975e-7
1085 6.4432341407350037e-7
1086 8.9214011179407743e-7
1087 6.4432341407350037e-7
1088 9.1692178156613510e-7
1089 9.9126679088230823e-7
1090 5.9476007452938492e-7
1091 7.1866842338967350e-7
1092 5.9476007452938492e-7
1093 8.6735844202201975e-7
1094 7.1866842338967350e-7
1095 6.9388675361761572e-7
1096 0.0000010408301304264236
1097 0.0000010160484606543659
1098 7.4345009316173117e-7
1099 8.9214011179407743e-7
1100 0.0000011647384792867122
1101 9.6648512111025055e-7
1102 7.1866842338967350e-7
1103 7.1866842338967350e-7
1104 9.6648512111025055e-7
1105 9.9126679088230823e-7
1106 7.1866842338967350e-7
1107 9.1692178156613510e-7
1108 7.9301343270584662e-7
1109 0.0000011647384792867122
1110 7.9301343270584662e-7
1111 9.6648512111025055e-7
1112 0.0000010160484606543659
1113 0.0000010408301304264236
1114 7.1866842338967350e-7
1115 7.9301343270584662e-7
1116 8.4257677224996197e-7
1117 0.0000011151751397425968
1118 7.9301343270584662e-7
1119 0.0000011151751397425968
1120 8.4257677224996197e-7
1121 7.6823176293378884e-7
1122 0.0000012143018188308275
1123 0.0000011151751397425968
1124 0.0000010656118001984812
1125 9.6648512111025055e-7
1126 0.0000012143018188308275
1127 0.0000010903934699705391
1128 8.1779510247790430e-7
1129 0.0000013134284979190584
1130 0.0000012638651583749431
1131 0.0000010408301304264236
1132 0.0000010160484606543659
1133 0.0000010656118001984812
1134 0.0000011647384792867122
1135 0.0000010903934699705391
1136 0.0000010656118001984812
1137 0.0000014125551770072893
1138 0.0000012638651583749431
1139 0.0000011399568095146545
1140 0.0000012638651583749431
1141 0.0000011895201490587698
1142 0.0000010408301304264236
1143 0.0000010656118001984812
1144 0.0000014621185165514047
1145 0.0000013134284979190584
1146 0.0000010656118001984812
1147 0.0000011647384792867122
1148 0.0000012143018188308275
1149 0.0000011895201490587698
1150 0.0000012390834886028854
1151 0.0000014125551770072893
1152 0.0000013629918374631738
1153 0.0000011895201490587698
1154 0.0000012886468281470007
1155 0.0000012886468281470007
1156 0.0000014621185165514047
1157 0.0000012390834886028854
1158 0.0000013629918374631738
1159 0.0000012143018188308275
1160 0.0000014125551770072893
1161 0.0000010160484606543659
1162 0.0000014869001863234623
1163 0.0000018586252329043279
1164 0.0000014621185165514047
1165 0.0000013629918374631738
1166 0.0000015612451956396354
1167 0.00000151168185609552
1168 0.0000018586252329043279
1169 0.0000014125551770072893
1170 0.000001437336846779347
1171 0.0000013629918374631738
1172 0.0000017347168840440395
1173 0.0000014869001863234623
1174 0.0000012886468281470007
1175 0.0000011647384792867122
1176 0.0000017594985538160972
1177 0.0000016355902049558086
1178 0.0000016603718747278663
1179 0.0000022303502794851936
1180 0.0000016108085351837509
1181 0.0000016108085351837509
1182 0.0000019825335817646165
1183 0.00000151168185609552
1184 0.0000014869001863234623
1185 0.0000015860268654116932
1186 0.0000015612451956396354
1187 0.0000017347168840440395
1188 0.0000016851535444999239
1189 0.0000017099352142719816
1190 0.0000016603718747278663
1191 0.0000019577519119925586
1192 0.0000015860268654116932
1193 0.0000017347168840440395
1194 0.000001437336846779347
1195 0.0000020568785910807897
1196 0.0000018090618933602125
1197 0.0000016108085351837509
1198 0.0000022055686097131357
1199 0.0000018338435631322702
1200 0.0000016851535444999239
1201 0.0000018586252329043279
1202 0.0000018586252329043279
1203 0.0000021560052701690204
1204 0.000002106441930624905
1205 0.0000017099352142719816
1206 0.0000023790402981175397
1207 0.0000017099352142719816
1208 0.0000017099352142719816
1209 0.0000019577519119925586
1210 0.0000020816602608528472
1211 0.0000019577519119925586
1212 0.0000020816602608528472
1213 0.0000016355902049558086
1214 0.0000016851535444999239
1215 0.0000017842802235881549
1216 0.0000018090618933602125
1217 0.0000022055686097131357
1218 0.0000020568785910807897
1219 0.0000018090618933602125
1220 0.0000023542586283454822
1221 0.0000017842802235881549
1222 0.0000022551319492572511
1223 0.0000025772936562940015
1224 0.0000022055686097131357
1225 0.0000024533853074337129
1226 0.000002279913619029309
1227 0.0000019329702422205011
1228 0.0000023790402981175397
1229 0.000002279913619029309
1230 0.0000019577519119925586
1231 0.0000019825335817646165
1232 0.0000023790402981175397
1233 0.0000021312236003969625
1234 0.0000020320969213087318
1235 0.0000024038219678895975
1236 0.0000026020753260660589
1237 0.0000026268569958381168
1238 0.0000023046952888013669
1239 0.0000022551319492572511
1240 0.0000024038219678895975
1241 0.0000023046952888013669
1242 0.0000021807869399410783
1243 0.0000020816602608528472
1244 0.000002279913619029309
1245 0.0000021312236003969625
1246 0.0000028498920237866361
1247 0.0000025029486469778282
1248 0.0000023790402981175397
1249 0.0000024781669772057708
1250 0.0000023790402981175397
1251 0.0000025029486469778282
1252 0.0000025277303167498861
1253 0.0000023046952888013669
1254 0.0000028251103540145786
1255 0.0000024038219678895975
1256 0.0000025525119865219436
1257 0.0000023790402981175397
1258 0.00000302336371219104
1259 0.0000026268569958381168
1260 0.0000022055686097131357
1261 0.0000027259836749263475
1262 0.000002874673693558694
1263 0.0000027507653446984054
1264 0.0000026764203353822322
1265 0.0000028994553633307514
1266 0.0000028994553633307514
1267 0.000002874673693558694
1268 0.0000023790402981175397
1269 0.0000028498920237866361
1270 0.0000028251103540145786
1271 0.000002874673693558694
1272 0.0000029490187028748668
1273 0.0000025277303167498861
1274 0.000003196835400595444
1275 0.0000024533853074337129
1276 0.0000027259836749263475
1277 0.000002428603637661655
1278 0.000002874673693558694
1279 0.0000028498920237866361
1280 0.0000025772936562940015
1281 0.0000028251103540145786
1282 0.0000028498920237866361
1283 0.0000031224903912792707
1284 0.0000026516386656101747
1285 0.000002874673693558694
1286 0.0000024038219678895975
1287 0.0000028994553633307514
1288 0.000002874673693558694
1289 0.000003196835400595444
1290 0.0000025772936562940015
1291 0.0000029242370331028093
1292 0.0000028251103540145786
1293 0.0000032216170703675018
1294 0.000002874673693558694
1295 0.0000020816602608528472
1296 0.0000030729270517351554
1297 0.0000028498920237866361
1298 0.0000034446520983160211
1299 0.0000028994553633307514
1300 0.0000027259836749263475
1301 0.0000032959620796836751
1302 0.0000028251103540145786
1303 0.0000029490187028748668
1304 0.0000029490187028748668
1305 0.0000031472720610513286
1306 0.0000036181237867204251
1307 0.0000030729270517351554
1308 0.000002428603637661655
1309 0.0000025772936562940015
1310 0.0000035437787774042518
1311 0.000002874673693558694
1312 0.0000031472720610513286
1313 0.0000035437787774042518
1314 0.0000037420321355807136
1315 0.0000031224903912792707
1316 0.0000036181237867204251
1317 0.0000033703070889998479
1318 0.0000029242370331028093
1319 0.0000035189971076321944
1320 0.0000035685604471763097
1321 0.0000032463987401395593
1322 0.0000033455254192277904
1323 0.0000032711804099116172
1324 0.0000033455254192277904
1325 0.0000036181237867204251
1326 0.0000031720537308233865
1327 0.0000032216170703675018
1328 0.0000032216170703675018
1329 0.0000032711804099116172
1330 0.0000035437787774042518
1331 0.0000032216170703675018
1332 0.0000030977087215072133
1333 0.000003469433768088079
1334 0.0000033950887587719058
1335 0.0000030481453819630979
1336 0.0000033703070889998479
1337 0.0000030481453819630979
1338 0.0000032216170703675018
1339 0.0000029738003726469247
1340 0.0000027507653446984054
1341 0.0000028251103540145786
1342 0.0000030729270517351554
1343 0.0000032463987401395593
1344 0.0000034942154378601365
1345 0.0000031472720610513286
1346 0.000003196835400595444
1347 0.00000302336371219104
1348 0.0000036429054564924829
1349 0.0000035437787774042518
1350 0.000003791595475124829
1351 0.0000033455254192277904
1352 0.0000031224903912792707
1353 0.000003791595475124829
1354 0.0000032463987401395593
1355 0.0000035685604471763097
1356 0.0000033703070889998479
1357 0.0000036181237867204251
1358 0.0000032216170703675018
1359 0.0000038163771448968864
1360 0.0000036924687960365983
1361 0.0000036676871262645404
1362 0.0000041633205217056943
1363 0.0000035685604471763097
1364 0.0000031720537308233865
1365 0.0000028994553633307514
1366 0.0000034198704285439632
1367 0.000003791595475124829
1368 0.0000038659404844410022
1369 0.0000034942154378601365
1370 0.0000035933421169483672
1371 0.0000029985820424189826
1372 0.0000035685604471763097
1373 0.0000033207437494557325
1374 0.0000033207437494557325
1375 0.0000032711804099116172
1376 0.0000034446520983160211
1377 0.0000033703070889998479
1378 0.0000035437787774042518
1379 0.0000035685604471763097
1380 0.0000037420321355807136
1381 0.0000034942154378601365
1382 0.0000032216170703675018
1383 0.0000030729270517351554
1384 0.0000036181237867204251
1385 0.0000033703070889998479
1386 0.0000038907221542130597
1387 0.0000040394121728454061
1388 0.0000038411588146689448
1389 0.0000035437787774042518
1390 0.0000033950887587719058
1391 0.0000029242370331028093
1392 0.00000302336371219104
1393 0.0000037172504658086557
1394 0.000003196835400595444
1395 0.0000035189971076321944
1396 0.0000030729270517351554
1397 0.0000034446520983160211
1398 0.0000037668138053527711
1399 0.0000034942154378601365
1400 0.0000040146305030733487
1401 0.0000040889755123895211
1402 0.0000039898488333012904
1403 0.0000029242370331028093
1404 0.0000033207437494557325
1405 0.0000029242370331028093
1406 0.0000028003286842425208
1407 0.0000033207437494557325
1408 0.000003196835400595444
1409 0.0000036181237867204251
1410 0.0000029490187028748668
1411 0.0000035189971076321944
1412 0.0000032711804099116172
1413 0.0000032711804099116172
1414 0.0000032216170703675018
1415 0.0000030481453819630979
1416 0.0000029738003726469247
1417 0.0000034942154378601365
1418 0.0000027259836749263475
1419 0.0000038411588146689448
1420 0.0000034198704285439632
1421 0.000003196835400595444
1422 0.0000034446520983160211
1423 0.0000029738003726469247
1424 0.0000029490187028748668
1425 0.0000032216170703675018
1426 0.0000035933421169483672
1427 0.0000033207437494557325
1428 0.0000028994553633307514
1429 0.0000033455254192277904
1430 0.0000033207437494557325
1431 0.0000031720537308233865
1432 0.0000029738003726469247
1433 0.0000035933421169483672
1434 0.0000033207437494557325
1435 0.00000302336371219104
1436 0.0000027507653446984054
1437 0.0000033703070889998479
1438 0.0000030977087215072133
1439 0.0000029490187028748668
1440 0.0000025277303167498861
1441 0.0000029985820424189826
1442 0.0000025772936562940015
1443 0.0000031224903912792707
1444 0.0000029985820424189826
1445 0.0000030977087215072133
1446 0.0000029985820424189826
1447 0.0000032216170703675018
1448 0.0000026764203353822322
1449 0.0000024533853074337129
1450 0.000002874673693558694
1451 0.0000026268569958381168
1452 0.0000029242370331028093
1453 0.0000031472720610513286
1454 0.0000025525119865219436
1455 0.0000028003286842425208
1456 0.0000029242370331028093
1457 0.0000028994553633307514
1458 0.0000029738003726469247
1459 0.0000022551319492572511
1460 0.0000028251103540145786
1461 0.0000027507653446984054
1462 0.0000025525119865219436
1463 0.000002874673693558694
1464 0.0000026516386656101747
1465 0.0000022303502794851936
1466 0.0000027012020051542901
1467 0.0000029242370331028093
1468 0.0000026268569958381168
1469 0.0000026020753260660589
1470 0.0000021560052701690204
1471 0.0000027012020051542901
1472 0.0000026268569958381168
1473 0.0000025772936562940015
1474 0.0000022551319492572511
1475 0.0000025277303167498861
1476 0.0000025525119865219436
1477 0.0000023542586283454822
1478 0.0000024038219678895975
1479 0.000002874673693558694
1480 0.0000026020753260660589
1481 0.0000025525119865219436
1482 0.0000027507653446984054
1483 0.0000026516386656101747
1484 0.0000024038219678895975
1485 0.0000021807869399410783
1486 0.0000023790402981175397
1487 0.0000024781669772057708
1488 0.0000024781669772057708
1489 0.0000025029486469778282
1490 0.000002874673693558694
1491 0.0000023542586283454822
1492 0.0000026764203353822322
1493 0.0000023294769585734243
1494 0.0000020816602608528472
1495 0.0000020568785910807897
1496 0.0000024781669772057708
1497 0.0000016355902049558086
1498 0.000002106441930624905
1499 0.0000019081885724484432
1500 0.0000022303502794851936
1501 0.0000022055686097131357
1502 0.0000021807869399410783
1503 0.0000024533853074337129
1504 0.0000019577519119925586
1505 0.0000022303502794851936
1506 0.0000021560052701690204
1507 0.0000017099352142719816
1508 0.0000018586252329043279
1509 0.0000023542586283454822
1510 0.0000022551319492572511
1511 0.0000019825335817646165
1512 0.0000018090618933602125
1513 0.0000022303502794851936
1514 0.0000016851535444999239
1515 0.0000019577519119925586
1516 0.0000017347168840440395
1517 0.0000021312236003969625
1518 0.0000020073152515366743
1519 0.0000022055686097131357
1520 0.0000019081885724484432
1521 0.0000020320969213087318
1522 0.000002106441930624905
1523 0.0000018834069026763855
1524 0.0000016355902049558086
1525 0.0000016108085351837509
1526 0.0000018338435631322702
1527 0.0000015860268654116932
1528 0.0000017099352142719816
1529 0.0000015364635258675777
1530 0.0000018338435631322702
1531 0.0000013629918374631738
1532 0.0000018338435631322702
1533 0.0000015364635258675777
1534 0.0000017347168840440395
1535 0.0000015612451956396354
1536 0.0000015612451956396354
1537 0.0000017347168840440395
1538 0.0000015860268654116932
1539 0.0000013134284979190584
1540 0.0000016108085351837509
1541 0.0000015612451956396354
1542 0.0000017347168840440395
1543 0.0000016851535444999239
1544 0.0000011647384792867122
1545 0.0000013382101676911161
1546 0.0000011151751397425968
1547 0.0000010160484606543659
1548 0.0000013629918374631738
1549 0.0000011647384792867122
1550 9.4170345133819277e-7
1551 0.0000010903934699705391
1552 0.0000010656118001984812
1553 0.0000013877735072352314
1554 0.0000010903934699705391
1555 0.0000010656118001984812
1556 0.0000016355902049558086
1557 0.0000012638651583749431
1558 9.6648512111025055e-7
1559 0.0000010408301304264236
1560 7.1866842338967350e-7
1561 0.0000011399568095146545
1562 0.0000012390834886028854
1563 0.0000010408301304264236
1564 8.9214011179407743e-7
1565 0.0000010656118001984812
1566 0.0000013134284979190584
1567 0.0000011151751397425968
1568 8.9214011179407743e-7
1569 9.9126679088230823e-7
1570 9.9126679088230823e-7
1571 8.6735844202201975e-7
1572 0.0000010160484606543659
1573 0.0000012390834886028854
1574 0.0000010903934699705391
1575 0.0000012143018188308275
1576 8.9214011179407743e-7
1577 0.0000010408301304264236
1578 8.6735844202201975e-7
1579 9.1692178156613510e-7
1580 8.6735844202201975e-7
1581 9.9126679088230823e-7
1582 8.4257677224996197e-7
1583 7.9301343270584662e-7
1584 7.6823176293378884e-7
1585 7.9301343270584662e-7
1586 7.1866842338967350e-7
1587 8.4257677224996197e-7
1588 8.1779510247790430e-7
1589 6.4432341407350037e-7
1590 7.9301343270584662e-7
1591 8.1779510247790430e-7
1592 6.4432341407350037e-7
1593 5.9476007452938492e-7
1594 6.9388675361761572e-7
1595 6.4432341407350037e-7
1596 7.4345009316173117e-7
1597 7.1866842338967350e-7
1598 7.6823176293378884e-7
1599 7.9301343270584662e-7
1600 6.4432341407350037e-7
1601 5.4519673498526957e-7
1602 5.2041506521321179e-7
1603 6.1954174430144270e-7
1604 4.9563339544115411e-7
1605 6.6910508384555804e-7
1606 6.9388675361761572e-7
1607 4.4607005589703871e-7
1608 6.9388675361761572e-7
1609 5.2041506521321179e-7
1610 4.2128838612498099e-7
1611 7.4345009316173117e-7
1612 3.7172504658086559e-7
1613 4.2128838612498099e-7
1614 5.2041506521321179e-7
1615 6.9388675361761572e-7
1616 5.4519673498526957e-7
1617 5.4519673498526957e-7
1618 4.7085172566909639e-7
1619 4.7085172566909639e-7
1620 5.6997840475732724e-7
1621 4.9563339544115411e-7
1622 2.4781669772057706e-7
1623 4.7085172566909639e-7
1624 3.9650671635292331e-7
1625 4.9563339544115411e-7
1626 4.4607005589703871e-7
1627 3.9650671635292331e-7
1628 3.9650671635292331e-7
1629 3.4694337680880786e-7
1630 1.9825335817646166e-7
1631 2.9738003726469246e-7
1632 2.9738003726469246e-7
1633 3.2216170703675018e-7
1634 3.7172504658086559e-7
1635 3.7172504658086559e-7
1636 3.2216170703675018e-7
1637 2.2303502794851936e-7
1638 4.2128838612498099e-7
1639 3.7172504658086559e-7
1640 2.7259836749263478e-7
1641 3.7172504658086559e-7
1642 2.2303502794851936e-7
1643 1.4869001863234623e-7
1644 2.9738003726469246e-7
1645 1.4869001863234623e-7
1646 2.7259836749263478e-7
1647 2.4781669772057706e-7
1648 9.9126679088230828e-8
1649 2.2303502794851936e-7
1650 2.2303502794851936e-7
1651 2.2303502794851936e-7
1652 3.4694337680880786e-7
1653 1.9825335817646166e-7
1654 9.9126679088230828e-8
1655 2.7259836749263478e-7
1656 2.7259836749263478e-7
1657 2.2303502794851936e-7
1658 1.2390834886028853e-7
1659 1.7347168840440393e-7
1660 1.9825335817646166e-7
1661 2.4781669772057707e-8
1662 2.2303502794851936e-7
1663 1.7347168840440393e-7
1664 1.2390834886028853e-7
1665 1.2390834886028853e-7
1666 1.2390834886028853e-7
1667 2.9738003726469246e-7
1668 1.4869001863234623e-7
1669 1.2390834886028853e-7
1670 4.9563339544115414e-8
1671 9.9126679088230828e-8
1672 4.9563339544115414e-8
1673 9.9126679088230828e-8
1674 1.4869001863234623e-7
1675 2.4781669772057707e-8
1676 9.9126679088230828e-8
1677 2.2303502794851936e-7
1678 9.9126679088230828e-8
1679 1.2390834886028853e-7
1680 9.9126679088230828e-8
1681 2.4781669772057707e-8
1682 9.9126679088230828e-8
1683 2.4781669772057707e-8
1684 1.2390834886028853e-7
1685 9.9126679088230828e-8
1686 7.4345009316173114e-8
1687 4.9563339544115414e-8
1688 9.9126679088230828e-8
1689 1.2390834886028853e-7
1690 7.4345009316173114e-8
1691 9.9126679088230828e-8
1692 4.9563339544115414e-8
1693 4.9563339544115414e-8
1694 4.9563339544115414e-8
1695 4.9563339544115414e-8
1696 2.4781669772057707e-8
1697 7.4345009316173114e-8
1699 7.4345009316173114e-8
1700 4.9563339544115414e-8
1701 4.9563339544115414e-8
1702 2.4781669772057707e-8
1704 2.4781669772057707e-8
1706 4.9563339544115414e-8
1708 2.4781669772057707e-8
1709 2.4781669772057707e-8
1710 4.9563339544115414e-8
1711 4.9563339544115414e-8
1713 2.4781669772057707e-8
1714 4.9563339544115414e-8
1715 2.4781669772057707e-8
1716 4.9563339544115414e-8
1717 4.9563339544115414e-8
1721 2.4781669772057707e-8
1722 4.9563339544115414e-8
1723 2.4781669772057707e-8
1725 2.4781669772057707e-8
1730 2.4781669772057707e-8
1731 2.4781669772057707e-8
1733 2.4781669772057707e-8
1736 2.4781669772057707e-8
1739 2.4781669772057707e-8
1744 2.4781669772057707e-8
1746 2.4781669772057707e-8
1747 2.4781669772057707e-8
1752 2.4781669772057707e-8
1765 2.4781669772057707e-8
