1 0.81922166080582148
2 0.08457753617622317
3 0.028839824670755375
4 0.014659428305246972
5 0.0090700011019511952
6 0.0059150669184205281
7 0.00455532405479093
8 0.0034984245807137522
9 0.0026909710013738072
10 0.0023079154560787444
11 0.0018008324445342215
12 0.0015697008859347598
13 0.0013429740410899518
14 0.0011487802574856566
15 0.0010031156008624585
16 0.00091432584465022781
17 0.00080583079006191487
18 0.00074725582469301077
19 0.00065205218704856508
20 0.00059710917863525271
21 0.00054332530542053347
22 0.00047725459910072745
23 0.0004753227071030723
24 0.00043969861866631141
25 0.00041628408765473102
26 0.00038521926433243627
27 0.00036852771747269579
28 0.00033383093719480936
29 0.00031698483897525648
30 0.00029882505419729808
31 0.00029928870827673531
32 0.00028383357229549419
33 0.00028684732381183619
34 0.00028646094541230518
35 0.0002567098086484159
36 0.00021954020661353087
37 0.00020114859479585388
38 0.00018090236666042794
39 0.00016660636587777987
40 0.00015833786812781582
41 0.00015911062492687789
42 0.00017209293915112047
43 0.00020470327607153936
44 0.00017595672314643076
45 0.00015996065740584616
46 0.00014141449422835675
47 0.00012526387712795972
48 0.00012534115280786592
49 0.00012024095793405634
50 0.000099840178438817981
51 0.000091417129329041545
52 0.000086394210135138158
53 0.0000803667071024541
54 0.000077816609665549316
55 0.000063752435922619842
56 0.000059965927607215757
57 0.000065143398160931549
58 0.000057956759929654406
59 0.000054865732733406167
60 0.000052083808256782754
61 0.000052702013696032404
62 0.000050306467618940019
63 0.000050538294658658641
64 0.000053088392095563432
65 0.000053011116415657229
66 0.000056565797691342699
67 0.000037478704754509846
68 0.000035855915476479524
69 0.000038406012913384315
70 0.00003871511563300914
71 0.000041187937390007729
72 0.000043197105067569079
73 0.000037865083154040874
74 0.000036087742516198139
75 0.000033460369399387145
76 0.000030601169242857522
77 0.000027355590686796877
78 0.00002828289884567135
79 0.000026196455488203789
80 0.000025810077088672761
81 0.000022255395812987291
82 0.00002318270397186176
83 0.000019705298376082497
84 0.00002318270397186176
85 0.000019937125415801116
86 0.000021946293093362466
87 0.000019241644296645262
88 0.000021714466053643851
89 0.00002040077949523835
90 0.000019241644296645262
91 0.000018700714537301822
92 0.00001684609821955288
93 0.000017850682058333556
94 0.000017387027978896321
95 0.00001684609821955288
96 0.000016923373899459087
97 0.000015686963020959793
98 0.000016073341420490821
99 0.000015068757581710145
100 0.00001514603326161635
101 0.000014991481901803939
102 0.000013368692623773615
103 0.000015764238700865999
104 0.000012132281745274321
105 0.000013677795343398439
106 0.000010509492467243999
107 0.000011359524946212263
108 0.0000091185302289322936
109 0.0000098912870279943516
110 0.0000091958059088384982
111 0.0000095049086284633217
112 0.0000093503572686509108
113 0.0000081139463901516166
114 0.000008191222070057823
115 0.0000082684977499640276
116 0.0000091185302289322936
117 0.0000074957409509019696
118 0.000007959395030339204
119 0.0000096594599882757343
120 0.000006800259831746117
121 0.0000082684977499640276
122 0.0000074957409509019696
123 0.0000071093625513709397
124 0.0000073411895910895578
125 0.0000062593300724026754
126 0.0000057956759929654401
127 0.000006800259831746117
128 0.0000057184003130592346
129 0.0000061820543924964699
130 0.0000055638489532468229
131 0.0000060275030326840582
132 0.0000064138814322150872
133 0.0000056411246331530283
134 0.0000045592651144661468
135 0.0000050229191939033813
136 0.0000054092975934344111
137 0.0000051001948738095876
138 0.0000057184003130592346
139 0.0000046365407943723522
140 0.0000037865083154040875
141 0.0000042501623948413232
142 0.0000040956110350289115
143 0.000004791092154184764
144 0.0000037865083154040875
145 0.0000037865083154040875
146 0.0000049456435139971758
147 0.0000045592651144661468
148 0.0000041728867149351169
149 0.0000033228542359668526
150 0.0000033228542359668526
151 0.0000037092326354978816
152 0.0000037092326354978816
153 0.000003477405595779264
154 0.000003091027196248235
155 0.0000041728867149351169
156 0.0000038637839953102934
157 0.0000031683028761544409
158 0.000003091027196248235
159 0.0000036319569555916757
160 0.0000036319569555916757
161 0.0000040183353551227052
162 0.0000037865083154040875
163 0.0000028592001565296173
164 0.0000039410596752164997
165 0.0000033228542359668526
166 0.0000029364758364358232
167 0.0000036319569555916757
168 0.0000033228542359668526
169 0.0000027819244766234114
170 0.0000023182703971861761
171 0.0000037092326354978816
172 0.0000027046487967172055
173 0.0000038637839953102934
174 0.0000027046487967172055
175 0.0000024728217569985879
176 0.0000029364758364358232
177 0.0000031683028761544409
178 0.0000030137515163420291
179 0.0000029364758364358232
180 0.0000025500974369047938
181 0.0000027819244766234114
182 0.0000030137515163420291
183 0.0000034001299158730585
184 0.0000031683028761544409
185 0.0000027819244766234114
186 0.0000034001299158730585
187 0.0000021637190373737644
188 0.0000023182703971861761
189 0.0000021637190373737644
190 0.0000016227892780303234
191 0.0000031683028761544409
192 0.0000027046487967172055
193 0.0000025500974369047938
194 0.0000021637190373737644
195 0.0000017773406378427349
196 0.0000016227892780303234
197 0.0000027046487967172055
198 0.0000023182703971861761
199 0.0000026273731168109997
200 0.0000027819244766234114
201 0.0000026273731168109997
202 0.0000031683028761544409
203 0.0000027046487967172055
204 0.0000032455785560606467
205 0.0000027819244766234114
206 0.000002395546077092382
207 0.0000028592001565296173
208 0.0000026273731168109997
209 0.0000030137515163420291
210 0.0000031683028761544409
211 0.0000037092326354978816
212 0.0000033228542359668526
213 0.0000030137515163420291
214 0.000004404713754653735
215 0.0000032455785560606467
216 0.0000034001299158730585
217 0.0000027819244766234114
218 0.0000034001299158730585
219 0.0000026273731168109997
220 0.0000040956110350289115
221 0.0000032455785560606467
222 0.0000028592001565296173
223 0.0000036319569555916757
224 0.0000032455785560606467
225 0.0000040183353551227052
226 0.0000035546812756854699
227 0.0000032455785560606467
228 0.0000027819244766234114
229 0.0000041728867149351169
230 0.0000042501623948413232
231 0.0000036319569555916757
232 0.0000035546812756854699
233 0.0000041728867149351169
234 0.0000038637839953102934
235 0.0000035546812756854699
236 0.0000040956110350289115
237 0.0000046365407943723522
238 0.0000039410596752164997
239 0.0000035546812756854699
240 0.0000042501623948413232
241 0.0000037865083154040875
242 0.0000033228542359668526
243 0.0000051001948738095876
244 0.0000040956110350289115
245 0.0000036319569555916757
246 0.0000050229191939033813
247 0.000004404713754653735
248 0.0000057184003130592346
249 0.0000046365407943723522
250 0.0000049456435139971758
251 0.0000051001948738095876
252 0.000005177470553715793
253 0.0000050229191939033813
254 0.000004791092154184764
255 0.000005177470553715793
256 0.0000061820543924964699
257 0.0000054865732733406166
258 0.0000056411246331530283
259 0.000004404713754653735
260 0.0000053320219135282048
261 0.0000061820543924964699
262 0.0000057184003130592346
263 0.0000056411246331530283
264 0.0000058729516728716464
265 0.0000060275030326840582
266 0.0000060275030326840582
267 0.0000061047787125902636
268 0.000007573016630808175
269 0.0000054092975934344111
270 0.0000063366057523088817
271 0.0000061047787125902636
272 0.0000054865732733406166
273 0.0000060275030326840582
274 0.0000060275030326840582
275 0.000007573016630808175
276 0.0000061047787125902636
277 0.0000052547462336219993
278 0.0000074957409509019696
279 0.000008191222070057823
280 0.0000055638489532468229
281 0.000007573016630808175
282 0.0000073411895910895578
283 0.000007186638231277146
284 0.0000085003247896826465
285 0.0000074184652709957633
286 0.0000078048436705267931
287 0.0000068775355116523225
288 0.0000077275679906205868
289 0.0000078821193504329994
290 0.0000078048436705267931
291 0.0000087321518294012637
292 0.0000078048436705267931
293 0.0000070320868714647343
294 0.000007573016630808175
295 0.0000083457734298702339
296 0.000008963978869119881
297 0.000008963978869119881
298 0.000007959395030339204
299 0.0000086548761494950574
300 0.0000083457734298702339
301 0.0000085003247896826465
302 0.0000083457734298702339
303 0.0000064138814322150872
304 0.0000095049086284633217
305 0.0000087321518294012637
306 0.0000098912870279943516
307 0.0000080366707102454103
308 0.0000095049086284633217
309 0.000008191222070057823
310 0.0000090412545490260873
311 0.0000098140113480881453
312 0.0000094276329485571154
313 0.0000091185302289322936
314 0.0000090412545490260873
315 0.000011050422226587439
316 0.00001066404382705641
317 0.0000098140113480881453
318 0.000010200389747619175
319 0.0000093503572686509108
320 0.0000094276329485571154
321 0.0000095049086284633217
322 0.000011127697906493646
323 0.000010586768147150205
324 0.0000093503572686509108
325 0.000010741319506962616
326 0.00001066404382705641
327 0.000012750487184523968
328 0.0000093503572686509108
329 0.000010586768147150205
330 0.000012441384464899145
331 0.000012055006065368116
332 0.000011359524946212263
333 0.000010895870866775029
334 0.000010741319506962616
335 0.00001236410878499294
336 0.000010973146546681233
337 0.0000099685627079005579
338 0.000012055006065368116
339 0.00000880942750930747
340 0.000010045838387806763
341 0.000011900454705555704
342 0.000010895870866775029
343 0.000010586768147150205
344 0.000011127697906493646
345 0.000010354941107431586
346 0.000010509492467243999
347 0.000011436800626118469
348 0.000010741319506962616
349 0.000010973146546681233
350 0.00001197773038546191
351 0.000011204973586399852
352 0.000011900454705555704
353 0.00001197773038546191
354 0.00001066404382705641
355 0.000012441384464899145
356 0.00001197773038546191
357 0.000014064173742929469
358 0.000012750487184523968
359 0.000012750487184523968
360 0.000012441384464899145
361 0.000012595935824711557
362 0.000015223308941522556
363 0.000013368692623773615
364 0.000011514076306024676
365 0.000014605103502272909
366 0.000012750487184523968
367 0.000013214141263961204
368 0.000012750487184523968
369 0.000012595935824711557
370 0.000012982314224242587
371 0.000013368692623773615
372 0.000014218725102741879
373 0.000012441384464899145
374 0.000013832346703210851
375 0.000015223308941522556
376 0.000012518660144805351
377 0.000012055006065368116
378 0.00001159135198593088
379 0.000013600519663492234
380 0.000011282249266306057
381 0.000013523243983586028
382 0.000013523243983586028
383 0.00001197773038546191
384 0.000013523243983586028
385 0.000014218725102741879
386 0.000012982314224242587
387 0.000013368692623773615
388 0.000013909622383117056
389 0.000014759654862085322
390 0.000014064173742929469
391 0.000017077925259271496
392 0.000013368692623773615
393 0.000012982314224242587
394 0.00001236410878499294
395 0.000013909622383117056
396 0.000013368692623773615
397 0.000013059589904148792
398 0.00001514603326161635
399 0.000013986898063023262
400 0.000014141449422835675
401 0.00001159135198593088
402 0.000014682379182179116
403 0.000015223308941522556
404 0.000015377860301334967
405 0.000014064173742929469
406 0.000014682379182179116
407 0.000016536995499928055
408 0.000015764238700865999
409 0.000014296000782648086
410 0.000012827762864430174
411 0.000013909622383117056
412 0.00001553241166114738
413 0.000012673211504617763
414 0.000015223308941522556
415 0.000012905038544336381
416 0.000014141449422835675
417 0.000012286833105086734
418 0.000013059589904148792
419 0.000012132281745274321
420 0.000013909622383117056
421 0.000012209557425180527
422 0.000011359524946212263
423 0.000014296000782648086
424 0.000014373276462554292
425 0.000014373276462554292
426 0.000013986898063023262
427 0.000012982314224242587
428 0.000012595935824711557
429 0.000013832346703210851
430 0.000012518660144805351
431 0.000013677795343398439
432 0.000012827762864430174
433 0.000013832346703210851
434 0.000014527827822366703
435 0.000013368692623773615
436 0.000012595935824711557
437 0.000014064173742929469
438 0.000012286833105086734
439 0.000014836930541991527
440 0.000011127697906493646
441 0.000012750487184523968
442 0.000014296000782648086
443 0.000013059589904148792
444 0.000014373276462554292
445 0.000012982314224242587
446 0.000012286833105086734
447 0.000014527827822366703
448 0.000013368692623773615
449 0.000012673211504617763
450 0.000012209557425180527
451 0.000011050422226587439
452 0.000010741319506962616
453 0.000012132281745274321
454 0.000011282249266306057
455 0.000012827762864430174
456 0.000011514076306024676
457 0.000012286833105086734
458 0.000012595935824711557
459 0.000012518660144805351
460 0.000014064173742929469
461 0.00001159135198593088
462 0.000012286833105086734
463 0.000012982314224242587
464 0.000012441384464899145
465 0.000012441384464899145
466 0.000011745903345743293
467 0.00001197773038546191
468 0.000012595935824711557
469 0.000012750487184523968
470 0.000012518660144805351
471 0.000011823179025649497
472 0.000010123114067712969
473 0.000011050422226587439
474 0.000013445968303679821
475 0.000012286833105086734
476 0.000012905038544336381
477 0.000013059589904148792
478 0.000013986898063023262
479 0.000012286833105086734
480 0.000013368692623773615
481 0.000011745903345743293
482 0.000013291416943867411
483 0.000011823179025649497
484 0.000010509492467243999
485 0.000011900454705555704
486 0.000011900454705555704
487 0.00001159135198593088
488 0.000011127697906493646
489 0.000010973146546681233
490 0.0000098912870279943516
491 0.000010741319506962616
492 0.000010509492467243999
493 0.000010818595186868822
494 0.00001236410878499294
495 0.000009582184308369528
496 0.000010354941107431586
497 0.000011900454705555704
498 0.0000094276329485571154
499 0.000010818595186868822
500 0.0000085776004695888511
501 0.0000084230491097764402
502 0.0000072639139111833515
503 0.0000098140113480881453
504 0.000010277665427525381
505 0.0000098140113480881453
506 0.00001066404382705641
507 0.000010432216787337792
508 0.000010354941107431586
509 0.0000084230491097764402
510 0.0000090412545490260873
511 0.0000092730815887447045
512 0.0000088867031892136747
513 0.0000087321518294012637
514 0.0000099685627079005579
515 0.000010123114067712969
516 0.0000083457734298702339
517 0.0000073411895910895578
518 0.0000087321518294012637
519 0.0000080366707102454103
520 0.0000094276329485571154
521 0.0000078821193504329994
522 0.0000088867031892136747
523 0.0000088867031892136747
524 0.000009582184308369528
525 0.000008963978869119881
526 0.000008191222070057823
527 0.0000073411895910895578
528 0.00000880942750930747
529 0.0000081139463901516166
530 0.0000090412545490260873
531 0.000007573016630808175
532 0.0000090412545490260873
533 0.0000068775355116523225
534 0.0000070320868714647343
535 0.0000076502923107143805
536 0.000007573016630808175
537 0.0000062593300724026754
538 0.0000082684977499640276
539 0.0000073411895910895578
540 0.0000092730815887447045
541 0.0000061047787125902636
542 0.000006800259831746117
543 0.0000063366057523088817
544 0.000007573016630808175
545 0.0000064138814322150872
546 0.0000049456435139971758
547 0.0000074184652709957633
548 0.0000073411895910895578
549 0.000006800259831746117
550 0.0000062593300724026754
551 0.0000053320219135282048
552 0.0000057956759929654401
553 0.0000071093625513709397
554 0.0000053320219135282048
555 0.0000061047787125902636
556 0.000006954811191558528
557 0.000006954811191558528
558 0.0000071093625513709397
559 0.000006954811191558528
560 0.0000063366057523088817
561 0.000006800259831746117
562 0.0000057184003130592346
563 0.0000058729516728716464
564 0.0000065684327920274989
565 0.0000054865732733406166
566 0.0000059502273527778519
567 0.0000057956759929654401
568 0.0000061047787125902636
569 0.0000058729516728716464
570 0.0000047138164742785577
571 0.0000056411246331530283
572 0.0000053320219135282048
573 0.0000050229191939033813
574 0.0000054865732733406166
575 0.0000042501623948413232
576 0.0000050229191939033813
577 0.0000049456435139971758
578 0.0000061047787125902636
579 0.0000050229191939033813
580 0.0000053320219135282048
581 0.000004791092154184764
582 0.000004791092154184764
583 0.0000052547462336219993
584 0.0000053320219135282048
585 0.0000046365407943723522
586 0.0000044819894345599405
587 0.0000058729516728716464
588 0.0000044819894345599405
589 0.000003477405595779264
590 0.0000054865732733406166
591 0.0000036319569555916757
592 0.0000051001948738095876
593 0.0000042501623948413232
594 0.0000045592651144661468
595 0.0000048683678340909695
596 0.0000040183353551227052
597 0.0000037865083154040875
598 0.0000030137515163420291
599 0.0000040183353551227052
600 0.0000038637839953102934
601 0.0000036319569555916757
602 0.0000040956110350289115
603 0.0000028592001565296173
604 0.0000038637839953102934
605 0.0000033228542359668526
606 0.0000039410596752164997
607 0.0000043274380747475287
608 0.000003477405595779264
609 0.0000036319569555916757
610 0.0000040183353551227052
611 0.000003477405595779264
612 0.0000028592001565296173
613 0.0000029364758364358232
614 0.0000036319569555916757
615 0.0000025500974369047938
616 0.0000032455785560606467
617 0.0000028592001565296173
618 0.0000037865083154040875
619 0.0000027046487967172055
620 0.0000034001299158730585
621 0.0000028592001565296173
622 0.000002395546077092382
623 0.0000024728217569985879
624 0.0000029364758364358232
625 0.0000023182703971861761
626 0.0000029364758364358232
627 0.000003091027196248235
628 0.0000022409947172799702
629 0.0000013136865584054998
630 0.0000024728217569985879
631 0.0000017773406378427349
632 0.0000017773406378427349
633 0.0000020864433574675585
634 0.0000019318919976551467
635 0.0000021637190373737644
636 0.0000021637190373737644
637 0.0000019318919976551467
638 0.0000019318919976551467
639 0.0000022409947172799702
640 0.0000013136865584054998
641 0.000002395546077092382
642 0.0000022409947172799702
643 0.0000024728217569985879
644 0.0000014682379182179116
645 0.0000020864433574675585
646 0.0000019318919976551467
647 0.0000017000649579365293
648 0.0000023182703971861761
649 0.0000022409947172799702
650 0.0000023182703971861761
651 0.0000014682379182179116
652 0.0000017773406378427349
653 0.0000013909622383117057
654 0.0000018546163177489408
655 0.0000018546163177489408
656 0.0000010818595186868822
657 0.0000019318919976551467
658 0.0000014682379182179116
659 0.0000011591351985930881
660 0.0000012364108784992939
661 0.0000015455135981241175
662 0.0000015455135981241175
663 0.0000018546163177489408
664 0.0000013909622383117057
665 0.0000013909622383117057
666 0.0000017000649579365293
667 0.0000012364108784992939
668 6.9548111915585286e-7
669 8.5003247896826463e-7
670 0.0000013909622383117057
671 0.0000012364108784992939
672 0.0000010818595186868822
673 9.2730815887447041e-7
674 0.0000010818595186868822
675 4.6365407943723520e-7
676 6.1820543924964697e-7
677 7.7275679906205874e-7
678 0.0000020091676775613526
679 7.7275679906205874e-7
680 6.9548111915585286e-7
681 9.2730815887447041e-7
682 5.4092975934344109e-7
683 6.1820543924964697e-7
684 7.7275679906205874e-7
685 5.4092975934344109e-7
686 7.7275679906205874e-7
687 4.6365407943723520e-7
688 9.2730815887447041e-7
689 7.7275679906205874e-7
690 8.5003247896826463e-7
691 4.6365407943723520e-7
692 6.1820543924964697e-7
693 5.4092975934344109e-7
694 5.4092975934344109e-7
695 1.5455135981241174e-7
696 4.6365407943723520e-7
697 2.3182703971861760e-7
698 3.8637839953102937e-7
699 1.5455135981241174e-7
700 6.1820543924964697e-7
701 2.3182703971861760e-7
702 3.0910271962482349e-7
703 3.8637839953102937e-7
704 5.4092975934344109e-7
705 4.6365407943723520e-7
706 3.8637839953102937e-7
707 3.8637839953102937e-7
708 3.8637839953102937e-7
709 3.8637839953102937e-7
710 2.3182703971861760e-7
711 1.5455135981241174e-7
712 4.6365407943723520e-7
713 3.8637839953102937e-7
714 2.3182703971861760e-7
715 3.0910271962482349e-7
717 1.5455135981241174e-7
719 1.5455135981241174e-7
721 2.3182703971861760e-7
723 2.3182703971861760e-7
724 7.7275679906205872e-8
725 3.0910271962482349e-7
726 3.8637839953102937e-7
727 1.5455135981241174e-7
728 2.3182703971861760e-7
729 2.3182703971861760e-7
730 7.7275679906205872e-8
734 1.5455135981241174e-7
735 7.7275679906205872e-8
738 7.7275679906205872e-8
739 7.7275679906205872e-8
740 2.3182703971861760e-7
741 7.7275679906205872e-8
742 2.3182703971861760e-7
743 1.5455135981241174e-7
745 7.7275679906205872e-8
749 7.7275679906205872e-8
751 7.7275679906205872e-8
753 7.7275679906205872e-8
755 7.7275679906205872e-8
756 7.7275679906205872e-8
757 7.7275679906205872e-8
759 7.7275679906205872e-8
762 7.7275679906205872e-8
763 7.7275679906205872e-8
767 7.7275679906205872e-8
773 7.7275679906205872e-8
790 7.7275679906205872e-8
795 7.7275679906205872e-8
