1 0.86098621390826902
2 0.073972230251391075
3 0.022150722958349821
4 0.010585599806411539
5 0.0064135696373251753
6 0.0041764722120072864
7 0.0028256152308767674
8 0.0021327622981395563
9 0.0016605308304748257
10 0.0013526549508842258
11 0.0010793106668574629
12 0.0009461551421564786
13 0.0007886212628537651
14 0.00064837962206464256
15 0.00057720117240319497
16 0.00052870887051645831
17 0.00049407151202593219
18 0.00044774735013631254
19 0.00037138651706712211
20 0.00031501487714208267
21 0.00029603043180147367
22 0.00028037751865155655
23 0.0002537252611260219
24 0.00022241943482618763
25 0.00020142549387849469
26 0.00018318138902470612
27 0.00016054812271333943
28 0.00015510133198887502
29 0.00014991894858113218
30 0.00014716911248722781
31 0.00013109314763055615
32 0.00013135755494727772
33 0.00011977651447487279
34 0.00010988768082948594
35 0.00010824835546581219
36 0.000094552056459634682
37 0.000088576451101727113
38 0.000080855757453457172
39 0.0000762550701425018
40 0.000075673374045714329
41 0.000068269969177510279
42 0.000061712667722815253
43 0.000061236734552716417
44 0.000053991974074545306
45 0.000054679433098021398
46 0.000052722818954281757
47 0.00005044891603047622
48 0.000047540435546538914
49 0.000044896362379323175
50 0.000043362799942338054
51 0.000042992629698927852
52 0.00004003126775164623
53 0.000037175668731053235
54 0.00003897363848475993
55 0.000037492957511119119
56 0.00003622380239085557
57 0.000034531595563837496
58 0.000032627862883442166
59 0.000034425832637148868
60 0.000029084804839373083
61 0.000028608871669274251
62 0.000024801406308483595
63 0.000025330220941926741
64 0.000024008184358318872
65 0.00002252750338467806
66 0.000020729533630971362
67 0.000020200718997528215
68 0.000020147837534183901
69 0.000019248852657330551
70 0.000016287490710048928
71 0.000015917320466638723
72 0.00001565291314991715
73 0.00001496545412644106
74 0.000014066469249587709
75 0.000013220365836078674
76 0.000013537654616144563
77 0.00001306172144604573
78 0.000012903077056012787
79 0.000011528159009060603
80 0.000012585788275946898
81 0.000012427143885913954
82 0.000011739684862437863
83 0.00001136951461902766
84 0.000011633921935749233
85 0.000012056973642503751
86 0.00001126375169233903
87 0.000010100359498764108
88 0.00001057629266886294
89 0.000012321380959225325
90 0.0000097301892553539049
91 0.000011792566325782178
92 0.000010311885352141365
93 0.000010153240962108422
94 0.0000098888336453868485
95 0.000010840699985584513
96 0.0000099945965720754781
97 0.000010206122425452737
98 0.0000089369673051891836
99 0.000010153240962108422
100 0.0000092013746219107568
101 0.0000082495082817130936
102 0.0000085139155984346668
103 0.0000083023897450574075
104 0.0000079322195016472047
105 0.0000075620492582370019
106 0.0000070861160881381694
107 0.0000071389975514824842
108 0.0000063986570646620786
109 0.0000059227238945632461
110 0.0000053939092611200989
111 0.0000054467907244644137
112 0.0000051295019443985257
113 0.0000050766204810542108
114 0.0000058698424312189313
115 0.0000046535687742996932
116 0.0000048122131643326376
117 0.0000042305170675451756
118 0.0000039132282874792875
119 0.0000047593317009883228
120 0.0000041247541408565468
121 0.0000049179760910212673
122 0.0000042305170675451756
123 0.0000041776356042008607
124 0.000004706450237644008
125 0.0000039132282874792875
126 0.0000038603468241349727
127 0.0000039661097508236024
128 0.000004071872677512232
129 0.0000041247541408565468
130 0.0000034372951173804555
131 0.0000042305170675451756
132 0.0000035430580440690847
133 0.0000028027175572486791
134 0.0000034901765807247699
135 0.0000029084804839373082
136 0.0000030671248739702527
137 0.0000024854287771827906
138 0.0000043362799942338052
139 0.0000025911917038714202
140 0.0000023796658504941614
141 0.0000028027175572486791
142 0.0000027498360939043642
143 0.0000024854287771827906
144 0.0000028555990205929939
145 0.0000029084804839373082
146 0.0000025911917038714202
147 0.0000022739029238055322
148 0.0000025911917038714202
149 0.0000024325473138384762
150 0.0000022739029238055322
151 0.0000020623770704282734
152 0.0000019037326803953292
153 0.0000021681399971169026
154 0.0000025911917038714202
155 0.0000015335624369851263
156 0.0000019566141437396438
157 0.0000021152585337725878
158 0.0000015335624369851263
159 0.0000015864439003294409
160 0.0000018508512170510144
161 0.0000022739029238055322
162 0.0000020094956070839586
163 0.0000023267843871498466
164 0.0000023796658504941614
165 0.0000016922068270180704
166 0.0000019037326803953292
167 0.0000030671248739702527
168 0.0000019037326803953292
169 0.0000014806809736408115
170 0.0000021152585337725878
171 0.0000020623770704282734
172 0.0000019566141437396438
173 0.0000020094956070839586
174 0.0000024325473138384762
175 0.0000019566141437396438
176 0.0000021681399971169026
177 0.0000019037326803953292
178 0.0000014806809736408115
179 0.0000018508512170510144
180 0.0000019566141437396438
181 0.0000022739029238055322
182 0.0000019566141437396438
183 0.0000018508512170510144
184 0.0000024325473138384762
185 0.0000017979697537066998
186 0.0000018508512170510144
187 0.0000012162736569192381
188 0.0000023267843871498466
189 0.0000015864439003294409
190 0.0000016922068270180704
191 0.0000013749180469521821
192 0.0000013749180469521821
193 0.0000011105107302306087
194 0.0000016393253636737555
195 0.0000012691551202635527
196 0.0000016922068270180704
197 0.0000014806809736408115
198 6.3457756013177636e-7
199 0.0000011105107302306087
200 0.0000010047478035419793
201 0.0000011633921935749233
202 0.0000013220365836078675
203 0.0000012162736569192381
204 8.9898487685334988e-7
205 0.0000010576292668862939
206 0.0000010576292668862939
207 6.8745902347609106e-7
208 0.0000011633921935749233
209 7.9322195016472047e-7
210 8.4610341350903518e-7
211 0.0000010576292668862939
212 7.4034048682040577e-7
213 7.4034048682040577e-7
214 0.0000012162736569192381
215 6.3457756013177636e-7
216 6.8745902347609106e-7
217 8.9898487685334988e-7
218 7.9322195016472047e-7
219 4.7593317009883229e-7
220 2.6440731672157347e-7
221 6.8745902347609106e-7
222 5.8169609678746165e-7
223 7.4034048682040577e-7
224 4.7593317009883229e-7
225 6.3457756013177636e-7
226 4.7593317009883229e-7
227 6.3457756013177636e-7
228 8.9898487685334988e-7
229 7.9322195016472047e-7
230 5.2881463344314694e-7
231 8.4610341350903518e-7
232 7.4034048682040577e-7
233 4.2305170675451759e-7
234 6.8745902347609106e-7
235 6.3457756013177636e-7
236 5.8169609678746165e-7
237 6.8745902347609106e-7
238 4.7593317009883229e-7
239 6.8745902347609106e-7
240 5.8169609678746165e-7
241 4.7593317009883229e-7
242 2.6440731672157347e-7
243 2.1152585337725879e-7
244 4.2305170675451759e-7
245 3.7017024341020288e-7
246 6.3457756013177636e-7
247 6.8745902347609106e-7
248 6.8745902347609106e-7
249 8.4610341350903518e-7
250 6.8745902347609106e-7
251 3.7017024341020288e-7
252 6.8745902347609106e-7
253 5.2881463344314694e-7
254 6.8745902347609106e-7
255 5.8169609678746165e-7
256 6.8745902347609106e-7
257 5.8169609678746165e-7
258 3.7017024341020288e-7
259 4.7593317009883229e-7
260 3.7017024341020288e-7
261 5.2881463344314694e-7
262 3.1728878006588818e-7
263 5.2881463344314694e-7
264 5.2881463344314694e-7
265 4.7593317009883229e-7
266 4.2305170675451759e-7
267 5.8169609678746165e-7
268 2.1152585337725879e-7
269 6.3457756013177636e-7
270 5.2881463344314694e-7
271 4.7593317009883229e-7
272 2.1152585337725879e-7
273 5.2881463344314694e-7
274 3.1728878006588818e-7
275 3.7017024341020288e-7
276 4.2305170675451759e-7
277 2.6440731672157347e-7
278 2.6440731672157347e-7
279 3.7017024341020288e-7
280 7.4034048682040577e-7
281 2.1152585337725879e-7
282 3.7017024341020288e-7
283 4.2305170675451759e-7
284 2.6440731672157347e-7
285 5.8169609678746165e-7
286 7.9322195016472047e-7
287 2.6440731672157347e-7
288 2.1152585337725879e-7
289 1.5864439003294409e-7
290 3.1728878006588818e-7
291 3.1728878006588818e-7
292 6.3457756013177636e-7
293 4.2305170675451759e-7
294 5.2881463344314694e-7
295 5.2881463344314694e-7
296 3.1728878006588818e-7
297 5.8169609678746165e-7
298 3.7017024341020288e-7
299 4.2305170675451759e-7
300 4.7593317009883229e-7
301 4.2305170675451759e-7
302 6.3457756013177636e-7
303 7.4034048682040577e-7
304 4.7593317009883229e-7
305 2.1152585337725879e-7
306 2.6440731672157347e-7
307 3.1728878006588818e-7
308 3.7017024341020288e-7
309 7.4034048682040577e-7
310 4.7593317009883229e-7
311 6.3457756013177636e-7
312 2.6440731672157347e-7
313 3.1728878006588818e-7
314 6.8745902347609106e-7
315 3.1728878006588818e-7
316 5.2881463344314694e-7
317 5.2881463344314694e-7
318 2.6440731672157347e-7
319 5.8169609678746165e-7
320 3.1728878006588818e-7
321 3.1728878006588818e-7
322 5.8169609678746165e-7
323 3.1728878006588818e-7
324 4.7593317009883229e-7
325 4.2305170675451759e-7
326 4.2305170675451759e-7
327 4.2305170675451759e-7
328 6.8745902347609106e-7
329 3.7017024341020288e-7
330 6.8745902347609106e-7
331 5.2881463344314694e-7
332 5.8169609678746165e-7
333 6.3457756013177636e-7
334 8.4610341350903518e-7
335 6.8745902347609106e-7
336 6.3457756013177636e-7
337 7.9322195016472047e-7
338 7.4034048682040577e-7
339 7.4034048682040577e-7
340 7.4034048682040577e-7
341 8.4610341350903518e-7
342 9.5186634019766459e-7
343 4.2305170675451759e-7
344 8.9898487685334988e-7
345 5.8169609678746165e-7
346 6.8745902347609106e-7
347 5.2881463344314694e-7
348 5.2881463344314694e-7
349 5.8169609678746165e-7
350 7.4034048682040577e-7
351 8.4610341350903518e-7
352 6.8745902347609106e-7
353 6.3457756013177636e-7
354 6.8745902347609106e-7
355 2.6440731672157347e-7
356 6.8745902347609106e-7
357 8.4610341350903518e-7
358 4.7593317009883229e-7
359 6.3457756013177636e-7
360 7.9322195016472047e-7
361 0.0000010047478035419793
362 9.5186634019766459e-7
363 3.7017024341020288e-7
364 0.0000010576292668862939
365 8.4610341350903518e-7
366 8.9898487685334988e-7
367 6.3457756013177636e-7
368 8.4610341350903518e-7
369 9.5186634019766459e-7
370 6.3457756013177636e-7
371 0.0000011105107302306087
372 9.5186634019766459e-7
373 8.9898487685334988e-7
374 0.0000011633921935749233
375 8.9898487685334988e-7
376 0.0000010047478035419793
377 0.0000010047478035419793
378 0.0000010047478035419793
379 0.0000011633921935749233
380 9.5186634019766459e-7
381 0.0000013220365836078675
382 8.4610341350903518e-7
383 0.0000010576292668862939
384 0.0000014277995102964969
385 0.0000013220365836078675
386 0.0000013749180469521821
387 0.0000011633921935749233
388 0.0000011633921935749233
389 0.0000010576292668862939
390 0.0000011105107302306087
391 0.0000010576292668862939
392 0.0000016393253636737555
393 0.0000013749180469521821
394 0.0000020094956070839586
395 0.0000014806809736408115
396 0.0000011633921935749233
397 0.0000015864439003294409
398 0.0000017450882903623849
399 0.0000014277995102964969
400 0.0000013749180469521821
401 0.0000013749180469521821
402 0.0000014806809736408115
403 0.0000019037326803953292
404 0.0000011633921935749233
405 0.0000016922068270180704
406 0.0000017979697537066998
407 0.0000015335624369851263
408 0.0000014806809736408115
409 0.0000016393253636737555
410 0.0000021681399971169026
411 0.0000015864439003294409
412 0.0000015335624369851263
413 0.0000021152585337725878
414 0.0000024854287771827906
415 0.0000020623770704282734
416 0.0000019566141437396438
417 0.0000015335624369851263
418 0.0000019037326803953292
419 0.0000027498360939043642
420 0.0000018508512170510144
421 0.0000023267843871498466
422 0.0000019037326803953292
423 0.0000020094956070839586
424 0.0000015864439003294409
425 0.0000023267843871498466
426 0.0000022210214604612174
427 0.0000020094956070839586
428 0.0000017450882903623849
429 0.0000023796658504941614
430 0.0000030142434106259379
431 0.0000020623770704282734
432 0.0000031728878006588819
433 0.0000025911917038714202
434 0.0000025911917038714202
435 0.0000017979697537066998
436 0.0000031728878006588819
437 0.0000025911917038714202
438 0.0000034372951173804555
439 0.000002644073167215735
440 0.0000022739029238055322
441 0.0000027498360939043642
442 0.0000031728878006588819
443 0.0000030671248739702527
444 0.0000028027175572486791
445 0.0000028555990205929939
446 0.0000022739029238055322
447 0.0000030142434106259379
448 0.0000031200063373145671
449 0.000002644073167215735
450 0.0000028027175572486791
451 0.0000031200063373145671
452 0.0000029613619472816231
453 0.0000037545838974463435
454 0.0000024854287771827906
455 0.0000024325473138384762
456 0.0000029613619472816231
457 0.0000033315321906918259
458 0.0000025383102405271054
459 0.0000033844136540361407
460 0.0000028555990205929939
461 0.0000034901765807247699
462 0.0000038074653607906583
463 0.0000028027175572486791
464 0.0000026969546305600494
465 0.0000036488209707577143
466 0.0000033315321906918259
467 0.0000031728878006588819
468 0.0000034372951173804555
469 0.0000035430580440690847
470 0.0000042833985308894904
471 0.0000031728878006588819
472 0.0000031728878006588819
473 0.0000036488209707577143
474 0.0000035430580440690847
475 0.0000033844136540361407
476 0.0000030142434106259379
477 0.0000037545838974463435
478 0.0000034372951173804555
479 0.000004071872677512232
480 0.0000038603468241349727
481 0.0000039661097508236024
482 0.0000036488209707577143
483 0.0000044949243842667496
484 0.0000039132282874792875
485 0.0000038603468241349727
486 0.0000039132282874792875
487 0.0000035430580440690847
488 0.0000041247541408565468
489 0.0000049179760910212673
490 0.0000049179760910212673
491 0.000004071872677512232
492 0.0000041247541408565468
493 0.0000048122131643326376
494 0.0000045478058476110644
495 0.0000043362799942338052
496 0.0000037017024341020287
497 0.0000058698424312189313
498 0.0000046535687742996932
499 0.0000042833985308894904
500 0.0000035959395074133995
501 0.000004706450237644008
502 0.000004706450237644008
503 0.0000047593317009883228
504 0.000005023739017709896
505 0.0000054996721878087285
506 0.0000057111980411859877
507 0.0000052352648710871553
508 0.0000049179760910212673
509 0.0000051295019443985257
510 0.000005023739017709896
511 0.0000058698424312189313
512 0.0000053410277977757849
513 0.0000045478058476110644
514 0.0000052352648710871553
515 0.0000048122131643326376
516 0.0000054996721878087285
517 0.0000048650946276769524
518 0.0000058698424312189313
519 0.0000061342497479405054
520 0.0000052352648710871553
521 0.0000067688273080722814
522 0.0000054996721878087285
523 0.0000063986570646620786
524 0.0000050766204810542108
525 0.0000060284868212518757
526 0.000006292894137973449
527 0.0000056583165778416729
528 0.0000066630643813836518
529 0.0000061871312112848193
530 0.0000060813682845961906
531 0.0000065573014546950222
532 0.0000056583165778416729
533 0.000006610182918039337
534 0.0000074034048682040574
535 0.0000056583165778416729
536 0.0000074034048682040574
537 0.0000068217087714165962
538 0.0000072447604781711139
539 0.0000060284868212518757
540 0.0000060284868212518757
541 0.0000058169609678746165
542 0.0000061342497479405054
543 0.0000071389975514824842
544 0.0000063457756013177638
545 0.0000059756053579075609
546 0.0000061342497479405054
547 0.0000060284868212518757
548 0.0000069274716981052258
549 0.0000060813682845961906
550 0.0000077206936482699455
551 0.000006610182918039337
552 0.0000072976419415154287
553 0.0000074034048682040574
554 0.0000069274716981052258
555 0.0000071389975514824842
556 0.0000064515385280063934
557 0.0000080908638916801483
558 0.000006610182918039337
559 0.0000085667970617789807
560 0.0000066630643813836518
561 0.0000080908638916801483
562 0.0000068217087714165962
563 0.0000080908638916801483
564 0.0000073505234048597426
565 0.0000082495082817130936
566 0.0000072447604781711139
567 0.0000066630643813836518
568 0.000007191879014826799
569 0.0000084081526717460372
570 0.0000069274716981052258
571 0.0000067688273080722814
572 0.0000081437453550244639
573 0.0000079851009649915187
574 0.0000080908638916801483
575 0.0000076149307215813167
576 0.0000070332346247938546
577 0.0000077735751116142611
578 0.0000079322195016472047
579 0.0000076149307215813167
580 0.0000070861160881381694
581 0.0000073505234048597426
582 0.0000076149307215813167
583 0.0000075091677948926871
584 0.0000088840858418448696
585 0.0000077735751116142611
586 0.0000084081526717460372
587 0.0000063986570646620786
588 0.0000089369673051891836
589 0.0000076678121849256315
590 0.0000077206936482699455
591 0.0000077735751116142611
592 0.0000087254414518119243
593 0.0000074034048682040574
594 0.0000078793380383028907
595 0.0000072976419415154287
596 0.0000083023897450574075
597 0.0000069274716981052258
598 0.0000077735751116142611
599 0.0000078793380383028907
600 0.0000075091677948926871
601 0.0000073505234048597426
602 0.0000085139155984346668
603 0.0000081437453550244639
604 0.0000083023897450574075
605 0.0000086725599884676104
606 0.0000077735751116142611
607 0.0000076678121849256315
608 0.0000085667970617789807
609 0.0000073505234048597426
610 0.0000072447604781711139
611 0.0000072976419415154287
612 0.0000078264565749585751
613 0.0000073505234048597426
614 0.0000079851009649915187
615 0.0000072976419415154287
616 0.0000090427302318778132
617 0.0000075620492582370019
618 0.00000877832291515624
619 0.0000087254414518119243
620 0.0000083023897450574075
621 0.0000074562863315483723
622 0.0000085139155984346668
623 0.0000080908638916801483
624 0.0000074562863315483723
625 0.0000076149307215813167
626 0.0000080379824283358343
627 0.00000877832291515624
628 0.0000076678121849256315
629 0.0000078793380383028907
630 0.0000078264565749585751
631 0.0000088840858418448696
632 0.0000091484931585664428
633 0.0000077735751116142611
634 0.0000072447604781711139
635 0.0000090956116952221288
636 0.0000080379824283358343
637 0.0000081966268183687779
638 0.0000075091677948926871
639 0.0000076149307215813167
640 0.0000085139155984346668
641 0.0000071389975514824842
642 0.0000080908638916801483
643 0.0000079851009649915187
644 0.0000093071375485993864
645 0.0000084610341350903511
646 0.0000080379824283358343
647 0.0000084081526717460372
648 0.0000080908638916801483
649 0.0000080379824283358343
650 0.0000077206936482699455
651 0.0000080908638916801483
652 0.0000087254414518119243
653 0.0000085667970617789807
654 0.0000080379824283358343
655 0.0000083023897450574075
656 0.0000091484931585664428
657 0.0000065044199913507082
658 0.0000076149307215813167
659 0.0000084081526717460372
660 0.0000084610341350903511
661 0.0000078264565749585751
662 0.0000084610341350903511
663 0.000006610182918039337
664 0.0000078793380383028907
665 0.0000084081526717460372
666 0.0000075620492582370019
667 0.0000075091677948926871
668 0.0000081966268183687779
669 0.0000078793380383028907
670 0.0000075091677948926871
671 0.0000083023897450574075
672 0.0000079322195016472047
673 0.0000065573014546950222
674 0.0000073505234048597426
675 0.0000089369673051891836
676 0.0000070861160881381694
677 0.0000081437453550244639
678 0.0000073505234048597426
679 0.0000069274716981052258
680 0.000007191879014826799
681 0.0000074562863315483723
682 0.0000071389975514824842
683 0.0000075091677948926871
684 0.0000076149307215813167
685 0.000007191879014826799
686 0.0000070861160881381694
687 0.000006874590234760911
688 0.000007191879014826799
689 0.0000072447604781711139
690 0.0000074562863315483723
691 0.0000058169609678746165
692 0.0000077206936482699455
693 0.0000080379824283358343
694 0.0000085667970617789807
695 0.0000068217087714165962
696 0.0000070332346247938546
697 0.0000070332346247938546
698 0.000006874590234760911
699 0.0000072447604781711139
700 0.0000065044199913507082
701 0.0000074562863315483723
702 0.0000069274716981052258
703 0.0000076149307215813167
704 0.0000077206936482699455
705 0.000006874590234760911
706 0.0000069803531614495398
707 0.0000077735751116142611
708 0.0000071389975514824842
709 0.0000060284868212518757
710 0.0000080379824283358343
711 0.0000071389975514824842
712 0.0000069803531614495398
713 0.0000074562863315483723
714 0.0000059227238945632461
715 0.0000057640795045303017
716 0.0000072976419415154287
717 0.0000060813682845961906
718 0.0000067688273080722814
719 0.0000054996721878087285
720 0.0000069274716981052258
721 0.0000057640795045303017
722 0.0000068217087714165962
723 0.0000073505234048597426
724 0.0000063457756013177638
725 0.0000057640795045303017
726 0.0000056054351144973581
727 0.0000057640795045303017
728 0.0000056583165778416729
729 0.0000061871312112848193
730 0.0000052352648710871553
731 0.0000058698424312189313
732 0.000006292894137973449
733 0.0000065044199913507082
734 0.0000056054351144973581
735 0.0000059227238945632461
736 0.0000058169609678746165
737 0.0000065044199913507082
738 0.0000053939092611200989
739 0.0000058169609678746165
740 0.0000057111980411859877
741 0.0000057111980411859877
742 0.000006292894137973449
743 0.0000047593317009883228
744 0.0000046006873109553784
745 0.0000052352648710871553
746 0.0000046006873109553784
747 0.0000049179760910212673
748 0.0000046535687742996932
749 0.0000049179760910212673
750 0.0000051823834077428405
751 0.0000061871312112848193
752 0.0000048650946276769524
753 0.0000048122131643326376
754 0.0000039661097508236024
755 0.0000052352648710871553
756 0.0000048122131643326376
757 0.000004706450237644008
758 0.0000039132282874792875
759 0.0000065044199913507082
760 0.000004706450237644008
761 0.000004706450237644008
762 0.0000054467907244644137
763 0.0000052352648710871553
764 0.0000039661097508236024
765 0.0000040189912141679172
766 0.0000037545838974463435
767 0.000004706450237644008
768 0.0000049708575543655812
769 0.0000041247541408565468
770 0.0000042833985308894904
771 0.0000037545838974463435
772 0.0000042305170675451756
773 0.0000045478058476110644
774 0.0000035959395074133995
775 0.0000031728878006588819
776 0.0000030671248739702527
777 0.0000042305170675451756
778 0.0000031728878006588819
779 0.0000031200063373145671
780 0.0000038074653607906583
781 0.0000030142434106259379
782 0.0000039661097508236024
783 0.0000041776356042008607
784 0.0000037545838974463435
785 0.00000438916145757812
786 0.0000033315321906918259
787 0.0000035959395074133995
788 0.0000046006873109553784
789 0.0000041776356042008607
790 0.0000031200063373145671
791 0.0000034372951173804555
792 0.0000037017024341020287
793 0.0000034372951173804555
794 0.0000035959395074133995
795 0.0000040189912141679172
796 0.0000035430580440690847
797 0.0000027498360939043642
798 0.0000035959395074133995
799 0.0000036488209707577143
800 0.0000033844136540361407
801 0.0000036488209707577143
802 0.0000036488209707577143
803 0.0000025911917038714202
804 0.0000030142434106259379
805 0.0000032786507273475111
806 0.0000028555990205929939
807 0.0000026969546305600494
808 0.0000036488209707577143
809 0.0000033315321906918259
810 0.0000033844136540361407
811 0.0000019037326803953292
812 0.0000026969546305600494
813 0.0000032257692640031967
814 0.0000032786507273475111
815 0.0000022739029238055322
816 0.0000025383102405271054
817 0.0000023267843871498466
818 0.0000032786507273475111
819 0.0000030142434106259379
820 0.0000030142434106259379
821 0.0000022210214604612174
822 0.0000023267843871498466
823 0.0000028027175572486791
824 0.0000025383102405271054
825 0.0000026969546305600494
826 0.0000024854287771827906
827 0.0000022210214604612174
828 0.0000019566141437396438
829 0.0000026969546305600494
830 0.0000027498360939043642
831 0.0000025383102405271054
832 0.0000021681399971169026
833 0.0000027498360939043642
834 0.0000018508512170510144
835 0.0000021681399971169026
836 0.0000022739029238055322
837 0.0000024325473138384762
838 0.0000023267843871498466
839 0.0000024325473138384762
840 0.0000017979697537066998
841 0.0000027498360939043642
842 0.0000019566141437396438
843 0.0000019037326803953292
844 0.0000017450882903623849
845 0.0000020094956070839586
846 0.0000023267843871498466
847 0.0000017450882903623849
848 0.0000014806809736408115
849 0.0000022739029238055322
850 0.0000017450882903623849
851 0.0000017450882903623849
852 0.0000023796658504941614
853 0.0000016393253636737555
854 0.0000021152585337725878
855 0.0000017979697537066998
856 0.0000024854287771827906
857 0.0000016922068270180704
858 0.0000023267843871498466
859 0.0000017450882903623849
860 0.0000016393253636737555
861 8.4610341350903518e-7
862 0.0000014806809736408115
863 0.0000014806809736408115
864 0.0000018508512170510144
865 0.0000021152585337725878
866 0.0000017450882903623849
867 0.0000019037326803953292
868 0.0000014277995102964969
869 0.0000012162736569192381
870 0.0000012691551202635527
871 0.0000017979697537066998
872 0.0000016393253636737555
873 0.0000014277995102964969
874 0.0000010047478035419793
875 0.0000010047478035419793
876 0.0000012691551202635527
877 0.0000014277995102964969
878 0.0000012162736569192381
879 0.0000013749180469521821
880 0.0000012691551202635527
881 0.0000017979697537066998
882 8.9898487685334988e-7
883 0.0000019037326803953292
884 0.0000015335624369851263
885 0.0000015864439003294409
886 0.0000017450882903623849
887 0.0000013749180469521821
888 0.0000014806809736408115
889 0.0000013749180469521821
890 0.0000011105107302306087
891 0.0000013220365836078675
892 0.0000010047478035419793
893 0.0000010576292668862939
894 0.0000011633921935749233
895 0.0000012691551202635527
896 0.0000014277995102964969
897 0.0000017450882903623849
898 0.0000012162736569192381
899 0.0000011633921935749233
900 0.0000010576292668862939
901 0.0000012691551202635527
902 0.0000013220365836078675
903 0.0000011633921935749233
904 8.9898487685334988e-7
905 0.0000014277995102964969
906 0.0000011633921935749233
907 9.5186634019766459e-7
908 0.0000012691551202635527
909 7.9322195016472047e-7
910 0.0000010576292668862939
911 0.0000010576292668862939
912 0.0000012162736569192381
913 7.9322195016472047e-7
914 9.5186634019766459e-7
915 0.0000013220365836078675
916 0.0000011105107302306087
917 9.5186634019766459e-7
918 7.9322195016472047e-7
919 0.0000011105107302306087
920 0.0000011105107302306087
921 0.0000010047478035419793
922 0.0000010047478035419793
923 7.4034048682040577e-7
924 0.0000011105107302306087
925 6.8745902347609106e-7
926 5.8169609678746165e-7
927 8.4610341350903518e-7
928 9.5186634019766459e-7
929 0.0000010576292668862939
930 6.8745902347609106e-7
931 7.9322195016472047e-7
932 0.0000011105107302306087
933 9.5186634019766459e-7
934 5.8169609678746165e-7
935 7.9322195016472047e-7
936 8.4610341350903518e-7
937 7.4034048682040577e-7
938 3.7017024341020288e-7
939 7.9322195016472047e-7
940 6.8745902347609106e-7
941 6.8745902347609106e-7
942 5.8169609678746165e-7
943 7.4034048682040577e-7
944 5.8169609678746165e-7
945 8.4610341350903518e-7
946 5.8169609678746165e-7
947 4.7593317009883229e-7
948 7.4034048682040577e-7
949 7.4034048682040577e-7
950 5.8169609678746165e-7
951 7.9322195016472047e-7
952 3.1728878006588818e-7
953 7.9322195016472047e-7
954 4.2305170675451759e-7
955 6.3457756013177636e-7
956 3.7017024341020288e-7
957 4.7593317009883229e-7
958 3.7017024341020288e-7
959 4.2305170675451759e-7
960 4.7593317009883229e-7
961 4.7593317009883229e-7
962 6.3457756013177636e-7
963 6.8745902347609106e-7
964 8.9898487685334988e-7
965 8.4610341350903518e-7
966 0.0000010576292668862939
967 5.2881463344314694e-7
968 4.7593317009883229e-7
969 8.4610341350903518e-7
970 4.2305170675451759e-7
971 4.2305170675451759e-7
972 5.8169609678746165e-7
973 4.7593317009883229e-7
974 5.2881463344314694e-7
975 3.1728878006588818e-7
976 3.1728878006588818e-7
977 8.9898487685334988e-7
978 3.1728878006588818e-7
979 1.5864439003294409e-7
980 4.7593317009883229e-7
981 2.6440731672157347e-7
982 3.1728878006588818e-7
983 4.2305170675451759e-7
984 4.2305170675451759e-7
985 4.7593317009883229e-7
986 6.3457756013177636e-7
987 4.2305170675451759e-7
988 4.2305170675451759e-7
989 3.7017024341020288e-7
990 4.2305170675451759e-7
991 4.7593317009883229e-7
992 5.2881463344314694e-7
993 3.7017024341020288e-7
994 5.2881463344314694e-7
995 4.2305170675451759e-7
996 3.1728878006588818e-7
997 3.7017024341020288e-7
998 3.1728878006588818e-7
999 4.2305170675451759e-7
1000 3.1728878006588818e-7
1001 4.2305170675451759e-7
1002 5.2881463344314694e-7
1003 2.6440731672157347e-7
1004 2.6440731672157347e-7
1005 2.1152585337725879e-7
1006 1.0576292668862940e-7
1007 1.5864439003294409e-7
1008 2.6440731672157347e-7
1009 2.1152585337725879e-7
1010 2.6440731672157347e-7
1011 3.1728878006588818e-7
1012 2.6440731672157347e-7
1013 3.1728878006588818e-7
1014 2.1152585337725879e-7
1015 3.1728878006588818e-7
1016 2.6440731672157347e-7
1017 1.5864439003294409e-7
1018 3.1728878006588818e-7
1019 1.5864439003294409e-7
1020 1.0576292668862940e-7
1021 3.1728878006588818e-7
1022 1.0576292668862940e-7
1023 2.6440731672157347e-7
1024 5.2881463344314698e-8
1025 1.5864439003294409e-7
1026 3.1728878006588818e-7
1027 5.2881463344314698e-8
1028 3.7017024341020288e-7
1029 2.1152585337725879e-7
1030 2.6440731672157347e-7
1031 1.0576292668862940e-7
1032 2.6440731672157347e-7
1033 2.6440731672157347e-7
1034 1.5864439003294409e-7
1035 2.1152585337725879e-7
1036 1.5864439003294409e-7
1037 3.1728878006588818e-7
1038 5.2881463344314698e-8
1039 2.1152585337725879e-7
1040 1.5864439003294409e-7
1041 3.1728878006588818e-7
1042 2.6440731672157347e-7
1043 1.5864439003294409e-7
1044 3.1728878006588818e-7
1045 4.2305170675451759e-7
1046 1.0576292668862940e-7
1047 3.1728878006588818e-7
1048 1.0576292668862940e-7
1049 5.2881463344314698e-8
1050 1.0576292668862940e-7
1051 3.1728878006588818e-7
1053 1.5864439003294409e-7
1054 2.1152585337725879e-7
1055 2.6440731672157347e-7
1056 1.5864439003294409e-7
1057 1.0576292668862940e-7
1058 2.6440731672157347e-7
1059 5.2881463344314698e-8
1060 1.5864439003294409e-7
1061 1.0576292668862940e-7
1062 3.7017024341020288e-7
1063 1.0576292668862940e-7
1064 3.1728878006588818e-7
1065 2.1152585337725879e-7
1066 1.0576292668862940e-7
1067 1.5864439003294409e-7
1068 5.2881463344314698e-8
1069 5.2881463344314698e-8
1070 1.5864439003294409e-7
1071 1.0576292668862940e-7
1072 1.0576292668862940e-7
1074 1.0576292668862940e-7
1075 1.0576292668862940e-7
1077 5.2881463344314698e-8
1078 1.0576292668862940e-7
1080 5.2881463344314698e-8
1081 1.0576292668862940e-7
1082 1.5864439003294409e-7
1084 1.0576292668862940e-7
1085 1.0576292668862940e-7
1086 5.2881463344314698e-8
1087 5.2881463344314698e-8
1092 5.2881463344314698e-8
1093 1.0576292668862940e-7
1094 5.2881463344314698e-8
1095 1.0576292668862940e-7
1096 5.2881463344314698e-8
1097 5.2881463344314698e-8
1098 1.0576292668862940e-7
1099 1.0576292668862940e-7
1100 2.1152585337725879e-7
1101 5.2881463344314698e-8
1102 1.0576292668862940e-7
1104 5.2881463344314698e-8
1106 1.0576292668862940e-7
1107 5.2881463344314698e-8
1108 5.2881463344314698e-8
1110 5.2881463344314698e-8
1114 1.0576292668862940e-7
1115 5.2881463344314698e-8
1116 5.2881463344314698e-8
1123 5.2881463344314698e-8
1137 5.2881463344314698e-8
