1 0.92048955424447487
2 0.052981532096259963
3 0.011976119921156091
4 0.0048266687807166572
5 0.0024883016498108931
6 0.0014849881570772551
7 0.00097364730450107237
8 0.00066596082519709723
9 0.00048921649091287567
10 0.00036554055753792287
11 0.00028418404301837829
12 0.0002313411452291207
13 0.00018170540292446478
14 0.00014813049394504077
15 0.00012435244273498603
16 0.00010561062787184488
17 0.000088998564697697027
18 0.000077046899337111029
19 0.000067425432883305941
20 0.000057428127896149095
21 0.000050462587078029791
22 0.000044098387913273304
23 0.000038310474499656185
24 0.000033174014543848782
25 0.000029991914961470536
26 0.000028939567068085606
27 0.000024429504667864474
28 0.000022199529369977357
29 0.000020170001289877847
30 0.000019794162756526085
31 0.000017113181218616854
32 0.000015659938889656712
33 0.000015108709040740797
34 0.000014156584756249669
35 0.000013054125058417836
36 0.000011650994533904595
37 0.000011625938631681143
38 0.000010698870249413466
39 0.0000089449570937719147
40 0.00000846889495152635
41 0.0000086693421693139563
42 0.0000076671060803759266
43 0.0000072411557425772639
44 0.0000070407085247896585
45 0.000006664869991437897
46 0.0000060134165336281779
47 0.0000061637519469688822
48 0.0000052116276624777545
49 0.0000057879134136171215
50 0.0000049109568357963451
51 0.0000043597269868804291
52 0.000004259503377986626
53 0.0000041592797690928229
54 0.0000043597269868804291
55 0.000004259503377986626
56 0.0000034577145068362022
57 0.0000040089443557521186
58 0.0000035078263112831038
59 0.0000031570436801547932
60 0.0000028062610490264831
61 0.0000029816523645906384
62 0.0000028062610490264831
63 0.0000026058138312388773
64 0.0000024554784178981726
65 0.0000025807579290154263
66 0.0000024554784178981726
67 0.0000026809815379092294
68 0.0000025557020267919757
69 0.0000021548075912167636
70 0.0000018541367645353548
71 0.0000020044721778760593
72 0.0000018040249600884535
73 0.0000018040249600884535
74 0.0000017288572534181011
75 0.0000017288572534181011
76 0.0000015785218400773966
77 0.0000012527951111725371
78 0.0000017038013511946503
79 0.0000015785218400773966
80 0.0000014031305245132415
81 0.0000011275156000552834
82 0.0000017789690578650027
83 0.0000012277392089490863
84 0.0000011525715022787341
85 0.0000013279628178428892
86 0.0000010272919911614804
87 0.0000012026833067256355
88 9.5212428449112819e-7
89 0.0000011776274045021849
90 0.0000010022360889380296
91 8.7695657782077594e-7
92 9.7718018671457886e-7
93 0.0000010774037956083818
94 8.5190067559732516e-7
95 0.0000010272919911614804
96 6.7650936003316999e-7
97 0.0000010022360889380296
98 0.0000010774037956083818
99 9.0201248004422673e-7
100 8.7695657782077594e-7
101 7.7673296892697302e-7
102 5.5122984891591628e-7
103 7.7673296892697302e-7
104 7.0156526225662077e-7
105 7.5167706670352224e-7
106 8.2684477337387448e-7
107 6.0134165336281775e-7
108 6.2639755558626853e-7
109 7.0156526225662077e-7
110 6.7650936003316999e-7
111 6.2639755558626853e-7
112 6.2639755558626853e-7
113 7.0156526225662077e-7
114 6.5145345780971931e-7
115 4.2595033779866258e-7
116 6.2639755558626853e-7
117 3.5078263112831039e-7
118 6.0134165336281775e-7
119 6.2639755558626853e-7
120 3.7583853335176112e-7
121 5.5122984891591628e-7
122 4.5100624002211336e-7
123 4.0089443557521185e-7
124 4.5100624002211336e-7
125 4.0089443557521185e-7
126 4.0089443557521185e-7
127 4.7606214224556409e-7
128 2.7561492445795814e-7
129 3.0067082668140887e-7
130 5.2617394669246561e-7
131 3.7583853335176112e-7
132 4.0089443557521185e-7
133 3.5078263112831039e-7
134 3.2572672890485966e-7
135 4.2595033779866258e-7
136 4.2595033779866258e-7
137 2.7561492445795814e-7
138 4.2595033779866258e-7
139 2.5055902223450741e-7
140 4.7606214224556409e-7
141 2.7561492445795814e-7
142 3.5078263112831039e-7
143 4.2595033779866258e-7
144 2.5055902223450741e-7
145 3.0067082668140887e-7
146 1.2527951111725371e-7
147 2.5055902223450741e-7
148 1.5033541334070444e-7
149 3.2572672890485966e-7
150 3.0067082668140887e-7
151 2.0044721778760592e-7
152 2.2550312001105668e-7
153 2.2550312001105668e-7
154 3.0067082668140887e-7
155 2.0044721778760592e-7
156 2.2550312001105668e-7
157 1.7539131556415519e-7
158 1.7539131556415519e-7
159 2.5055902223450741e-7
160 2.5055902223450741e-7
161 3.7583853335176112e-7
162 1.7539131556415519e-7
163 2.2550312001105668e-7
164 1.7539131556415519e-7
165 2.0044721778760592e-7
166 2.2550312001105668e-7
167 1.7539131556415519e-7
168 1.0022360889380296e-7
169 1.2527951111725371e-7
170 1.0022360889380296e-7
171 2.0044721778760592e-7
172 2.5055902223450741e-7
173 1.7539131556415519e-7
174 7.5167706670352218e-8
175 2.7561492445795814e-7
176 2.2550312001105668e-7
177 7.5167706670352218e-8
178 1.7539131556415519e-7
179 2.0044721778760592e-7
180 1.0022360889380296e-7
181 1.2527951111725371e-7
182 1.0022360889380296e-7
183 1.7539131556415519e-7
184 2.5055902223450741e-8
185 5.0111804446901481e-8
186 7.5167706670352218e-8
187 5.0111804446901481e-8
188 7.5167706670352218e-8
189 1.0022360889380296e-7
190 1.0022360889380296e-7
191 1.7539131556415519e-7
192 1.2527951111725371e-7
193 5.0111804446901481e-8
194 1.0022360889380296e-7
195 7.5167706670352218e-8
196 7.5167706670352218e-8
198 1.0022360889380296e-7
199 1.0022360889380296e-7
200 1.0022360889380296e-7
201 1.0022360889380296e-7
202 5.0111804446901481e-8
203 5.0111804446901481e-8
204 5.0111804446901481e-8
205 2.5055902223450741e-8
206 7.5167706670352218e-8
207 5.0111804446901481e-8
208 7.5167706670352218e-8
209 2.5055902223450741e-8
210 7.5167706670352218e-8
211 7.5167706670352218e-8
212 2.5055902223450741e-8
213 1.5033541334070444e-7
214 2.5055902223450741e-8
215 2.5055902223450741e-8
216 2.5055902223450741e-8
217 5.0111804446901481e-8
218 5.0111804446901481e-8
219 5.0111804446901481e-8
220 7.5167706670352218e-8
223 5.0111804446901481e-8
224 2.5055902223450741e-8
225 7.5167706670352218e-8
226 5.0111804446901481e-8
227 1.0022360889380296e-7
228 5.0111804446901481e-8
229 2.5055902223450741e-8
230 5.0111804446901481e-8
232 2.5055902223450741e-8
233 7.5167706670352218e-8
235 5.0111804446901481e-8
236 2.5055902223450741e-8
238 7.5167706670352218e-8
239 1.5033541334070444e-7
241 1.0022360889380296e-7
242 5.0111804446901481e-8
243 5.0111804446901481e-8
245 2.5055902223450741e-8
246 5.0111804446901481e-8
248 7.5167706670352218e-8
249 2.5055902223450741e-8
250 7.5167706670352218e-8
251 2.5055902223450741e-8
252 2.5055902223450741e-8
253 5.0111804446901481e-8
254 2.5055902223450741e-8
255 2.5055902223450741e-8
256 5.0111804446901481e-8
257 2.5055902223450741e-8
258 2.5055902223450741e-8
260 2.5055902223450741e-8
261 2.5055902223450741e-8
263 2.5055902223450741e-8
264 7.5167706670352218e-8
266 2.5055902223450741e-8
269 5.0111804446901481e-8
270 2.5055902223450741e-8
274 5.0111804446901481e-8
275 5.0111804446901481e-8
278 2.5055902223450741e-8
281 2.5055902223450741e-8
283 2.5055902223450741e-8
284 2.5055902223450741e-8
285 5.0111804446901481e-8
286 2.5055902223450741e-8
290 2.5055902223450741e-8
291 2.5055902223450741e-8
292 5.0111804446901481e-8
293 2.5055902223450741e-8
295 2.5055902223450741e-8
298 5.0111804446901481e-8
302 2.5055902223450741e-8
304 2.5055902223450741e-8
311 2.5055902223450741e-8
312 2.5055902223450741e-8
316 2.5055902223450741e-8
318 2.5055902223450741e-8
319 2.5055902223450741e-8
326 2.5055902223450741e-8
331 2.5055902223450741e-8
332 2.5055902223450741e-8
350 2.5055902223450741e-8
401 2.5055902223450741e-8
503 2.5055902223450741e-8
508 2.5055902223450741e-8
556 2.5055902223450741e-8
566 2.5055902223450741e-8
574 2.5055902223450741e-8
599 2.5055902223450741e-8
602 2.5055902223450741e-8
617 2.5055902223450741e-8
619 2.5055902223450741e-8
622 2.5055902223450741e-8
635 2.5055902223450741e-8
644 2.5055902223450741e-8
652 2.5055902223450741e-8
656 2.5055902223450741e-8
658 2.5055902223450741e-8
663 2.5055902223450741e-8
666 2.5055902223450741e-8
670 5.0111804446901481e-8
671 2.5055902223450741e-8
675 5.0111804446901481e-8
678 2.5055902223450741e-8
680 2.5055902223450741e-8
683 2.5055902223450741e-8
686 2.5055902223450741e-8
691 2.5055902223450741e-8
694 2.5055902223450741e-8
698 2.5055902223450741e-8
703 5.0111804446901481e-8
704 2.5055902223450741e-8
705 2.5055902223450741e-8
706 5.0111804446901481e-8
708 2.5055902223450741e-8
710 2.5055902223450741e-8
712 2.5055902223450741e-8
715 2.5055902223450741e-8
717 7.5167706670352218e-8
722 5.0111804446901481e-8
724 5.0111804446901481e-8
725 5.0111804446901481e-8
726 2.5055902223450741e-8
728 2.5055902223450741e-8
729 5.0111804446901481e-8
731 2.5055902223450741e-8
732 2.5055902223450741e-8
733 5.0111804446901481e-8
734 5.0111804446901481e-8
735 5.0111804446901481e-8
736 2.5055902223450741e-8
737 2.5055902223450741e-8
738 2.5055902223450741e-8
739 2.5055902223450741e-8
741 5.0111804446901481e-8
743 2.5055902223450741e-8
744 2.5055902223450741e-8
746 5.0111804446901481e-8
747 5.0111804446901481e-8
748 5.0111804446901481e-8
750 2.5055902223450741e-8
751 2.5055902223450741e-8
752 2.5055902223450741e-8
753 2.5055902223450741e-8
754 2.5055902223450741e-8
755 5.0111804446901481e-8
757 5.0111804446901481e-8
758 5.0111804446901481e-8
759 5.0111804446901481e-8
760 5.0111804446901481e-8
761 7.5167706670352218e-8
763 2.5055902223450741e-8
764 5.0111804446901481e-8
765 5.0111804446901481e-8
766 7.5167706670352218e-8
767 5.0111804446901481e-8
769 2.5055902223450741e-8
770 2.5055902223450741e-8
771 1.2527951111725371e-7
772 5.0111804446901481e-8
773 2.5055902223450741e-8
775 7.5167706670352218e-8
776 2.5055902223450741e-8
777 2.5055902223450741e-8
778 5.0111804446901481e-8
779 1.5033541334070444e-7
780 5.0111804446901481e-8
781 5.0111804446901481e-8
782 2.5055902223450741e-8
783 5.0111804446901481e-8
785 5.0111804446901481e-8
786 1.0022360889380296e-7
787 2.5055902223450741e-8
788 2.5055902223450741e-8
789 2.5055902223450741e-8
790 5.0111804446901481e-8
791 5.0111804446901481e-8
792 2.5055902223450741e-8
793 2.5055902223450741e-8
794 2.5055902223450741e-8
795 2.5055902223450741e-8
796 5.0111804446901481e-8
797 2.5055902223450741e-8
798 5.0111804446901481e-8
801 5.0111804446901481e-8
802 2.5055902223450741e-8
804 1.2527951111725371e-7
805 2.5055902223450741e-8
806 1.5033541334070444e-7
807 5.0111804446901481e-8
808 7.5167706670352218e-8
809 5.0111804446901481e-8
811 1.0022360889380296e-7
812 5.0111804446901481e-8
813 1.0022360889380296e-7
814 1.0022360889380296e-7
815 5.0111804446901481e-8
816 1.2527951111725371e-7
817 7.5167706670352218e-8
819 2.5055902223450741e-8
820 7.5167706670352218e-8
821 5.0111804446901481e-8
822 1.2527951111725371e-7
823 1.0022360889380296e-7
824 1.2527951111725371e-7
825 7.5167706670352218e-8
826 5.0111804446901481e-8
827 1.0022360889380296e-7
828 5.0111804446901481e-8
829 5.0111804446901481e-8
830 7.5167706670352218e-8
831 5.0111804446901481e-8
832 1.0022360889380296e-7
833 5.0111804446901481e-8
834 2.5055902223450741e-8
835 1.0022360889380296e-7
836 7.5167706670352218e-8
837 1.2527951111725371e-7
838 1.0022360889380296e-7
839 2.0044721778760592e-7
841 5.0111804446901481e-8
842 1.2527951111725371e-7
843 7.5167706670352218e-8
844 1.0022360889380296e-7
845 5.0111804446901481e-8
846 1.5033541334070444e-7
847 1.0022360889380296e-7
848 5.0111804446901481e-8
849 7.5167706670352218e-8
850 1.5033541334070444e-7
851 5.0111804446901481e-8
852 7.5167706670352218e-8
853 7.5167706670352218e-8
854 1.7539131556415519e-7
855 7.5167706670352218e-8
856 5.0111804446901481e-8
857 5.0111804446901481e-8
858 5.0111804446901481e-8
859 1.0022360889380296e-7
860 1.5033541334070444e-7
861 2.2550312001105668e-7
862 1.0022360889380296e-7
863 2.0044721778760592e-7
864 1.0022360889380296e-7
865 1.5033541334070444e-7
866 1.0022360889380296e-7
867 2.0044721778760592e-7
868 2.0044721778760592e-7
869 2.5055902223450741e-7
870 1.2527951111725371e-7
871 1.2527951111725371e-7
872 2.7561492445795814e-7
873 1.5033541334070444e-7
874 1.0022360889380296e-7
875 7.5167706670352218e-8
876 7.5167706670352218e-8
877 2.2550312001105668e-7
878 7.5167706670352218e-8
879 2.0044721778760592e-7
880 1.0022360889380296e-7
881 1.7539131556415519e-7
882 1.7539131556415519e-7
883 7.5167706670352218e-8
884 1.5033541334070444e-7
885 1.5033541334070444e-7
886 2.0044721778760592e-7
887 2.0044721778760592e-7
888 1.0022360889380296e-7
889 7.5167706670352218e-8
890 1.7539131556415519e-7
891 1.7539131556415519e-7
892 1.5033541334070444e-7
893 2.2550312001105668e-7
894 7.5167706670352218e-8
895 7.5167706670352218e-8
896 1.0022360889380296e-7
897 2.5055902223450741e-7
898 1.5033541334070444e-7
899 1.5033541334070444e-7
900 2.2550312001105668e-7
901 2.5055902223450741e-7
902 1.5033541334070444e-7
903 1.2527951111725371e-7
904 1.2527951111725371e-7
905 1.2527951111725371e-7
906 1.7539131556415519e-7
907 2.5055902223450741e-7
908 7.5167706670352218e-8
909 2.0044721778760592e-7
910 1.5033541334070444e-7
911 3.2572672890485966e-7
912 2.2550312001105668e-7
913 1.7539131556415519e-7
914 2.0044721778760592e-7
915 2.0044721778760592e-7
916 2.0044721778760592e-7
917 3.0067082668140887e-7
918 3.7583853335176112e-7
919 2.7561492445795814e-7
920 2.2550312001105668e-7
921 1.0022360889380296e-7
922 3.2572672890485966e-7
923 3.0067082668140887e-7
924 3.5078263112831039e-7
925 3.7583853335176112e-7
926 1.7539131556415519e-7
927 2.0044721778760592e-7
928 2.7561492445795814e-7
929 1.7539131556415519e-7
930 2.2550312001105668e-7
931 2.7561492445795814e-7
932 3.0067082668140887e-7
933 2.5055902223450741e-7
934 2.0044721778760592e-7
935 3.5078263112831039e-7
936 2.7561492445795814e-7
937 2.7561492445795814e-7
938 2.7561492445795814e-7
939 4.5100624002211336e-7
940 3.7583853335176112e-7
941 4.0089443557521185e-7
942 1.0022360889380296e-7
943 3.2572672890485966e-7
944 2.0044721778760592e-7
945 3.0067082668140887e-7
946 2.7561492445795814e-7
947 3.7583853335176112e-7
948 3.0067082668140887e-7
949 1.2527951111725371e-7
950 2.5055902223450741e-7
951 2.2550312001105668e-7
952 2.2550312001105668e-7
953 2.0044721778760592e-7
954 6.0134165336281775e-7
955 1.5033541334070444e-7
956 3.5078263112831039e-7
957 4.5100624002211336e-7
958 4.2595033779866258e-7
959 3.5078263112831039e-7
960 2.5055902223450741e-7
961 3.0067082668140887e-7
962 3.5078263112831039e-7
963 3.0067082668140887e-7
964 5.0111804446901482e-7
965 4.7606214224556409e-7
966 2.7561492445795814e-7
967 4.7606214224556409e-7
968 4.0089443557521185e-7
969 3.5078263112831039e-7
970 3.0067082668140887e-7
971 5.0111804446901482e-7
972 2.7561492445795814e-7
973 3.0067082668140887e-7
974 3.0067082668140887e-7
975 2.2550312001105668e-7
976 5.2617394669246561e-7
977 4.0089443557521185e-7
978 3.0067082668140887e-7
979 4.7606214224556409e-7
980 4.0089443557521185e-7
981 4.0089443557521185e-7
982 3.7583853335176112e-7
983 4.0089443557521185e-7
984 3.2572672890485966e-7
985 5.2617394669246561e-7
986 3.0067082668140887e-7
987 5.7628575113936707e-7
988 4.5100624002211336e-7
989 5.5122984891591628e-7
990 4.0089443557521185e-7
991 6.2639755558626853e-7
992 5.0111804446901482e-7
993 5.5122984891591628e-7
994 4.7606214224556409e-7
995 3.5078263112831039e-7
996 4.2595033779866258e-7
997 4.5100624002211336e-7
998 4.0089443557521185e-7
999 3.5078263112831039e-7
1000 6.2639755558626853e-7
1001 5.0111804446901482e-7
1002 4.7606214224556409e-7
1003 3.7583853335176112e-7
1004 6.0134165336281775e-7
1005 5.5122984891591628e-7
1006 6.0134165336281775e-7
1007 7.0156526225662077e-7
1008 5.7628575113936707e-7
1009 5.2617394669246561e-7
1010 4.5100624002211336e-7
1011 3.7583853335176112e-7
1012 5.0111804446901482e-7
1013 5.2617394669246561e-7
1014 5.5122984891591628e-7
1015 5.5122984891591628e-7
1016 6.0134165336281775e-7
1017 5.7628575113936707e-7
1018 6.0134165336281775e-7
1019 6.0134165336281775e-7
1020 6.7650936003316999e-7
1021 4.0089443557521185e-7
1022 7.2662116448007145e-7
1023 7.0156526225662077e-7
1024 5.7628575113936707e-7
1025 5.2617394669246561e-7
1026 7.0156526225662077e-7
1027 7.5167706670352224e-7
1028 7.7673296892697302e-7
1029 7.5167706670352224e-7
1030 6.2639755558626853e-7
1031 7.0156526225662077e-7
1032 6.5145345780971931e-7
1033 6.0134165336281775e-7
1034 7.5167706670352224e-7
1035 2.7561492445795814e-7
1036 5.7628575113936707e-7
1037 6.7650936003316999e-7
1038 5.2617394669246561e-7
1039 7.2662116448007145e-7
1040 6.7650936003316999e-7
1041 7.5167706670352224e-7
1042 6.2639755558626853e-7
1043 7.2662116448007145e-7
1044 5.7628575113936707e-7
1045 5.7628575113936707e-7
1046 6.2639755558626853e-7
1047 9.2706838226767740e-7
1048 7.0156526225662077e-7
1049 9.0201248004422673e-7
1050 8.2684477337387448e-7
1051 8.2684477337387448e-7
1052 6.5145345780971931e-7
1053 6.5145345780971931e-7
1054 4.2595033779866258e-7
1055 9.2706838226767740e-7
1056 7.7673296892697302e-7
1057 6.5145345780971931e-7
1058 7.0156526225662077e-7
1059 8.0178887115042370e-7
1060 6.7650936003316999e-7
1061 7.5167706670352224e-7
1062 9.0201248004422673e-7
1063 7.5167706670352224e-7
1064 9.0201248004422673e-7
1065 7.7673296892697302e-7
1066 8.2684477337387448e-7
1067 8.7695657782077594e-7
1068 0.0000010774037956083818
1069 9.0201248004422673e-7
1070 9.0201248004422673e-7
1071 0.0000010022360889380296
1072 9.0201248004422673e-7
1073 9.5212428449112819e-7
1074 8.7695657782077594e-7
1075 7.7673296892697302e-7
1076 9.2706838226767740e-7
1077 9.7718018671457886e-7
1078 8.2684477337387448e-7
1079 7.2662116448007145e-7
1080 7.7673296892697302e-7
1081 8.2684477337387448e-7
1082 0.0000011275156000552834
1083 9.5212428449112819e-7
1084 7.0156526225662077e-7
1085 0.0000012026833067256355
1086 8.5190067559732516e-7
1087 7.2662116448007145e-7
1088 0.0000010774037956083818
1089 0.0000010272919911614804
1090 0.0000010523478933849312
1091 0.0000011525715022787341
1092 0.0000010523478933849312
1093 0.0000010523478933849312
1094 9.5212428449112819e-7
1095 0.000001553465937853946
1096 0.0000012277392089490863
1097 0.0000012527951111725371
1098 0.0000011275156000552834
1099 9.7718018671457886e-7
1100 0.0000013029069156194386
1101 0.0000011776274045021849
1102 0.0000010272919911614804
1103 0.00000135301872006634
1104 0.0000010774037956083818
1105 0.0000012527951111725371
1106 0.0000010523478933849312
1107 0.0000010272919911614804
1108 0.0000011024596978318326
1109 0.0000013029069156194386
1110 0.0000011525715022787341
1111 0.0000012527951111725371
1112 0.0000014281864267366923
1113 9.2706838226767740e-7
1114 8.0178887115042370e-7
1115 0.0000011275156000552834
1116 0.0000010022360889380296
1117 0.0000014782982311835937
1118 0.000001653689546747749
1119 0.0000012026833067256355
1120 0.0000012026833067256355
1121 0.0000010022360889380296
1122 0.0000014281864267366923
1123 0.0000012527951111725371
1124 0.0000011525715022787341
1125 0.0000012026833067256355
1126 0.0000014532423289601429
1127 0.0000012026833067256355
1128 8.5190067559732516e-7
1129 0.0000015033541334070445
1130 0.0000013029069156194386
1131 0.0000015033541334070445
1132 0.0000014031305245132415
1133 0.0000015284100356304953
1134 0.0000012026833067256355
1135 0.0000014782982311835937
1136 0.0000015033541334070445
1137 0.0000012778510133959878
1138 0.0000012026833067256355
1139 0.00000135301872006634
1140 0.000001553465937853946
1141 0.0000013780746222897908
1142 0.0000015284100356304953
1143 0.0000014281864267366923
1144 0.0000014031305245132415
1145 0.0000010022360889380296
1146 0.0000014281864267366923
1147 0.0000012277392089490863
1148 0.0000015284100356304953
1149 0.0000011525715022787341
1150 0.0000014281864267366923
1151 0.0000017038013511946503
1152 0.0000016787454489711997
1153 0.0000013279628178428892
1154 0.0000014031305245132415
1155 0.0000014782982311835937
1156 0.0000014532423289601429
1157 0.0000013780746222897908
1158 0.0000016035777423008474
1159 0.0000013029069156194386
1160 0.00000135301872006634
1161 0.0000012527951111725371
1162 0.0000015033541334070445
1163 0.0000016787454489711997
1164 0.0000016286336445242982
1165 0.000001553465937853946
1166 0.0000017539131556415519
1167 0.0000017038013511946503
1168 0.0000014031305245132415
1169 0.0000015284100356304953
1170 0.000001553465937853946
1171 0.0000018040249600884535
1172 0.0000021798634934402146
1173 0.0000017539131556415519
1174 0.0000015033541334070445
1175 0.0000019042485689822564
1176 0.0000017539131556415519
1177 0.0000015033541334070445
1178 0.000001829080862311904
1179 0.0000012778510133959878
1180 0.000001653689546747749
1181 0.0000014281864267366923
1182 0.0000018040249600884535
1183 0.0000019042485689822564
1184 0.0000014532423289601429
1185 0.0000021798634934402146
1186 0.0000017038013511946503
1187 0.000001653689546747749
1188 0.0000015033541334070445
1189 0.0000017539131556415519
1190 0.0000019794162756526087
1191 0.0000018791926667588056
1192 0.0000019543603734291577
1193 0.0000016787454489711997
1194 0.0000017288572534181011
1195 0.0000015785218400773966
1196 0.0000016787454489711997
1197 0.0000022800871023340173
1198 0.0000017038013511946503
1199 0.0000020295280800995099
1200 0.0000017789690578650027
1201 0.0000022800871023340173
1202 0.0000021798634934402146
1203 0.0000017288572534181011
1204 0.0000019293044712057072
1205 0.0000022049193956636651
1206 0.0000018791926667588056
1207 0.0000016787454489711997
1208 0.0000020295280800995099
1209 0.0000020796398845464114
1210 0.0000022800871023340173
1211 0.0000019543603734291577
1212 0.0000022800871023340173
1213 0.0000019293044712057072
1214 0.0000019543603734291577
1215 0.0000021548075912167636
1216 0.0000022800871023340173
1217 0.0000016787454489711997
1218 0.0000022049193956636651
1219 0.0000022299752978871161
1220 0.0000023803107112278204
1221 0.0000019543603734291577
1222 0.0000019293044712057072
1223 0.000002129751688993313
1224 0.0000019543603734291577
1225 0.0000018541367645353548
1226 0.0000017038013511946503
1227 0.0000021548075912167636
1228 0.0000021798634934402146
1229 0.000002129751688993313
1230 0.0000021548075912167636
1231 0.0000019543603734291577
1232 0.0000024805343201216235
1233 0.0000023552548090043698
1234 0.0000024805343201216235
1235 0.0000022550312001105667
1236 0.0000019794162756526087
1237 0.0000023051430045574683
1238 0.0000022049193956636651
1239 0.000001829080862311904
1240 0.0000024554784178981726
1241 0.0000020295280800995099
1242 0.0000022550312001105667
1243 0.0000020796398845464114
1244 0.0000020044721778760593
1245 0.0000024805343201216235
1246 0.0000020295280800995099
1247 0.0000022800871023340173
1248 0.0000025055902223450741
1249 0.0000024805343201216235
1250 0.0000023051430045574683
1251 0.0000022550312001105667
1252 0.0000023301989067809188
1253 0.0000022550312001105667
1254 0.0000020295280800995099
1255 0.0000026058138312388773
1256 0.0000025055902223450741
1257 0.0000020796398845464114
1258 0.0000024554784178981726
1259 0.0000026809815379092294
1260 0.0000022800871023340173
1261 0.000002430422515674722
1262 0.0000022550312001105667
1263 0.000002430422515674722
1264 0.0000026809815379092294
1265 0.0000023803107112278204
1266 0.0000020545839823229609
1267 0.000002430422515674722
1268 0.0000029315405601437368
1269 0.000001829080862311904
1270 0.0000020796398845464114
1271 0.0000023803107112278204
1272 0.0000030067082668140889
1273 0.0000021798634934402146
1274 0.0000024554784178981726
1275 0.0000025055902223450741
1276 0.000002430422515674722
1277 0.0000023301989067809188
1278 0.0000023051430045574683
1279 0.0000019042485689822564
1280 0.0000027561492445795815
1281 0.0000029565964623671874
1282 0.0000025055902223450741
1283 0.0000022800871023340173
1284 0.0000028313169512499337
1285 0.0000025055902223450741
1286 0.0000026559256356857784
1287 0.0000025306461245685247
1288 0.0000026559256356857784
1289 0.0000025055902223450741
1290 0.0000025807579290154263
1291 0.0000029565964623671874
1292 0.0000029064846579202858
1293 0.0000031570436801547932
1294 0.0000024805343201216235
1295 0.0000021046957867698624
1296 0.0000026559256356857784
1297 0.0000027812051468030321
1298 0.000002430422515674722
1299 0.0000021548075912167636
1300 0.0000030568200712609905
1301 0.0000026809815379092294
1302 0.0000027812051468030321
1303 0.0000026559256356857784
1304 0.0000026058138312388773
1305 0.0000022800871023340173
1306 0.0000025807579290154263
1307 0.0000029565964623671874
1308 0.0000026308697334623278
1309 0.0000026559256356857784
1310 0.00000270603744013268
1311 0.0000024554784178981726
1312 0.000002430422515674722
1313 0.0000028313169512499337
1314 0.0000029315405601437368
1315 0.0000028814287556968352
1316 0.0000028062610490264831
1317 0.0000030568200712609905
1318 0.0000031319877779313426
1319 0.0000030818759734844411
1320 0.0000028563728534733847
1321 0.0000026058138312388773
1322 0.0000026809815379092294
1323 0.0000025807579290154263
1324 0.0000030067082668140889
1325 0.0000027812051468030321
1326 0.0000027812051468030321
1327 0.0000025807579290154263
1328 0.0000032071554846016948
1329 0.0000025306461245685247
1330 0.0000028814287556968352
1331 0.0000027561492445795815
1332 0.00000270603744013268
1333 0.0000028062610490264831
1334 0.0000024805343201216235
1335 0.0000029315405601437368
1336 0.0000029315405601437368
1337 0.0000024805343201216235
1338 0.0000030067082668140889
1339 0.0000031820995823782442
1340 0.0000025807579290154263
1341 0.0000023552548090043698
1342 0.0000025557020267919757
1343 0.0000029064846579202858
1344 0.0000029565964623671874
1345 0.0000029064846579202858
1346 0.0000027812051468030321
1347 0.0000025055902223450741
1348 0.0000028563728534733847
1349 0.0000028814287556968352
1350 0.0000031069318757078921
1351 0.0000029816523645906384
1352 0.0000029064846579202858
1353 0.0000026559256356857784
1354 0.0000027812051468030321
1355 0.000002405366613451271
1356 0.0000029816523645906384
1357 0.000002731093342356131
1358 0.0000022299752978871161
1359 0.00000270603744013268
1360 0.0000028563728534733847
1361 0.0000025055902223450741
1362 0.0000030317641690375395
1363 0.0000030568200712609905
1364 0.0000032572672890485964
1365 0.0000026809815379092294
1366 0.0000028814287556968352
1367 0.0000025557020267919757
1368 0.00000270603744013268
1369 0.0000026058138312388773
1370 0.0000030818759734844411
1371 0.0000029816523645906384
1372 0.0000031570436801547932
1373 0.0000025306461245685247
1374 0.0000028313169512499337
1375 0.0000027561492445795815
1376 0.0000030818759734844411
1377 0.0000030067082668140889
1378 0.0000031319877779313426
1379 0.0000025557020267919757
1380 0.0000029816523645906384
1381 0.0000029315405601437368
1382 0.0000027812051468030321
1383 0.0000031319877779313426
1384 0.0000029565964623671874
1385 0.0000032572672890485964
1386 0.0000024554784178981726
1387 0.0000030568200712609905
1388 0.0000026809815379092294
1389 0.0000033825468001658501
1390 0.0000027812051468030321
1391 0.0000026058138312388773
1392 0.0000028814287556968352
1393 0.0000030317641690375395
1394 0.0000029565964623671874
1395 0.0000030067082668140889
1396 0.0000030067082668140889
1397 0.0000027561492445795815
1398 0.0000029816523645906384
1399 0.0000026559256356857784
1400 0.0000032071554846016948
1401 0.0000029816523645906384
1402 0.0000029816523645906384
1403 0.0000035579381157300053
1404 0.000002731093342356131
1405 0.0000030317641690375395
1406 0.0000033073790934954979
1407 0.0000025055902223450741
1408 0.0000030067082668140889
1409 0.0000024805343201216235
1410 0.0000030317641690375395
1411 0.0000032823231912720469
1412 0.0000026559256356857784
1413 0.0000023552548090043698
1414 0.0000028313169512499337
1415 0.0000031820995823782442
1416 0.0000029064846579202858
1417 0.000002405366613451271
1418 0.0000031820995823782442
1419 0.0000028814287556968352
1420 0.0000023552548090043698
1421 0.0000026058138312388773
1422 0.0000029064846579202858
1423 0.0000032322113868251458
1424 0.0000025557020267919757
1425 0.0000030317641690375395
1426 0.0000024805343201216235
1427 0.0000025055902223450741
1428 0.0000028563728534733847
1429 0.000002430422515674722
1430 0.0000025807579290154263
1431 0.0000028062610490264831
1432 0.0000027561492445795815
1433 0.0000026559256356857784
1434 0.0000027561492445795815
1435 0.0000026809815379092294
1436 0.0000026809815379092294
1437 0.0000034076027023893006
1438 0.0000028062610490264831
1439 0.0000030568200712609905
1440 0.0000032823231912720469
1441 0.0000031570436801547932
1442 0.0000025807579290154263
1443 0.0000026058138312388773
1444 0.0000028062610490264831
1445 0.0000033073790934954979
1446 0.000002731093342356131
1447 0.0000032572672890485964
1448 0.0000029064846579202858
1449 0.0000028313169512499337
1450 0.0000028062610490264831
1451 0.0000026308697334623278
1452 0.0000023301989067809188
1453 0.0000023301989067809188
1454 0.0000027561492445795815
1455 0.0000025557020267919757
1456 0.0000024805343201216235
1457 0.0000029816523645906384
1458 0.0000025807579290154263
1459 0.0000025807579290154263
1460 0.0000023301989067809188
1461 0.0000026809815379092294
1462 0.0000028062610490264831
1463 0.0000025306461245685247
1464 0.0000027812051468030321
1465 0.0000023301989067809188
1466 0.000002731093342356131
1467 0.0000030317641690375395
1468 0.0000026809815379092294
1469 0.0000027812051468030321
1470 0.0000027561492445795815
1471 0.0000025557020267919757
1472 0.0000029064846579202858
1473 0.00000270603744013268
1474 0.0000025306461245685247
1475 0.0000021548075912167636
1476 0.0000031570436801547932
1477 0.0000026308697334623278
1478 0.0000030317641690375395
1479 0.0000025306461245685247
1480 0.0000025807579290154263
1481 0.0000031820995823782442
1482 0.0000023051430045574683
1483 0.0000027812051468030321
1484 0.00000270603744013268
1485 0.0000026308697334623278
1486 0.0000026809815379092294
1487 0.0000025807579290154263
1488 0.000002405366613451271
1489 0.0000025055902223450741
1490 0.00000270603744013268
1491 0.0000025055902223450741
1492 0.0000023552548090043698
1493 0.0000021046957867698624
1494 0.0000032071554846016948
1495 0.0000023803107112278204
1496 0.0000021798634934402146
1497 0.0000020044721778760593
1498 0.0000021798634934402146
1499 0.0000021548075912167636
1500 0.0000023552548090043698
1501 0.0000022550312001105667
1502 0.0000022800871023340173
1503 0.0000022049193956636651
1504 0.0000021046957867698624
1505 0.0000023803107112278204
1506 0.0000025557020267919757
1507 0.0000020295280800995099
1508 0.0000024554784178981726
1509 0.0000022550312001105667
1510 0.0000023552548090043698
1511 0.0000022550312001105667
1512 0.000002405366613451271
1513 0.000002129751688993313
1514 0.0000023301989067809188
1515 0.0000019794162756526087
1516 0.0000019042485689822564
1517 0.000002129751688993313
1518 0.0000024554784178981726
1519 0.0000017539131556415519
1520 0.0000020545839823229609
1521 0.0000019042485689822564
1522 0.0000018791926667588056
1523 0.0000020545839823229609
1524 0.000002129751688993313
1525 0.0000020044721778760593
1526 0.000001829080862311904
1527 0.0000020295280800995099
1528 0.0000019293044712057072
1529 0.0000022299752978871161
1530 0.0000023051430045574683
1531 0.0000021046957867698624
1532 0.0000016787454489711997
1533 0.0000013780746222897908
1534 0.0000019293044712057072
1535 0.0000017288572534181011
1536 0.000001829080862311904
1537 0.0000019042485689822564
1538 0.0000016035777423008474
1539 0.0000017288572534181011
1540 0.0000014782982311835937
1541 0.0000019543603734291577
1542 0.0000014782982311835937
1543 0.0000014532423289601429
1544 0.0000017038013511946503
1545 0.0000018791926667588056
1546 0.0000017038013511946503
1547 0.0000018040249600884535
1548 0.0000017789690578650027
1549 0.0000013780746222897908
1550 0.0000015284100356304953
1551 0.00000135301872006634
1552 0.0000015033541334070445
1553 0.0000015785218400773966
1554 0.0000017038013511946503
1555 0.0000013029069156194386
1556 0.0000014031305245132415
1557 0.0000014782982311835937
1558 0.0000013279628178428892
1559 0.0000015284100356304953
1560 0.0000015284100356304953
1561 0.0000013780746222897908
1562 0.000001553465937853946
1563 0.0000012527951111725371
1564 0.0000012277392089490863
1565 0.0000013780746222897908
1566 0.0000014532423289601429
1567 0.0000015284100356304953
1568 0.0000013029069156194386
1569 0.0000014532423289601429
1570 0.0000012778510133959878
1571 0.0000012527951111725371
1572 0.0000014532423289601429
1573 0.0000012277392089490863
1574 0.0000012277392089490863
1575 0.0000011275156000552834
1576 0.0000013029069156194386
1577 0.0000011024596978318326
1578 0.0000010523478933849312
1579 0.0000011525715022787341
1580 0.0000012527951111725371
1581 0.0000012527951111725371
1582 0.0000010272919911614804
1583 0.0000012778510133959878
1584 0.0000012277392089490863
1585 8.2684477337387448e-7
1586 9.5212428449112819e-7
1587 8.7695657782077594e-7
1588 9.5212428449112819e-7
1589 6.2639755558626853e-7
1590 0.0000010523478933849312
1591 7.7673296892697302e-7
1592 6.0134165336281775e-7
1593 0.0000012277392089490863
1594 9.2706838226767740e-7
1595 8.2684477337387448e-7
1596 8.5190067559732516e-7
1597 6.0134165336281775e-7
1598 9.7718018671457886e-7
1599 6.7650936003316999e-7
1600 6.5145345780971931e-7
1601 9.5212428449112819e-7
1602 8.5190067559732516e-7
1603 8.5190067559732516e-7
1604 9.0201248004422673e-7
1605 8.2684477337387448e-7
1606 8.0178887115042370e-7
1607 0.0000010272919911614804
1608 7.5167706670352224e-7
1609 8.7695657782077594e-7
1610 8.0178887115042370e-7
1611 4.7606214224556409e-7
1612 8.0178887115042370e-7
1613 7.2662116448007145e-7
1614 5.5122984891591628e-7
1615 6.0134165336281775e-7
1616 7.2662116448007145e-7
1617 8.5190067559732516e-7
1618 5.5122984891591628e-7
1619 5.7628575113936707e-7
1620 6.5145345780971931e-7
1621 3.7583853335176112e-7
1622 5.0111804446901482e-7
1623 4.5100624002211336e-7
1624 4.5100624002211336e-7
1625 6.7650936003316999e-7
1626 6.5145345780971931e-7
1627 5.0111804446901482e-7
1628 6.2639755558626853e-7
1629 5.2617394669246561e-7
1630 3.7583853335176112e-7
1631 4.7606214224556409e-7
1632 3.7583853335176112e-7
1633 3.2572672890485966e-7
1634 3.0067082668140887e-7
1635 5.7628575113936707e-7
1636 5.7628575113936707e-7
1637 4.7606214224556409e-7
1638 3.0067082668140887e-7
1639 4.2595033779866258e-7
1640 4.0089443557521185e-7
1641 3.7583853335176112e-7
1642 4.2595033779866258e-7
1643 4.5100624002211336e-7
1644 4.0089443557521185e-7
1645 4.5100624002211336e-7
1646 1.5033541334070444e-7
1647 2.7561492445795814e-7
1648 4.2595033779866258e-7
1649 4.0089443557521185e-7
1650 2.7561492445795814e-7
1651 4.0089443557521185e-7
1652 3.0067082668140887e-7
1653 4.2595033779866258e-7
1654 4.7606214224556409e-7
1655 4.7606214224556409e-7
1656 3.7583853335176112e-7
1657 2.5055902223450741e-7
1658 3.2572672890485966e-7
1659 3.7583853335176112e-7
1660 3.5078263112831039e-7
1661 2.7561492445795814e-7
1662 2.5055902223450741e-7
1663 4.0089443557521185e-7
1664 2.5055902223450741e-7
1665 3.0067082668140887e-7
1666 1.2527951111725371e-7
1667 2.0044721778760592e-7
1668 7.5167706670352218e-8
1669 2.7561492445795814e-7
1670 4.5100624002211336e-7
1671 3.0067082668140887e-7
1672 2.0044721778760592e-7
1673 2.7561492445795814e-7
1674 7.5167706670352218e-8
1675 2.2550312001105668e-7
1676 3.0067082668140887e-7
1677 1.5033541334070444e-7
1678 7.5167706670352218e-8
1679 2.7561492445795814e-7
1680 2.0044721778760592e-7
1681 1.5033541334070444e-7
1682 7.5167706670352218e-8
1683 1.5033541334070444e-7
1684 1.2527951111725371e-7
1685 1.5033541334070444e-7
1686 1.2527951111725371e-7
1687 1.0022360889380296e-7
1688 1.0022360889380296e-7
1689 5.0111804446901481e-8
1690 2.0044721778760592e-7
1691 5.0111804446901481e-8
1692 7.5167706670352218e-8
1693 1.5033541334070444e-7
1694 2.5055902223450741e-8
1695 1.2527951111725371e-7
1696 1.0022360889380296e-7
1697 1.5033541334070444e-7
1698 5.0111804446901481e-8
1699 2.0044721778760592e-7
1700 1.0022360889380296e-7
1701 5.0111804446901481e-8
1702 1.5033541334070444e-7
1703 7.5167706670352218e-8
1704 7.5167706670352218e-8
1705 7.5167706670352218e-8
1706 5.0111804446901481e-8
1707 1.5033541334070444e-7
1708 1.7539131556415519e-7
1709 7.5167706670352218e-8
1710 2.5055902223450741e-8
1711 1.0022360889380296e-7
1712 1.0022360889380296e-7
1714 5.0111804446901481e-8
1715 1.2527951111725371e-7
1716 5.0111804446901481e-8
1717 5.0111804446901481e-8
1718 1.0022360889380296e-7
1719 5.0111804446901481e-8
1720 7.5167706670352218e-8
1721 7.5167706670352218e-8
1722 2.5055902223450741e-8
1723 5.0111804446901481e-8
1725 7.5167706670352218e-8
1726 2.5055902223450741e-8
1727 5.0111804446901481e-8
1729 5.0111804446901481e-8
1730 5.0111804446901481e-8
1731 5.0111804446901481e-8
1733 1.0022360889380296e-7
1734 2.5055902223450741e-8
1735 5.0111804446901481e-8
1736 2.5055902223450741e-8
1737 2.5055902223450741e-8
1738 5.0111804446901481e-8
1741 2.5055902223450741e-8
1743 5.0111804446901481e-8
1744 2.5055902223450741e-8
1746 2.5055902223450741e-8
1748 2.5055902223450741e-8
1749 2.5055902223450741e-8
1750 2.5055902223450741e-8
1753 2.5055902223450741e-8
1756 7.5167706670352218e-8
1757 2.5055902223450741e-8
1760 2.5055902223450741e-8
1761 5.0111804446901481e-8
1762 2.5055902223450741e-8
1763 5.0111804446901481e-8
1765 2.5055902223450741e-8
1768 7.5167706670352218e-8
1769 2.5055902223450741e-8
1773 2.5055902223450741e-8
1795 2.5055902223450741e-8
1804 2.5055902223450741e-8
1807 2.5055902223450741e-8
