1 0.92108453591953998
2 0.052407480145448097
3 0.011917663887026921
4 0.0048180042167792793
5 0.0025002331280368924
6 0.0014826496968294439
7 0.00097603929619079449
8 0.00067152276953232461
9 0.0004917377986040477
10 0.00037144323581417754
11 0.00028840454112098469
12 0.00022990563978488466
13 0.000186378491163617
14 0.00015244417085466747
15 0.00012480591874036595
16 0.00010594250182647947
17 0.000090450208040436023
18 0.000074313434832893181
19 0.000064596668170286735
20 0.000056838127442236174
21 0.000049178737394416303
22 0.000045088771834900828
23 0.000038371313249272396
24 0.000034430073710102943
25 0.000031852156024105317
26 0.000030315320480529806
27 0.000024614156367265821
28 0.000023647437235016709
29 0.000022308903051902554
30 0.000019978862066481623
31 0.000018020636131925731
32 0.00001648380058835022
33 0.000016632526608696238
34 0.000014773451354371025
35 0.000013509280181429881
36 0.000012071595318085049
37 0.000012195533668373398
38 0.000011129663855893608
39 0.000010906574825374583
40 0.00001001421870329848
41 0.0000096424036524334373
42 0.0000084030201495499624
43 0.0000083038694693192843
44 0.0000077337530579928851
45 0.0000074363010173008517
46 0.0000067174585856284363
47 0.0000060234038240136899
48 0.0000060977668341866988
49 0.0000055028627528026305
50 0.0000053541367324566134
51 0.000004883171001360893
52 0.0000047592326510725451
53 0.0000050318970217069093
54 0.000004660081970841867
55 0.0000040651778894577987
56 0.0000039660272092271206
57 0.0000035694244883044088
58 0.0000035198491481890698
59 0.0000033959107979007222
60 0.0000031728217673816966
61 0.0000029993080769780104
62 0.0000030240957470356799
63 0.000003148034097324027
64 0.0000025779176859976286
65 0.0000029001573967473323
66 0.0000023796163255362725
67 0.0000027514313764013152
68 0.0000024291916656516116
69 0.000002354828655478603
70 0.0000023796163255362725
71 0.0000018590752543252129
72 0.000002354828655478603
73 0.0000020821642848442384
74 0.0000018590752543252129
75 0.0000016359862238061873
76 0.0000014872602034601704
77 0.0000018342875842675434
78 0.0000015864108836908483
79 0.0000018094999142098739
80 0.0000012393835028834753
81 0.0000012641711729411448
82 0.0000013385341831141533
83 0.0000011650204927104667
84 0.0000013385341831141533
85 0.0000013137465130564838
86 0.0000010906574825374582
87 8.4278078196076317e-7
88 0.0000011402328226527972
89 7.9320544184542414e-7
90 0.0000010410821424221192
91 0.0000010906574825374582
92 0.0000012889588429988143
93 9.6671913224911063e-7
94 7.9320544184542414e-7
95 8.4278078196076317e-7
96 0.0000011154451525951277
97 7.6841777178775473e-7
98 8.6756845201843268e-7
99 8.4278078196076317e-7
100 9.6671913224911063e-7
101 0.0000010410821424221192
102 7.9320544184542414e-7
103 0.0000010162944723644497
104 7.1884243167241570e-7
105 6.9405476161474619e-7
106 9.1714379213377171e-7
107 4.9575340115339007e-7
108 4.9575340115339007e-7
109 6.9405476161474619e-7
110 6.6926709155707667e-7
111 5.4532874126872910e-7
112 5.2054107121105959e-7
113 6.6926709155707667e-7
114 4.9575340115339007e-7
115 4.4617806103805110e-7
116 5.9490408138406813e-7
117 4.9575340115339007e-7
118 7.4363010173008522e-7
119 4.7096573109572061e-7
120 6.6926709155707667e-7
121 3.2223971074970358e-7
122 5.2054107121105959e-7
123 2.7266437063436455e-7
124 4.4617806103805110e-7
125 5.2054107121105959e-7
126 4.2139039098038158e-7
127 5.4532874126872910e-7
128 3.4702738080737309e-7
129 3.2223971074970358e-7
130 2.2308903051902555e-7
131 3.2223971074970358e-7
132 4.2139039098038158e-7
133 2.7266437063436455e-7
134 3.9660272092271207e-7
135 3.2223971074970358e-7
136 4.2139039098038158e-7
137 2.4787670057669504e-7
138 2.4787670057669504e-7
139 1.7351369040368655e-7
140 2.7266437063436455e-7
141 3.2223971074970358e-7
142 2.9745204069203407e-7
143 2.2308903051902555e-7
144 1.7351369040368655e-7
145 3.7181505086504261e-7
146 3.2223971074970358e-7
147 1.4872602034601703e-7
148 1.9830136046135604e-7
149 2.7266437063436455e-7
150 1.7351369040368655e-7
151 1.2393835028834752e-7
152 2.9745204069203407e-7
153 3.7181505086504261e-7
154 1.9830136046135604e-7
155 2.2308903051902555e-7
156 1.4872602034601703e-7
157 1.4872602034601703e-7
158 4.9575340115339009e-8
159 2.2308903051902555e-7
160 1.7351369040368655e-7
161 1.4872602034601703e-7
162 1.2393835028834752e-7
163 1.7351369040368655e-7
164 1.2393835028834752e-7
165 9.9150680230678018e-8
166 7.4363010173008516e-8
167 1.4872602034601703e-7
168 1.9830136046135604e-7
169 1.2393835028834752e-7
170 7.4363010173008516e-8
171 1.2393835028834752e-7
172 1.7351369040368655e-7
173 1.4872602034601703e-7
174 9.9150680230678018e-8
175 4.9575340115339009e-8
176 1.4872602034601703e-7
177 9.9150680230678018e-8
178 1.4872602034601703e-7
179 4.9575340115339009e-8
180 1.7351369040368655e-7
181 1.2393835028834752e-7
182 1.2393835028834752e-7
183 7.4363010173008516e-8
184 1.4872602034601703e-7
185 1.7351369040368655e-7
186 7.4363010173008516e-8
187 4.9575340115339009e-8
188 2.4787670057669504e-8
189 4.9575340115339009e-8
190 7.4363010173008516e-8
191 9.9150680230678018e-8
192 9.9150680230678018e-8
193 2.4787670057669504e-8
194 1.9830136046135604e-7
195 7.4363010173008516e-8
196 2.4787670057669504e-8
197 1.2393835028834752e-7
198 7.4363010173008516e-8
199 1.9830136046135604e-7
200 4.9575340115339009e-8
201 2.4787670057669504e-8
202 9.9150680230678018e-8
204 9.9150680230678018e-8
205 4.9575340115339009e-8
206 7.4363010173008516e-8
207 2.4787670057669504e-8
208 1.2393835028834752e-7
209 2.4787670057669504e-8
210 2.4787670057669504e-8
211 9.9150680230678018e-8
213 7.4363010173008516e-8
214 7.4363010173008516e-8
215 2.4787670057669504e-8
216 4.9575340115339009e-8
217 2.4787670057669504e-8
218 7.4363010173008516e-8
219 1.2393835028834752e-7
220 7.4363010173008516e-8
221 4.9575340115339009e-8
222 7.4363010173008516e-8
223 7.4363010173008516e-8
224 4.9575340115339009e-8
225 4.9575340115339009e-8
226 2.4787670057669504e-8
227 2.4787670057669504e-8
228 4.9575340115339009e-8
231 4.9575340115339009e-8
233 7.4363010173008516e-8
234 4.9575340115339009e-8
235 2.4787670057669504e-8
237 4.9575340115339009e-8
240 2.4787670057669504e-8
241 4.9575340115339009e-8
242 2.4787670057669504e-8
243 2.4787670057669504e-8
244 2.4787670057669504e-8
246 4.9575340115339009e-8
248 2.4787670057669504e-8
249 4.9575340115339009e-8
251 2.4787670057669504e-8
252 2.4787670057669504e-8
254 4.9575340115339009e-8
259 4.9575340115339009e-8
260 4.9575340115339009e-8
261 2.4787670057669504e-8
262 2.4787670057669504e-8
264 2.4787670057669504e-8
266 2.4787670057669504e-8
268 7.4363010173008516e-8
273 2.4787670057669504e-8
274 2.4787670057669504e-8
278 2.4787670057669504e-8
286 2.4787670057669504e-8
291 2.4787670057669504e-8
294 2.4787670057669504e-8
297 2.4787670057669504e-8
303 2.4787670057669504e-8
307 2.4787670057669504e-8
322 2.4787670057669504e-8
326 2.4787670057669504e-8
328 2.4787670057669504e-8
334 2.4787670057669504e-8
370 2.4787670057669504e-8
406 2.4787670057669504e-8
539 2.4787670057669504e-8
566 2.4787670057669504e-8
576 2.4787670057669504e-8
578 2.4787670057669504e-8
593 2.4787670057669504e-8
620 2.4787670057669504e-8
621 2.4787670057669504e-8
629 2.4787670057669504e-8
633 2.4787670057669504e-8
637 2.4787670057669504e-8
639 2.4787670057669504e-8
642 2.4787670057669504e-8
644 2.4787670057669504e-8
652 2.4787670057669504e-8
653 2.4787670057669504e-8
654 7.4363010173008516e-8
666 2.4787670057669504e-8
667 2.4787670057669504e-8
669 2.4787670057669504e-8
672 2.4787670057669504e-8
673 2.4787670057669504e-8
674 7.4363010173008516e-8
676 2.4787670057669504e-8
679 2.4787670057669504e-8
680 2.4787670057669504e-8
681 2.4787670057669504e-8
686 2.4787670057669504e-8
690 2.4787670057669504e-8
692 4.9575340115339009e-8
695 4.9575340115339009e-8
698 7.4363010173008516e-8
703 2.4787670057669504e-8
706 2.4787670057669504e-8
707 2.4787670057669504e-8
708 2.4787670057669504e-8
710 4.9575340115339009e-8
711 2.4787670057669504e-8
712 2.4787670057669504e-8
713 2.4787670057669504e-8
715 2.4787670057669504e-8
717 2.4787670057669504e-8
719 2.4787670057669504e-8
721 4.9575340115339009e-8
723 4.9575340115339009e-8
724 9.9150680230678018e-8
725 2.4787670057669504e-8
727 2.4787670057669504e-8
730 4.9575340115339009e-8
731 4.9575340115339009e-8
733 1.2393835028834752e-7
735 4.9575340115339009e-8
737 2.4787670057669504e-8
738 2.4787670057669504e-8
739 2.4787670057669504e-8
740 7.4363010173008516e-8
741 2.4787670057669504e-8
742 2.4787670057669504e-8
743 4.9575340115339009e-8
744 9.9150680230678018e-8
747 2.4787670057669504e-8
748 4.9575340115339009e-8
749 9.9150680230678018e-8
750 4.9575340115339009e-8
751 4.9575340115339009e-8
752 4.9575340115339009e-8
753 2.4787670057669504e-8
754 2.4787670057669504e-8
755 2.4787670057669504e-8
756 2.4787670057669504e-8
758 2.4787670057669504e-8
759 4.9575340115339009e-8
760 4.9575340115339009e-8
761 9.9150680230678018e-8
762 7.4363010173008516e-8
763 4.9575340115339009e-8
766 2.4787670057669504e-8
767 2.4787670057669504e-8
768 4.9575340115339009e-8
769 4.9575340115339009e-8
770 2.4787670057669504e-8
771 4.9575340115339009e-8
772 4.9575340115339009e-8
773 4.9575340115339009e-8
775 7.4363010173008516e-8
776 2.4787670057669504e-8
778 2.4787670057669504e-8
779 4.9575340115339009e-8
780 2.4787670057669504e-8
781 2.4787670057669504e-8
782 2.4787670057669504e-8
783 4.9575340115339009e-8
784 2.4787670057669504e-8
785 1.2393835028834752e-7
786 2.4787670057669504e-8
787 9.9150680230678018e-8
788 2.4787670057669504e-8
789 9.9150680230678018e-8
791 9.9150680230678018e-8
792 7.4363010173008516e-8
793 2.4787670057669504e-8
794 9.9150680230678018e-8
796 2.4787670057669504e-8
797 9.9150680230678018e-8
798 7.4363010173008516e-8
799 4.9575340115339009e-8
800 2.4787670057669504e-8
802 2.4787670057669504e-8
803 2.4787670057669504e-8
804 4.9575340115339009e-8
806 4.9575340115339009e-8
808 1.2393835028834752e-7
809 9.9150680230678018e-8
810 7.4363010173008516e-8
811 4.9575340115339009e-8
812 4.9575340115339009e-8
813 1.2393835028834752e-7
814 2.4787670057669504e-8
815 9.9150680230678018e-8
816 2.4787670057669504e-8
817 1.4872602034601703e-7
818 1.2393835028834752e-7
819 7.4363010173008516e-8
820 1.7351369040368655e-7
821 9.9150680230678018e-8
822 1.4872602034601703e-7
823 7.4363010173008516e-8
824 7.4363010173008516e-8
825 7.4363010173008516e-8
826 2.4787670057669504e-8
827 9.9150680230678018e-8
828 1.2393835028834752e-7
829 1.2393835028834752e-7
830 2.4787670057669504e-8
831 2.4787670057669504e-8
832 7.4363010173008516e-8
834 2.4787670057669504e-8
835 1.2393835028834752e-7
836 7.4363010173008516e-8
837 7.4363010173008516e-8
838 1.2393835028834752e-7
839 1.4872602034601703e-7
840 7.4363010173008516e-8
841 1.4872602034601703e-7
842 1.4872602034601703e-7
843 2.4787670057669504e-8
844 1.4872602034601703e-7
845 7.4363010173008516e-8
846 1.7351369040368655e-7
847 7.4363010173008516e-8
848 1.4872602034601703e-7
849 1.2393835028834752e-7
850 1.2393835028834752e-7
851 1.2393835028834752e-7
852 7.4363010173008516e-8
853 9.9150680230678018e-8
854 1.4872602034601703e-7
855 1.2393835028834752e-7
856 9.9150680230678018e-8
857 1.2393835028834752e-7
858 4.9575340115339009e-8
859 4.9575340115339009e-8
860 7.4363010173008516e-8
861 1.2393835028834752e-7
862 4.9575340115339009e-8
863 9.9150680230678018e-8
864 2.4787670057669504e-8
865 1.4872602034601703e-7
866 2.7266437063436455e-7
867 1.4872602034601703e-7
868 7.4363010173008516e-8
869 2.4787670057669504e-7
870 2.7266437063436455e-7
871 1.4872602034601703e-7
872 9.9150680230678018e-8
873 1.7351369040368655e-7
874 7.4363010173008516e-8
875 9.9150680230678018e-8
876 1.2393835028834752e-7
877 2.4787670057669504e-8
878 7.4363010173008516e-8
879 1.2393835028834752e-7
880 1.2393835028834752e-7
881 1.4872602034601703e-7
882 2.4787670057669504e-8
883 7.4363010173008516e-8
884 9.9150680230678018e-8
885 1.2393835028834752e-7
886 2.2308903051902555e-7
887 2.4787670057669504e-7
888 9.9150680230678018e-8
889 1.9830136046135604e-7
890 1.7351369040368655e-7
891 9.9150680230678018e-8
892 2.7266437063436455e-7
893 1.4872602034601703e-7
894 1.4872602034601703e-7
895 1.7351369040368655e-7
896 1.2393835028834752e-7
897 1.2393835028834752e-7
898 2.4787670057669504e-7
899 1.7351369040368655e-7
900 9.9150680230678018e-8
901 2.4787670057669504e-8
902 1.2393835028834752e-7
903 1.9830136046135604e-7
904 1.4872602034601703e-7
905 1.9830136046135604e-7
906 2.2308903051902555e-7
907 7.4363010173008516e-8
908 1.9830136046135604e-7
909 2.4787670057669504e-7
910 1.7351369040368655e-7
911 1.4872602034601703e-7
912 1.2393835028834752e-7
913 1.2393835028834752e-7
914 1.9830136046135604e-7
915 1.2393835028834752e-7
916 9.9150680230678018e-8
917 1.9830136046135604e-7
918 1.2393835028834752e-7
919 2.2308903051902555e-7
920 2.7266437063436455e-7
921 3.9660272092271207e-7
922 1.7351369040368655e-7
923 1.4872602034601703e-7
924 1.2393835028834752e-7
925 2.4787670057669504e-7
926 1.7351369040368655e-7
927 1.9830136046135604e-7
928 1.4872602034601703e-7
929 1.4872602034601703e-7
930 2.2308903051902555e-7
931 2.4787670057669504e-7
932 2.4787670057669504e-7
933 2.4787670057669504e-7
934 3.2223971074970358e-7
935 1.4872602034601703e-7
936 1.2393835028834752e-7
937 2.7266437063436455e-7
938 1.7351369040368655e-7
939 1.9830136046135604e-7
940 2.4787670057669504e-7
941 2.2308903051902555e-7
942 1.4872602034601703e-7
943 4.2139039098038158e-7
944 5.7011641132639862e-7
945 1.4872602034601703e-7
946 2.7266437063436455e-7
947 3.4702738080737309e-7
948 1.9830136046135604e-7
949 3.2223971074970358e-7
950 2.9745204069203407e-7
951 2.2308903051902555e-7
952 3.4702738080737309e-7
953 2.4787670057669504e-7
954 3.9660272092271207e-7
955 2.2308903051902555e-7
956 2.7266437063436455e-7
957 5.7011641132639862e-7
958 2.9745204069203407e-7
959 3.7181505086504261e-7
960 3.7181505086504261e-7
961 1.9830136046135604e-7
962 2.7266437063436455e-7
963 2.4787670057669504e-7
964 2.4787670057669504e-7
965 1.9830136046135604e-7
966 2.9745204069203407e-7
967 2.9745204069203407e-7
968 2.9745204069203407e-7
969 2.9745204069203407e-7
970 2.7266437063436455e-7
971 3.4702738080737309e-7
972 1.9830136046135604e-7
973 3.9660272092271207e-7
974 3.2223971074970358e-7
975 3.2223971074970358e-7
976 1.9830136046135604e-7
977 3.2223971074970358e-7
978 4.4617806103805110e-7
979 3.2223971074970358e-7
980 3.9660272092271207e-7
981 2.4787670057669504e-7
982 3.9660272092271207e-7
983 3.2223971074970358e-7
984 3.4702738080737309e-7
985 1.7351369040368655e-7
986 3.2223971074970358e-7
987 5.7011641132639862e-7
988 2.9745204069203407e-7
989 3.2223971074970358e-7
990 4.2139039098038158e-7
991 2.7266437063436455e-7
992 4.4617806103805110e-7
993 2.7266437063436455e-7
994 5.2054107121105959e-7
995 3.2223971074970358e-7
996 1.9830136046135604e-7
997 2.9745204069203407e-7
998 5.2054107121105959e-7
999 2.7266437063436455e-7
1000 3.9660272092271207e-7
1001 3.9660272092271207e-7
1002 1.9830136046135604e-7
1003 3.4702738080737309e-7
1004 5.4532874126872910e-7
1005 1.9830136046135604e-7
1006 4.4617806103805110e-7
1007 3.7181505086504261e-7
1008 4.4617806103805110e-7
1009 4.7096573109572061e-7
1010 3.2223971074970358e-7
1011 5.4532874126872910e-7
1012 2.7266437063436455e-7
1013 5.2054107121105959e-7
1014 3.2223971074970358e-7
1015 5.2054107121105959e-7
1016 3.7181505086504261e-7
1017 4.4617806103805110e-7
1018 4.7096573109572061e-7
1019 3.9660272092271207e-7
1020 4.9575340115339007e-7
1021 3.7181505086504261e-7
1022 4.7096573109572061e-7
1023 5.7011641132639862e-7
1024 2.2308903051902555e-7
1025 5.4532874126872910e-7
1026 3.9660272092271207e-7
1027 5.4532874126872910e-7
1028 5.4532874126872910e-7
1029 4.7096573109572061e-7
1030 2.4787670057669504e-7
1031 4.9575340115339007e-7
1032 4.7096573109572061e-7
1033 4.2139039098038158e-7
1034 2.9745204069203407e-7
1035 5.2054107121105959e-7
1036 6.6926709155707667e-7
1037 4.9575340115339007e-7
1038 5.9490408138406813e-7
1039 6.4447942149940716e-7
1040 5.4532874126872910e-7
1041 4.4617806103805110e-7
1042 5.7011641132639862e-7
1043 3.9660272092271207e-7
1044 6.9405476161474619e-7
1045 5.4532874126872910e-7
1046 6.4447942149940716e-7
1047 5.2054107121105959e-7
1048 3.9660272092271207e-7
1049 3.9660272092271207e-7
1050 4.7096573109572061e-7
1051 5.9490408138406813e-7
1052 7.6841777178775473e-7
1053 5.2054107121105959e-7
1054 3.7181505086504261e-7
1055 4.9575340115339007e-7
1056 6.1969175144173765e-7
1057 5.2054107121105959e-7
1058 5.2054107121105959e-7
1059 5.9490408138406813e-7
1060 7.4363010173008522e-7
1061 4.7096573109572061e-7
1062 5.4532874126872910e-7
1063 6.1969175144173765e-7
1064 8.6756845201843268e-7
1065 7.9320544184542414e-7
1066 5.2054107121105959e-7
1067 7.1884243167241570e-7
1068 7.1884243167241570e-7
1069 6.4447942149940716e-7
1070 6.9405476161474619e-7
1071 5.4532874126872910e-7
1072 6.9405476161474619e-7
1073 5.2054107121105959e-7
1074 4.4617806103805110e-7
1075 5.2054107121105959e-7
1076 6.4447942149940716e-7
1077 8.4278078196076317e-7
1078 8.1799311190309365e-7
1079 6.6926709155707667e-7
1080 7.1884243167241570e-7
1081 5.7011641132639862e-7
1082 5.7011641132639862e-7
1083 4.7096573109572061e-7
1084 6.9405476161474619e-7
1085 7.9320544184542414e-7
1086 5.4532874126872910e-7
1087 5.2054107121105959e-7
1088 4.9575340115339007e-7
1089 7.6841777178775473e-7
1090 8.1799311190309365e-7
1091 9.9150680230678015e-7
1092 6.9405476161474619e-7
1093 6.6926709155707667e-7
1094 8.4278078196076317e-7
1095 6.1969175144173765e-7
1096 7.6841777178775473e-7
1097 6.1969175144173765e-7
1098 8.9235612207610220e-7
1099 7.9320544184542414e-7
1100 6.9405476161474619e-7
1101 6.9405476161474619e-7
1102 5.7011641132639862e-7
1103 6.9405476161474619e-7
1104 7.1884243167241570e-7
1105 6.9405476161474619e-7
1106 6.6926709155707667e-7
1107 9.4193146219144123e-7
1108 5.2054107121105959e-7
1109 7.1884243167241570e-7
1110 8.6756845201843268e-7
1111 7.6841777178775473e-7
1112 9.4193146219144123e-7
1113 5.4532874126872910e-7
1114 7.4363010173008522e-7
1115 9.1714379213377171e-7
1116 9.4193146219144123e-7
1117 6.9405476161474619e-7
1118 8.1799311190309365e-7
1119 8.1799311190309365e-7
1120 7.6841777178775473e-7
1121 7.6841777178775473e-7
1122 8.6756845201843268e-7
1123 9.6671913224911063e-7
1124 4.9575340115339007e-7
1125 9.1714379213377171e-7
1126 0.0000010658698124797887
1127 7.9320544184542414e-7
1128 0.0000010162944723644497
1129 9.1714379213377171e-7
1130 7.9320544184542414e-7
1131 9.9150680230678015e-7
1132 0.0000011650204927104667
1133 0.0000010658698124797887
1134 8.9235612207610220e-7
1135 8.9235612207610220e-7
1136 0.0000010906574825374582
1137 0.0000011402328226527972
1138 7.9320544184542414e-7
1139 8.6756845201843268e-7
1140 9.4193146219144123e-7
1141 8.4278078196076317e-7
1142 8.1799311190309365e-7
1143 0.0000010162944723644497
1144 0.0000010410821424221192
1145 0.0000012393835028834753
1146 9.9150680230678015e-7
1147 9.6671913224911063e-7
1148 0.0000011154451525951277
1149 0.0000013633218531718229
1150 7.6841777178775473e-7
1151 8.6756845201843268e-7
1152 0.0000011898081627681363
1153 0.0000010162944723644497
1154 0.0000011154451525951277
1155 9.9150680230678015e-7
1156 0.0000011402328226527972
1157 9.9150680230678015e-7
1158 0.0000010906574825374582
1159 0.0000012145958328258058
1160 0.0000011650204927104667
1161 0.0000011154451525951277
1162 0.0000013881095232294924
1163 0.0000010410821424221192
1164 0.0000013385341831141533
1165 0.0000012641711729411448
1166 0.0000011650204927104667
1167 8.9235612207610220e-7
1168 9.6671913224911063e-7
1169 0.0000010658698124797887
1170 9.9150680230678015e-7
1171 0.0000012393835028834753
1172 0.0000012145958328258058
1173 0.0000010162944723644497
1174 0.0000011402328226527972
1175 0.0000012889588429988143
1176 0.0000012641711729411448
1177 0.0000014128971932871619
1178 0.0000012641711729411448
1179 0.0000014872602034601704
1180 0.0000012889588429988143
1181 0.0000011650204927104667
1182 0.0000014128971932871619
1183 0.0000012641711729411448
1184 0.0000011650204927104667
1185 0.0000015864108836908483
1186 0.0000012889588429988143
1187 0.0000012889588429988143
1188 0.0000012145958328258058
1189 0.0000014624725334025009
1190 0.0000013881095232294924
1191 0.0000010906574825374582
1192 0.0000012393835028834753
1193 0.0000012393835028834753
1194 0.0000014872602034601704
1195 0.0000015616232136331788
1196 0.0000015120478735178399
1197 0.0000011898081627681363
1198 0.0000013137465130564838
1199 0.0000012145958328258058
1200 0.0000016111985537485178
1201 9.9150680230678015e-7
1202 0.0000014872602034601704
1203 0.0000014376848633448314
1204 0.0000016359862238061873
1205 0.0000015120478735178399
1206 0.0000017599245740945349
1207 0.0000010658698124797887
1208 0.0000016855615639215263
1209 0.0000017351369040368654
1210 0.0000016855615639215263
1211 0.0000019086505944405518
1212 0.0000014872602034601704
1213 0.0000014872602034601704
1214 0.0000016607738938638568
1215 0.0000015864108836908483
1216 0.0000016359862238061873
1217 0.0000017847122441522044
1218 0.0000016607738938638568
1219 0.0000014624725334025009
1220 0.0000018094999142098739
1221 0.0000020078012746712298
1222 0.0000016607738938638568
1223 0.0000016359862238061873
1224 0.0000015368355435755095
1225 0.0000017847122441522044
1226 0.0000011898081627681363
1227 0.0000016607738938638568
1228 0.0000017847122441522044
1229 0.0000016855615639215263
1230 0.0000013137465130564838
1231 0.0000020821642848442384
1232 0.0000015616232136331788
1233 0.0000018094999142098739
1234 0.0000018094999142098739
1235 0.0000014128971932871619
1236 0.0000017847122441522044
1237 0.0000017599245740945349
1238 0.0000019334382644982213
1239 0.0000021565272950172469
1240 0.0000022804656453055945
1241 0.0000019582259345558908
1242 0.0000019334382644982213
1243 0.0000018838629243828825
1244 0.0000018590752543252129
1245 0.0000016111985537485178
1246 0.0000020078012746712298
1247 0.0000016111985537485178
1248 0.000002305253315363264
1249 0.0000017599245740945349
1250 0.0000016359862238061873
1251 0.0000017599245740945349
1252 0.0000018838629243828825
1253 0.0000021565272950172469
1254 0.0000018838629243828825
1255 0.0000024539793357092811
1256 0.0000020325889447288993
1257 0.0000019582259345558908
1258 0.0000017599245740945349
1259 0.0000021813149650749164
1260 0.0000017351369040368654
1261 0.0000017847122441522044
1262 0.0000017847122441522044
1263 0.0000018838629243828825
1264 0.0000022061026351325859
1265 0.0000022061026351325859
1266 0.0000017351369040368654
1267 0.0000025035546758246201
1268 0.000002255677975247925
1269 0.0000022061026351325859
1270 0.0000020078012746712298
1271 0.0000024291916656516116
1272 0.0000019086505944405518
1273 0.0000020078012746712298
1274 0.0000021565272950172469
1275 0.0000019086505944405518
1276 0.0000019086505944405518
1277 0.0000027266437063436457
1278 0.000002255677975247925
1279 0.0000025283423458822896
1280 0.0000019086505944405518
1281 0.0000024539793357092811
1282 0.0000022804656453055945
1283 0.0000021069519549019079
1284 0.0000022804656453055945
1285 0.0000026770683662283067
1286 0.0000025035546758246201
1287 0.0000022061026351325859
1288 0.0000025035546758246201
1289 0.0000025035546758246201
1290 0.0000023796163255362725
1291 0.000002404403995593942
1292 0.0000027762190464589848
1293 0.0000021813149650749164
1294 0.0000025531300159399591
1295 0.0000024787670057669506
1296 0.0000021565272950172469
1297 0.0000023300409854209335
1298 0.0000025531300159399591
1299 0.0000026027053560552982
1300 0.0000024787670057669506
1301 0.0000022308903051902554
1302 0.0000026770683662283067
1303 0.0000024539793357092811
1304 0.0000028010067165166543
1305 0.0000023796163255362725
1306 0.0000026274930261129677
1307 0.0000027762190464589848
1308 0.0000027762190464589848
1309 0.0000026770683662283067
1310 0.0000029745204069203409
1311 0.0000026522806961706372
1312 0.0000028505820566319933
1313 0.0000024787670057669506
1314 0.0000022061026351325859
1315 0.0000026274930261129677
1316 0.0000025283423458822896
1317 0.0000028010067165166543
1318 0.0000025035546758246201
1319 0.0000028505820566319933
1320 0.0000025779176859976286
1321 0.0000029001573967473323
1322 0.000002255677975247925
1323 0.0000029745204069203409
1324 0.0000024787670057669506
1325 0.0000027762190464589848
1326 0.000003148034097324027
1327 0.0000023300409854209335
1328 0.0000027018560362859762
1329 0.0000029001573967473323
1330 0.0000026274930261129677
1331 0.0000028505820566319933
1332 0.0000029497327368626714
1333 0.0000030984587572086884
1334 0.0000033711231278430527
1335 0.0000029249450668050018
1336 0.0000023796163255362725
1337 0.0000031976094374393661
1338 0.0000032223971074970356
1339 0.0000029745204069203409
1340 0.0000031232464272663575
1341 0.0000026522806961706372
1342 0.0000030240957470356799
1343 0.0000034454861380160612
1344 0.0000035198491481890698
1345 0.0000033711231278430527
1346 0.0000032471847775547051
1347 0.0000025035546758246201
1348 0.0000027514313764013152
1349 0.0000028753697266896628
1350 0.0000032719724476123746
1351 0.0000028505820566319933
1352 0.0000026274930261129677
1353 0.0000027762190464589848
1354 0.0000035198491481890698
1355 0.0000029249450668050018
1356 0.0000029497327368626714
1357 0.0000032471847775547051
1358 0.0000037925135188234344
1359 0.0000038420888589387734
1360 0.0000030736710871510189
1361 0.0000029497327368626714
1362 0.0000028257943865743238
1363 0.0000032471847775547051
1364 0.0000033215477877277136
1365 0.0000031976094374393661
1366 0.0000035446368182467393
1367 0.0000029249450668050018
1368 0.0000028010067165166543
1369 0.0000035198491481890698
1370 0.0000034454861380160612
1371 0.0000032471847775547051
1372 0.0000026027053560552982
1373 0.0000034702738080737307
1374 0.000003148034097324027
1375 0.0000035694244883044088
1376 0.0000033215477877277136
1377 0.0000030984587572086884
1378 0.0000032967601176700441
1379 0.0000040156025493424596
1380 0.0000033215477877277136
1381 0.0000030736710871510189
1382 0.0000030488834170933494
1383 0.0000033463354577853832
1384 0.0000030984587572086884
1385 0.0000035446368182467393
1386 0.0000032719724476123746
1387 0.0000034206984679583917
1388 0.0000032967601176700441
1389 0.0000032471847775547051
1390 0.0000029745204069203409
1391 0.0000034454861380160612
1392 0.0000030984587572086884
1393 0.0000035446368182467393
1394 0.0000027514313764013152
1395 0.0000033215477877277136
1396 0.0000029993080769780104
1397 0.0000032967601176700441
1398 0.0000037677258487657649
1399 0.0000039164518691117816
1400 0.0000030488834170933494
1401 0.0000031728217673816966
1402 0.0000034950614781314002
1403 0.0000029497327368626714
1404 0.0000031232464272663575
1405 0.0000033463354577853832
1406 0.0000029001573967473323
1407 0.0000034454861380160612
1408 0.0000037181505086504259
1409 0.0000032223971074970356
1410 0.0000033959107979007222
1411 0.000003148034097324027
1412 0.0000035446368182467393
1413 0.0000033959107979007222
1414 0.0000036189998284197478
1415 0.0000035942121583620783
1416 0.0000034702738080737307
1417 0.0000034206984679583917
1418 0.0000030240957470356799
1419 0.0000032471847775547051
1420 0.0000031728217673816966
1421 0.0000033463354577853832
1422 0.0000027762190464589848
1423 0.0000038668765289964425
1424 0.0000033215477877277136
1425 0.0000029745204069203409
1426 0.0000034454861380160612
1427 0.0000034950614781314002
1428 0.0000035942121583620783
1429 0.0000032967601176700441
1430 0.0000031976094374393661
1431 0.0000038173011888811035
1432 0.0000033215477877277136
1433 0.0000035942121583620783
1434 0.0000029745204069203409
1435 0.0000028010067165166543
1436 0.0000034454861380160612
1437 0.0000027266437063436457
1438 0.0000038173011888811035
1439 0.0000030736710871510189
1440 0.0000033711231278430527
1441 0.0000029993080769780104
1442 0.0000028257943865743238
1443 0.0000033959107979007222
1444 0.0000030488834170933494
1445 0.0000029001573967473323
1446 0.0000032967601176700441
1447 0.0000027018560362859762
1448 0.0000032471847775547051
1449 0.0000036685751685350868
1450 0.0000035694244883044088
1451 0.0000035942121583620783
1452 0.0000034702738080737307
1453 0.0000030488834170933494
1454 0.0000032223971074970356
1455 0.0000035694244883044088
1456 0.0000031728217673816966
1457 0.0000029497327368626714
1458 0.0000028010067165166543
1459 0.0000025283423458822896
1460 0.0000032719724476123746
1461 0.0000032223971074970356
1462 0.0000032471847775547051
1463 0.0000029497327368626714
1464 0.0000027018560362859762
1465 0.0000029001573967473323
1466 0.0000026522806961706372
1467 0.0000029249450668050018
1468 0.0000026274930261129677
1469 0.0000029993080769780104
1470 0.0000028257943865743238
1471 0.0000030984587572086884
1472 0.0000027266437063436457
1473 0.0000032719724476123746
1474 0.0000029249450668050018
1475 0.0000024787670057669506
1476 0.0000026522806961706372
1477 0.0000027514313764013152
1478 0.0000029001573967473323
1479 0.0000026522806961706372
1480 0.0000027266437063436457
1481 0.0000032471847775547051
1482 0.0000026027053560552982
1483 0.0000028753697266896628
1484 0.0000029249450668050018
1485 0.0000029249450668050018
1486 0.0000026274930261129677
1487 0.0000029497327368626714
1488 0.0000029249450668050018
1489 0.0000028010067165166543
1490 0.0000029497327368626714
1491 0.0000026274930261129677
1492 0.0000024539793357092811
1493 0.0000028257943865743238
1494 0.0000026770683662283067
1495 0.0000030240957470356799
1496 0.0000025283423458822896
1497 0.0000020821642848442384
1498 0.0000022804656453055945
1499 0.0000023796163255362725
1500 0.0000023796163255362725
1501 0.0000022061026351325859
1502 0.0000023796163255362725
1503 0.0000026522806961706372
1504 0.0000026274930261129677
1505 0.0000022061026351325859
1506 0.0000029745204069203409
1507 0.0000026027053560552982
1508 0.0000027266437063436457
1509 0.0000026027053560552982
1510 0.0000023300409854209335
1511 0.0000022804656453055945
1512 0.0000028010067165166543
1513 0.0000025779176859976286
1514 0.0000028505820566319933
1515 0.000002404403995593942
1516 0.0000021813149650749164
1517 0.0000028010067165166543
1518 0.0000022804656453055945
1519 0.0000022061026351325859
1520 0.0000020078012746712298
1521 0.000002255677975247925
1522 0.0000025035546758246201
1523 0.0000020078012746712298
1524 0.0000024539793357092811
1525 0.0000019086505944405518
1526 0.0000021317396249595774
1527 0.0000018094999142098739
1528 0.0000024539793357092811
1529 0.0000020325889447288993
1530 0.0000023300409854209335
1531 0.0000024539793357092811
1532 0.0000019582259345558908
1533 0.0000020325889447288993
1534 0.0000017351369040368654
1535 0.0000019830136046135603
1536 0.0000019830136046135603
1537 0.0000018342875842675434
1538 0.0000022308903051902554
1539 0.0000022308903051902554
1540 0.0000019334382644982213
1541 0.0000022061026351325859
1542 0.0000014376848633448314
1543 0.0000018838629243828825
1544 0.0000019086505944405518
1545 0.0000017599245740945349
1546 0.0000017103492339791959
1547 0.0000017351369040368654
1548 0.0000015368355435755095
1549 0.0000017847122441522044
1550 0.0000015120478735178399
1551 0.0000015864108836908483
1552 0.0000016111985537485178
1553 0.0000016607738938638568
1554 0.0000018094999142098739
1555 0.0000015616232136331788
1556 0.0000016359862238061873
1557 0.0000016359862238061873
1558 0.0000014624725334025009
1559 0.0000015864108836908483
1560 0.0000019086505944405518
1561 0.0000018342875842675434
1562 0.0000017351369040368654
1563 0.0000014624725334025009
1564 0.0000011402328226527972
1565 0.0000015368355435755095
1566 0.0000014376848633448314
1567 0.0000013633218531718229
1568 0.0000011650204927104667
1569 0.0000011898081627681363
1570 0.0000016855615639215263
1571 0.0000015616232136331788
1572 0.0000019086505944405518
1573 0.0000010906574825374582
1574 0.0000013633218531718229
1575 0.0000014376848633448314
1576 0.0000011154451525951277
1577 0.0000013881095232294924
1578 0.0000016607738938638568
1579 0.0000013881095232294924
1580 0.0000012889588429988143
1581 0.0000010410821424221192
1582 0.0000012889588429988143
1583 0.0000013633218531718229
1584 0.0000010162944723644497
1585 0.0000012393835028834753
1586 0.0000011650204927104667
1587 0.0000010410821424221192
1588 9.6671913224911063e-7
1589 0.0000014128971932871619
1590 0.0000011898081627681363
1591 9.1714379213377171e-7
1592 0.0000011402328226527972
1593 0.0000013385341831141533
1594 0.0000011402328226527972
1595 0.0000010162944723644497
1596 0.0000011154451525951277
1597 0.0000011650204927104667
1598 9.1714379213377171e-7
1599 9.1714379213377171e-7
1600 0.0000010658698124797887
1601 6.6926709155707667e-7
1602 0.0000010410821424221192
1603 0.0000010410821424221192
1604 0.0000011650204927104667
1605 6.9405476161474619e-7
1606 8.6756845201843268e-7
1607 8.9235612207610220e-7
1608 9.4193146219144123e-7
1609 9.4193146219144123e-7
1610 0.0000010410821424221192
1611 8.6756845201843268e-7
1612 8.6756845201843268e-7
1613 7.4363010173008522e-7
1614 8.4278078196076317e-7
1615 6.6926709155707667e-7
1616 9.1714379213377171e-7
1617 8.4278078196076317e-7
1618 8.4278078196076317e-7
1619 7.6841777178775473e-7
1620 7.9320544184542414e-7
1621 5.2054107121105959e-7
1622 5.4532874126872910e-7
1623 5.7011641132639862e-7
1624 7.1884243167241570e-7
1625 6.9405476161474619e-7
1626 8.1799311190309365e-7
1627 5.9490408138406813e-7
1628 6.6926709155707667e-7
1629 8.4278078196076317e-7
1630 8.1799311190309365e-7
1631 6.9405476161474619e-7
1632 6.4447942149940716e-7
1633 5.2054107121105959e-7
1634 6.9405476161474619e-7
1635 8.9235612207610220e-7
1636 3.2223971074970358e-7
1637 5.4532874126872910e-7
1638 5.7011641132639862e-7
1639 7.1884243167241570e-7
1640 7.9320544184542414e-7
1641 6.6926709155707667e-7
1642 3.9660272092271207e-7
1643 5.4532874126872910e-7
1644 3.2223971074970358e-7
1645 4.7096573109572061e-7
1646 5.9490408138406813e-7
1647 4.9575340115339007e-7
1648 5.7011641132639862e-7
1649 3.9660272092271207e-7
1650 4.4617806103805110e-7
1651 2.9745204069203407e-7
1652 3.9660272092271207e-7
1653 4.4617806103805110e-7
1654 2.9745204069203407e-7
1655 2.9745204069203407e-7
1656 3.7181505086504261e-7
1657 4.4617806103805110e-7
1658 4.2139039098038158e-7
1659 2.7266437063436455e-7
1660 3.4702738080737309e-7
1661 2.9745204069203407e-7
1662 2.7266437063436455e-7
1663 3.7181505086504261e-7
1664 2.9745204069203407e-7
1665 4.4617806103805110e-7
1666 4.9575340115339007e-7
1667 3.2223971074970358e-7
1668 2.4787670057669504e-7
1669 4.2139039098038158e-7
1670 4.9575340115339007e-7
1671 2.4787670057669504e-7
1672 3.9660272092271207e-7
1673 1.7351369040368655e-7
1674 4.2139039098038158e-7
1675 2.4787670057669504e-7
1676 4.2139039098038158e-7
1677 1.9830136046135604e-7
1678 2.7266437063436455e-7
1679 2.7266437063436455e-7
1680 1.9830136046135604e-7
1681 2.9745204069203407e-7
1682 2.4787670057669504e-7
1683 1.4872602034601703e-7
1684 1.4872602034601703e-7
1685 3.2223971074970358e-7
1686 1.2393835028834752e-7
1687 2.9745204069203407e-7
1688 1.2393835028834752e-7
1689 1.7351369040368655e-7
1690 1.2393835028834752e-7
1691 9.9150680230678018e-8
1692 1.7351369040368655e-7
1693 2.4787670057669504e-7
1694 1.9830136046135604e-7
1695 1.7351369040368655e-7
1696 1.7351369040368655e-7
1697 3.2223971074970358e-7
1698 2.2308903051902555e-7
1699 1.9830136046135604e-7
1700 1.2393835028834752e-7
1701 2.4787670057669504e-7
1702 1.2393835028834752e-7
1703 1.4872602034601703e-7
1704 1.9830136046135604e-7
1705 7.4363010173008516e-8
1706 1.4872602034601703e-7
1707 4.9575340115339009e-8
1708 1.7351369040368655e-7
1709 7.4363010173008516e-8
1710 1.2393835028834752e-7
1711 1.9830136046135604e-7
1712 9.9150680230678018e-8
1713 7.4363010173008516e-8
1714 7.4363010173008516e-8
1715 7.4363010173008516e-8
1716 9.9150680230678018e-8
1717 7.4363010173008516e-8
1718 2.7266437063436455e-7
1719 4.9575340115339009e-8
1720 1.2393835028834752e-7
1721 1.2393835028834752e-7
1722 7.4363010173008516e-8
1723 1.4872602034601703e-7
1724 1.2393835028834752e-7
1725 9.9150680230678018e-8
1726 7.4363010173008516e-8
1727 9.9150680230678018e-8
1728 2.4787670057669504e-8
1729 7.4363010173008516e-8
1730 9.9150680230678018e-8
1731 9.9150680230678018e-8
1732 4.9575340115339009e-8
1733 1.7351369040368655e-7
1734 7.4363010173008516e-8
1735 1.2393835028834752e-7
1736 2.4787670057669504e-8
1737 4.9575340115339009e-8
1738 4.9575340115339009e-8
1739 9.9150680230678018e-8
1740 7.4363010173008516e-8
1741 4.9575340115339009e-8
1742 2.4787670057669504e-8
1744 4.9575340115339009e-8
1747 7.4363010173008516e-8
1748 4.9575340115339009e-8
1750 2.4787670057669504e-8
1752 7.4363010173008516e-8
1753 1.4872602034601703e-7
1754 4.9575340115339009e-8
1755 4.9575340115339009e-8
1756 9.9150680230678018e-8
1757 4.9575340115339009e-8
1758 2.4787670057669504e-8
1759 2.4787670057669504e-8
1760 2.4787670057669504e-8
1761 4.9575340115339009e-8
1762 4.9575340115339009e-8
1763 2.4787670057669504e-8
1765 4.9575340115339009e-8
1766 2.4787670057669504e-8
1767 2.4787670057669504e-8
1769 4.9575340115339009e-8
1770 2.4787670057669504e-8
1772 2.4787670057669504e-8
1773 2.4787670057669504e-8
1774 4.9575340115339009e-8
1780 2.4787670057669504e-8
1785 2.4787670057669504e-8
1786 2.4787670057669504e-8
1790 2.4787670057669504e-8
1791 2.4787670057669504e-8
1793 2.4787670057669504e-8
1795 2.4787670057669504e-8
1803 2.4787670057669504e-8
