1 0.76501610158971256
2 0.087193503866572222
3 0.034536120867806316
4 0.020137867579942018
5 0.01231475869522356
6 0.008860328749917849
7 0.0070201470684883496
8 0.0058731004870639612
9 0.0047148083509197256
10 0.0037821575399983936
11 0.0030547015911729699
12 0.0026628597299606406
13 0.0025093652103429895
14 0.0023171684569492416
15 0.0023377609662414288
16 0.0017861446003081575
17 0.0016964722548797675
18 0.0015061741016335263
19 0.0013928422774438999
20 0.0013274135954375178
21 0.0012175868792125191
22 0.0011860409075308705
23 0.0010515323893882857
24 0.00097631861431398466
25 0.00093542568805999573
26 0.00082881198746923902
27 0.00086342492861993681
28 0.00083801289587638649
29 0.00071255923997575637
30 0.00066816120575713986
31 0.00063033524897220016
32 0.00061470830929656866
33 0.00058535303009281229
34 0.00062609991018160844
35 0.00059163301519610354
36 0.00049013093038709535
37 0.00045551798923639761
38 0.00044806963481156393
39 0.00042835340251053355
40 0.00040177300044544079
41 0.00039140372271675078
42 0.00035416195059258232
43 0.00033429967212635916
44 0.00032042528643304151
45 0.00032728945619710389
46 0.00028785699159504318
47 0.00027821794469231725
48 0.00026901703628516972
49 0.00025309800427915266
50 0.00023411200280408636
51 0.00026478169749457806
52 0.00017686190604850193
53 0.00015641544292150749
54 0.00015772985840824285
55 0.0001574377660778572
56 0.00015320242728726551
57 0.00014809081150551689
58 0.00013918199542875502
59 0.00013436247197739205
60 0.0001355308412989346
61 0.00013699130295086276
62 0.00014473174970608209
63 0.00014064245708068321
64 0.0001204880862840744
65 0.00010822020840787772
66 0.00010500719277363575
67 0.00010310859262612912
68 0.00010223231563497221
69 0.000093323499558210351
70 0.000084706775811834126
71 0.000089818391593582728
72 0.00007477563657872253
73 0.000077258421387000432
74 0.000080471437021242419
75 0.000081931898673170587
76 0.000074629590413529718
77 0.000073461221091987173
78 0.000070540297788130823
79 0.000064260312684839675
80 0.000061631481711368961
81 0.000057834281416355709
82 0.000060024973894247975
83 0.000053891034956149638
84 0.000053452896460571184
85 0.000049947788495943568
86 0.000046296634366123133
87 0.000047465003687665672
88 0.000046004542035737497
89 0.000041915249410338608
90 0.000041331064749567336
91 0.000037679910619746901
92 0.000034028756489926467
93 0.00003592735663743309
94 0.000034905033481083369
95 0.000038264095280518174
96 0.00003563526430704746
97 0.000031984110177227019
98 0.000028332956047406585
99 0.000030961787020877299
100 0.000034174802655119285
101 0.000036073402802625908
102 0.000032422248672805474
103 0.000029501325368949124
104 0.000033006433333576747
105 0.000030815740855684481
106 0.00002687249439547841
107 0.000027018540560671228
108 0.000027602725221442498
109 0.000029647371534141942
110 0.000027748771386635316
111 0.000025119940413164602
112 0.000025558078908743053
113 0.000026726448230285592
114 0.000028479002212599403
115 0.000026142263569514323
116 0.000022199017109308252
117 0.000030377602360106029
118 0.000027602725221442498
119 0.000028625048377792221
120 0.000023951571091622063
121 0.000024973894247971784
122 0.000020446463126994444
123 0.000026142263569514323
124 0.000025704125073935871
125 0.000024535755752393333
126 0.000025704125073935871
127 0.000026434355899899959
128 0.000025558078908743053
129 0.000022783201770079521
130 0.000023951571091622063
131 0.000024535755752393333
132 0.000024681801917586147
133 0.000026580402065092777
134 0.000023659478761236427
135 0.000028771094542985036
136 0.000024097617256814878
137 0.000027018540560671228
138 0.000025412032743550235
139 0.000024097617256814878
140 0.000028186909882213767
141 0.000029939463864527578
142 0.000023513432596043609
143 0.000026288309734707141
144 0.000025119940413164602
145 0.000024973894247971784
146 0.000027310632891056865
147 0.00002585017123912869
148 0.000026142263569514323
149 0.000024243663422007696
150 0.000028040863717020949
151 0.000029647371534141942
152 0.000028917140708177854
153 0.000027018540560671228
154 0.000029647371534141942
155 0.000030523648525298844
156 0.000030231556194913211
157 0.000033444571829155194
158 0.000030815740855684481
159 0.000028040863717020949
160 0.000027164586725864046
161 0.000029647371534141942
162 0.00002585017123912869
163 0.000032860387168383928
164 0.00003271434100319111
165 0.000028040863717020949
166 0.000033152479498769558
167 0.000030523648525298844
168 0.000029939463864527578
169 0.000031984110177227019
170 0.000034612941150697733
171 0.000032860387168383928
172 0.000033736664159540831
173 0.00003169201784684139
174 0.000032860387168383928
175 0.000031545971681648572
176 0.000032860387168383928
177 0.000033736664159540831
178 0.000034320848820312103
179 0.000032422248672805474
180 0.000037095725958975635
181 0.000034612941150697733
182 0.000033882710324733649
183 0.000037095725958975635
184 0.000037825956784939719
185 0.000038118049115325356
186 0.000034905033481083369
187 0.000035051079646276188
188 0.000032568294837998292
189 0.000038702233776096622
190 0.00003987060309763916
191 0.000036949679793782817
192 0.000036803633628589999
193 0.000035051079646276188
194 0.00003987060309763916
195 0.000036803633628589999
196 0.000036219448967818726
197 0.000034174802655119285
198 0.000037825956784939719
199 0.000040892926253988888
200 0.000038994326106482258
201 0.000040454787758410433
202 0.000037679910619746901
203 0.000040308741593217615
204 0.000038410141445710992
205 0.000038556187610903804
206 0.000041331064749567336
207 0.00003563526430704746
208 0.000038702233776096622
209 0.000038118049115325356
210 0.000040016649262831979
211 0.000038702233776096622
212 0.000039140372271675076
213 0.000042645480236302692
214 0.000038702233776096622
215 0.000037533864454554083
216 0.000041477110914760154
217 0.000043959895723038049
218 0.000040016649262831979
219 0.00003987060309763916
220 0.000042499434071109881
221 0.000042061295575531426
222 0.000042061295575531426
223 0.000037241772124168447
224 0.000041623157079952972
225 0.00003592735663743309
226 0.000040016649262831979
227 0.000045128265044580595
228 0.000040016649262831979
229 0.000036219448967818726
230 0.000037679910619746901
231 0.000039578510767253531
232 0.00003884827994128944
233 0.000038410141445710992
234 0.000037241772124168447
235 0.000040308741593217615
236 0.000040016649262831979
237 0.000036511541298204363
238 0.00003271434100319111
239 0.000034612941150697733
240 0.000040600833923603251
241 0.000040016649262831979
242 0.000036365495133011544
243 0.000036657587463397181
244 0.000032422248672805474
245 0.000037679910619746901
246 0.000039724556932446349
247 0.000039286418436867895
248 0.000037679910619746901
249 0.000042353387905917063
250 0.000040600833923603251
251 0.000039286418436867895
252 0.000040162695428024797
253 0.000040162695428024797
254 0.00004176920324514579
255 0.000037095725958975635
256 0.000037679910619746901
257 0.000039286418436867895
258 0.000035051079646276188
259 0.000033736664159540831
260 0.000037533864454554083
261 0.000034174802655119285
262 0.000033882710324733649
263 0.000034612941150697733
264 0.000032568294837998292
265 0.00003271434100319111
266 0.000032422248672805474
267 0.000037972002950132538
268 0.000033736664159540831
269 0.00003271434100319111
270 0.000032860387168383928
271 0.000033298525663962376
272 0.000034612941150697733
273 0.000036073402802625908
274 0.000032276202507612656
275 0.000036073402802625908
276 0.000035343171976661824
277 0.000033736664159540831
278 0.000033006433333576747
279 0.000031399925516455753
280 0.000032422248672805474
281 0.000029355279203756309
282 0.00003169201784684139
283 0.000030523648525298844
284 0.000032422248672805474
285 0.000033006433333576747
286 0.000031984110177227019
287 0.000027310632891056865
288 0.000027018540560671228
289 0.000028186909882213767
290 0.000031107833186070117
291 0.00003271434100319111
292 0.00002979341769933476
293 0.000027310632891056865
294 0.000031838064012034201
295 0.00002979341769933476
296 0.000028479002212599403
297 0.000027602725221442498
298 0.000027164586725864046
299 0.000025558078908743053
300 0.000024681801917586147
301 0.000028332956047406585
302 0.000024389709587200514
303 0.000024827848082778966
304 0.000027602725221442498
305 0.000026580402065092777
306 0.000024827848082778966
307 0.000025704125073935871
308 0.000023221340265657976
309 0.00002526598657835742
310 0.000024097617256814878
311 0.000022491109439693888
312 0.000024243663422007696
313 0.000021176693952958531
314 0.000024243663422007696
315 0.000023659478761236427
316 0.000018401816814294999
317 0.000021468786283344164
318 0.000021760878613729801
319 0.000021906924778922619
320 0.000018986001475066269
321 0.000020008324631415989
322 0.000020300416961801626
323 0.000020446463126994444
324 0.000020592509292187262
325 0.000021176693952958531
326 0.000018401816814294999
327 0.000017379493657945276
328 0.000020592509292187262
329 0.000017233447492752457
330 0.000015919032006017101
331 0.000016795308997174006
332 0.000014604616519281745
333 0.000017379493657945276
334 0.000014458570354088927
335 0.000012998108702160754
336 0.000013582293362932023
337 0.000013874385693317658
338 0.000016649262831981188
339 0.000016065078171209919
340 0.000016211124336402737
341 0.000012413924041389483
342 0.000015042755014860197
343 0.000012121831711003848
344 0.000016357170501595555
345 0.0000096390469027259509
346 0.000012413924041389483
347 0.000011391600885039761
348 0.000012121831711003848
349 0.000013436247197739205
350 0.000012852062536967936
351 0.0000097850930679187691
352 0.000011099508554654126
353 0.000010515323893882857
354 0.000010515323893882857
355 0.000011099508554654126
356 0.0000099311392331115873
357 0.0000078864929204121429
358 0.0000096390469027259509
359 0.000010515323893882857
360 0.0000094930007375331344
361 0.000010515323893882857
362 0.0000097850930679187691
363 0.0000087627699115690469
364 0.0000090548622419546816
365 0.0000086167237463762287
366 0.0000094930007375331344
367 0.0000068641697640624198
368 0.000005111615781748611
369 0.0000080325390856049594
370 0.0000068641697640624198
371 0.0000062799851032911505
372 0.0000073023082596408727
373 0.0000097850930679187691
374 0.0000067181235988696025
375 0.0000090548622419546816
376 0.0000067181235988696025
377 0.0000067181235988696025
378 0.0000056958004425198803
379 0.0000073023082596408727
380 0.0000058418466077126976
381 0.0000046734772861701581
382 0.0000054037081121342456
383 0.0000056958004425198803
384 0.0000049655696165557936
385 0.000005549754277327063
386 0.0000061339389380983332
387 0.0000046734772861701581
388 0.000005549754277327063
389 0.0000048195234513629755
390 0.0000048195234513629755
391 0.0000052576619469414283
392 0.000005111615781748611
393 0.0000035051079646276186
394 0.0000045274311209773408
395 0.0000021906924778922617
396 0.0000030669694690491666
397 0.0000033590617994348013
398 0.0000037972002950132537
399 0.0000037972002950132537
400 0.0000037972002950132537
401 0.0000035051079646276186
402 0.0000030669694690491666
403 0.0000043813849557845234
404 0.0000033590617994348013
405 0.0000037972002950132537
406 0.0000020446463126994444
407 0.0000026288309734707142
408 0.0000018986001475066268
409 0.0000036511541298204363
410 0.0000027748771386635315
411 0.0000033590617994348013
412 0.0000026288309734707142
413 0.0000026288309734707142
414 0.0000018986001475066268
415 0.0000030669694690491666
416 0.0000024827848082778968
417 0.0000026288309734707142
418 0.0000018986001475066268
419 0.0000017525539823138093
420 8.7627699115690465e-7
421 0.0000018986001475066268
422 0.0000013144154867353571
423 0.0000014604616519281744
424 0.0000013144154867353571
425 0.0000018986001475066268
426 0.0000020446463126994444
427 0.0000017525539823138093
428 0.0000014604616519281744
429 0.0000018986001475066268
430 0.0000011683693215425395
431 0.0000018986001475066268
432 5.8418466077126976e-7
433 0.000001606507817120992
434 0.0000017525539823138093
435 0.000001606507817120992
436 7.3023082596408721e-7
437 0.0000013144154867353571
438 0.0000010223231563497222
439 0.0000010223231563497222
440 0.000001606507817120992
441 0.0000010223231563497222
442 0.0000018986001475066268
443 0.0000013144154867353571
444 0.0000011683693215425395
445 0.0000010223231563497222
446 7.3023082596408721e-7
447 5.8418466077126976e-7
448 4.3813849557845232e-7
449 5.8418466077126976e-7
450 7.3023082596408721e-7
451 7.3023082596408721e-7
452 7.3023082596408721e-7
453 0.0000013144154867353571
454 5.8418466077126976e-7
455 7.3023082596408721e-7
456 8.7627699115690465e-7
457 7.3023082596408721e-7
458 4.3813849557845232e-7
459 4.3813849557845232e-7
460 4.3813849557845232e-7
461 0.000001606507817120992
462 4.3813849557845232e-7
463 5.8418466077126976e-7
464 8.7627699115690465e-7
465 2.9209233038563488e-7
466 5.8418466077126976e-7
467 5.8418466077126976e-7
468 4.3813849557845232e-7
469 2.9209233038563488e-7
470 8.7627699115690465e-7
471 4.3813849557845232e-7
472 2.9209233038563488e-7
473 4.3813849557845232e-7
474 2.9209233038563488e-7
475 1.4604616519281744e-7
476 1.4604616519281744e-7
477 4.3813849557845232e-7
478 5.8418466077126976e-7
481 1.4604616519281744e-7
483 2.9209233038563488e-7
486 1.4604616519281744e-7
487 1.4604616519281744e-7
488 1.4604616519281744e-7
489 1.4604616519281744e-7
490 4.3813849557845232e-7
493 2.9209233038563488e-7
494 1.4604616519281744e-7
496 1.4604616519281744e-7
497 4.3813849557845232e-7
498 1.4604616519281744e-7
499 1.4604616519281744e-7
501 1.4604616519281744e-7
505 2.9209233038563488e-7
509 1.4604616519281744e-7
510 2.9209233038563488e-7
517 2.9209233038563488e-7
522 1.4604616519281744e-7
531 1.4604616519281744e-7
534 1.4604616519281744e-7
535 2.9209233038563488e-7
546 1.4604616519281744e-7
