1 0.86326875967181294
2 0.074168336760476475
3 0.022209446359527762
4 0.010613663108241909
5 0.0064305725416323395
6 0.0041875443857541834
7 0.0028331061708830726
8 0.0021384164276362022
9 0.0016649330352385111
10 0.0013562409511915503
11 0.0010821720088283178
12 0.00094866347780285466
13 0.00079071196313849608
14 0.00065009853014424328
15 0.00057873138051744684
16 0.00053011052152207355
17 0.00049538133652537845
18 0.00044893436544582888
19 0.00037237109348364902
20 0.00031585000767223368
21 0.00029681523299465571
22 0.00028112082267553852
23 0.0002543979078078525
24 0.00022300908716961807
25 0.00020195948954566698
26 0.00018366701805885808
27 0.00016097374908391834
28 0.00015551251846611741
29 0.00015031639613073401
30 0.00014755926999359182
31 0.00013144068642260656
32 0.00013170579470502409
33 0.0001200940519351367
34 0.00011017900217272144
35 0.00010853533082173282
36 0.000094802721792505259
37 0.000088811274609869309
38 0.000081070112763277714
39 0.000076457228649212862
40 0.000075873990427894318
41 0.000068450958520203744
42 0.000061876273116249236
43 0.000061399078207897704
44 0.000054135111269657648
45 0.000054824392803943197
46 0.000052862591514053548
47 0.000050582660285262872
48 0.000047666469178670152
49 0.000045015386354494948
50 0.000043477758316473333
51 0.000043106606721088799
52 0.000040137393958012573
53 0.000037274224507903353
54 0.000039023939171858991
55 0.000037592354446804381
56 0.000036319834691200281
57 0.000034623141683728149
58 0.000032714362050322006
59 0.000034517098370761144
60 0.000029161911065927233
61 0.000028684716157575698
62 0.000024867156890763406
63 0.000025397373455598444
64 0.000024071832043510846
65 0.000022587225661972729
66 0.000020784489341533592
67 0.00002025427277669855
68 0.000020201251120215048
69 0.000019299882959995479
70 0.00001633067019691925
71 0.000015959518601534723
72 0.000015694410319117204
73 0.00001500512878483165
74 0.000014103760624612081
75 0.000013255414120876015
76 0.00001357354405977704
77 0.000013096349151425502
78 0.000012937284181974992
79 0.000011558721113403885
80 0.000012619154243073967
81 0.000012460089273623454
82 0.000011770807739337902
83 0.000011399656143953373
84 0.000011664764426370894
85 0.000012088937678238925
86 0.000011293612830986365
87 0.000010127136388349275
88 0.000010604331296700812
89 0.000012354045960656446
90 0.0000097559847929647478
91 0.000011823829395821406
92 0.000010339223014283292
93 0.000010180158044832779
94 0.0000099150497624152603
95 0.000010869439579118333
96 0.000010021093075382267
97 0.000010233179701316283
98 0.0000089606599457121856
99 0.000010180158044832779
100 0.0000092257682281297064
101 0.0000082713784114266334
102 0.0000085364866938441541
103 0.0000083244000679101375
104 0.0000079532484725256085
105 0.0000075820968771410812
106 0.0000071049019687895439
107 0.000007157923625273048
108 0.0000064156204345039916
109 0.0000059384255261524552
110 0.0000054082089613174145
111 0.0000054612306178009187
112 0.0000051431006788998938
113 0.0000050900790224163897
114 0.000005885403869668951
115 0.0000046659057705483573
116 0.0000048249707399988698
117 0.000004241732518680325
118 0.000003923602579779301
119 0.0000047719490835153656
120 0.0000041356892057133167
121 0.0000049310140529658781
122 0.000004241732518680325
123 0.0000041887108621968208
124 0.0000047189274270318615
125 0.000003923602579779301
126 0.0000038705809232957968
127 0.0000039766242362628043
128 0.0000040296458927463084
129 0.0000040826675492298126
130 0.0000034464076714277641
131 0.000004241732518680325
132 0.0000035524509843947719
133 0.0000028101477936257151
134 0.0000034994293279112682
135 0.0000029161911065927234
136 0.0000030222344195597313
137 0.0000024920178547246907
138 0.0000043477758316473333
139 0.000002598061167691699
140 0.0000023859745417576828
141 0.0000028101477936257151
142 0.000002757126137142211
143 0.0000024920178547246907
144 0.0000028631694501092193
145 0.0000029161911065927234
146 0.000002598061167691699
147 0.0000022799312287906745
148 0.000002598061167691699
149 0.000002438996198241187
150 0.0000022269095723071704
151 0.0000020678446028566583
152 0.0000019087796334061463
153 0.0000021738879158236666
154 0.000002598061167691699
155 0.0000015376280380216177
156 0.0000019618012898896505
157 0.0000020678446028566583
158 0.0000015376280380216177
159 0.0000015906496945051219
160 0.0000018557579769226422
161 0.0000022799312287906745
162 0.0000019618012898896505
163 0.0000022269095723071704
164 0.0000023859745417576828
165 0.00000169669300747213
166 0.0000019087796334061463
167 0.0000030752560760432355
168 0.0000019087796334061463
169 0.0000014846063815381138
170 0.0000021208662593401625
171 0.0000020678446028566583
172 0.0000019618012898896505
173 0.0000020148229463731542
174 0.000002438996198241187
175 0.0000019618012898896505
176 0.0000021738879158236666
177 0.0000019087796334061463
178 0.0000014846063815381138
179 0.0000017497146639556341
180 0.0000019618012898896505
181 0.0000022799312287906745
182 0.0000019087796334061463
183 0.0000018557579769226422
184 0.0000023859745417576828
185 0.000001802736320439138
186 0.0000018557579769226422
187 0.0000011134547861535852
188 0.0000022269095723071704
189 0.0000015376280380216177
190 0.00000169669300747213
191 0.0000013785630685711055
192 0.0000013255414120876016
193 0.0000011134547861535852
194 0.0000015906496945051219
195 0.0000012725197556040974
196 0.00000169669300747213
197 0.0000014846063815381138
198 6.3625987780204871e-7
199 0.0000011134547861535852
200 0.0000010074114731865771
201 0.0000011134547861535852
202 0.0000013255414120876016
203 0.0000012194980991205935
204 8.4834650373606498e-7
205 0.0000010604331296700812
206 9.0136816021956902e-7
207 6.8928153428555275e-7
208 0.0000011134547861535852
209 7.9532484725256094e-7
210 7.9532484725256094e-7
211 9.5438981670307317e-7
212 6.8928153428555275e-7
213 7.4230319076905689e-7
214 0.0000011134547861535852
215 6.3625987780204871e-7
216 5.8323822131854467e-7
217 9.0136816021956902e-7
218 6.8928153428555275e-7
219 4.2417325186803249e-7
220 2.1208662593401624e-7
221 6.3625987780204871e-7
222 4.7719490835153658e-7
223 7.4230319076905689e-7
224 4.2417325186803249e-7
225 5.8323822131854467e-7
226 4.7719490835153658e-7
227 5.3021656483504062e-7
228 6.8928153428555275e-7
229 7.4230319076905689e-7
230 5.3021656483504062e-7
231 7.9532484725256094e-7
232 6.8928153428555275e-7
233 3.1812993890102435e-7
234 6.3625987780204871e-7
235 4.7719490835153658e-7
236 3.1812993890102435e-7
237 6.3625987780204871e-7
238 3.7115159538452845e-7
239 4.2417325186803249e-7
240 5.3021656483504062e-7
241 3.1812993890102435e-7
242 1.5906496945051218e-7
243 1.5906496945051218e-7
244 3.7115159538452845e-7
245 3.1812993890102435e-7
246 3.7115159538452845e-7
247 5.8323822131854467e-7
248 6.8928153428555275e-7
249 6.8928153428555275e-7
250 5.8323822131854467e-7
251 2.6510828241752031e-7
252 6.3625987780204871e-7
253 4.2417325186803249e-7
254 5.3021656483504062e-7
255 5.3021656483504062e-7
256 6.3625987780204871e-7
257 3.1812993890102435e-7
258 2.6510828241752031e-7
259 3.7115159538452845e-7
260 2.6510828241752031e-7
261 4.2417325186803249e-7
262 2.1208662593401624e-7
263 2.6510828241752031e-7
264 4.2417325186803249e-7
265 4.2417325186803249e-7
266 2.1208662593401624e-7
267 2.6510828241752031e-7
268 5.3021656483504061e-8
269 4.7719490835153658e-7
270 4.7719490835153658e-7
271 3.1812993890102435e-7
272 1.0604331296700812e-7
273 4.7719490835153658e-7
274 2.1208662593401624e-7
275 2.6510828241752031e-7
276 2.1208662593401624e-7
277 2.1208662593401624e-7
278 2.6510828241752031e-7
279 1.5906496945051218e-7
280 3.7115159538452845e-7
281 5.3021656483504061e-8
282 2.1208662593401624e-7
283 2.1208662593401624e-7
284 5.3021656483504061e-8
285 3.1812993890102435e-7
286 4.7719490835153658e-7
287 5.3021656483504061e-8
288 5.3021656483504061e-8
289 1.0604331296700812e-7
290 1.0604331296700812e-7
291 1.5906496945051218e-7
292 1.5906496945051218e-7
293 2.6510828241752031e-7
294 1.5906496945051218e-7
295 1.5906496945051218e-7
296 1.0604331296700812e-7
297 1.5906496945051218e-7
298 1.0604331296700812e-7
299 1.5906496945051218e-7
300 2.1208662593401624e-7
301 1.0604331296700812e-7
302 2.1208662593401624e-7
303 2.1208662593401624e-7
304 1.0604331296700812e-7
305 5.3021656483504061e-8
309 2.1208662593401624e-7
310 5.3021656483504061e-8
311 1.5906496945051218e-7
312 1.0604331296700812e-7
313 1.0604331296700812e-7
314 5.3021656483504061e-8
315 1.5906496945051218e-7
316 1.5906496945051218e-7
317 5.3021656483504061e-8
318 5.3021656483504061e-8
322 5.3021656483504061e-8
323 1.0604331296700812e-7
324 1.0604331296700812e-7
325 5.3021656483504061e-8
327 5.3021656483504061e-8
331 1.0604331296700812e-7
332 1.0604331296700812e-7
336 5.3021656483504061e-8
337 1.0604331296700812e-7
338 5.3021656483504061e-8
339 5.3021656483504061e-8
340 1.0604331296700812e-7
341 5.3021656483504061e-8
346 5.3021656483504061e-8
347 5.3021656483504061e-8
349 5.3021656483504061e-8
358 5.3021656483504061e-8
359 5.3021656483504061e-8
369 1.0604331296700812e-7
371 5.3021656483504061e-8
373 5.3021656483504061e-8
385 5.3021656483504061e-8
392 5.3021656483504061e-8
393 5.3021656483504061e-8
396 1.0604331296700812e-7
401 5.3021656483504061e-8
405 5.3021656483504061e-8
411 5.3021656483504061e-8
413 5.3021656483504061e-8
423 5.3021656483504061e-8
425 1.0604331296700812e-7
436 5.3021656483504061e-8
450 5.3021656483504061e-8
462 5.3021656483504061e-8
472 5.3021656483504061e-8
529 1.0604331296700812e-7
530 5.3021656483504061e-8
597 5.3021656483504061e-8
614 5.3021656483504061e-8
635 5.3021656483504061e-8
