1 0.8909650259367361
2 0.065031476675465716
3 0.017276161900373361
4 0.0075870488446632507
5 0.0042601577752492924
6 0.0027118651604701796
7 0.001860493210239216
8 0.0013447044757336759
9 0.0010174219049201888
10 0.00078044590397450815
11 0.00061335836867129092
12 0.00049396248516120757
13 0.00041462462464131675
14 0.00035051696527680889
15 0.00029485817662623621
16 0.00024472079910012117
17 0.00022433975132527762
18 0.00020058656655496
19 0.00018042785748311477
20 0.00016571644663472771
21 0.0001448907214538876
22 0.00012903056064000936
23 0.00011961822221308163
24 0.00010768604515217325
25 0.00010116410986422332
26 0.000093159916556284761
27 0.000082561771713366127
28 0.000080041933079385473
29 0.000072778868781441238
30 0.000061180199775030293
31 0.000054213587081083777
32 0.000053472458071089468
33 0.000045690603466149208
34 0.000040613869747688189
35 0.000039168668178199282
36 0.000036278265039221473
37 0.00003583358763322489
38 0.000032646732890249355
39 0.000031720321627756466
40 0.000029645160399772398
41 0.000025939515349800849
42 0.00002649536210729658
43 0.000025198386339806539
44 0.000023642015418818489
45 0.00002164096709183385
46 0.000021307459037336413
47 0.000019491692962850354
48 0.000017305362383367137
49 0.000017305362383367137
50 0.000015267257605882787
51 0.000016749515625871405
52 0.000014303789892890183
53 0.000015193144704883355
54 0.000012932701224400708
55 0.000013155039927399002
56 0.000011969233511408106
57 0.000010968709347915788
58 0.000011339273852912943
59 0.000011487499654911804
60 0.0000095976206794263138
61 0.0000097829029319248911
62 0.0000099681851844234701
63 0.0000096717335804257454
64 0.0000097829029319248911
65 0.0000099311287339237543
66 0.00001044991904091977
67 0.000012265685115405831
68 0.000015860160813878233
69 0.000016638346274372259
70 0.000012969757674900424
71 0.0000060772578819533418
72 0.0000065589917384496437
73 0.0000066701610899487894
74 0.0000054843546739578941
75 0.0000057066933769561872
76 0.0000051508466194604544
77 0.0000052990724214593168
78 0.0000051137901689607386
79 0.0000044838305104655751
80 0.0000050396772679613079
81 0.0000051879030699601702
82 0.0000052249595204598852
83 0.0000045208869609652909
84 0.0000044467740599658602
85 0.0000036685885994718344
86 0.0000038538708519704117
87 0.0000037797579509709809
88 0.0000035574192479726878
89 0.0000038538708519704117
90 0.0000031868547429755328
91 0.000003112741841976102
92 0.0000034091934459738259
93 0.0000029274595894775243
94 0.0000034833063469732571
95 0.0000024827821834809386
96 0.0000038168144014706967
97 0.0000035574192479726878
98 0.000003260967643974964
99 0.0000028533466884780936
100 0.0000023345563814820766
101 0.0000021492741289834989
102 0.0000025198386339806539
103 0.000002742177336978947
104 0.0000028162902379783778
105 0.000002371612831981792
106 0.0000021122176784837835
107 0.0000020751612279840677
108 0.0000022974999309823608
109 0.0000021492741289834989
110 0.0000022604434804826455
111 0.000002371612831981792
112 0.0000022233870299829301
113 0.000002001048326984637
114 0.0000018157660744860595
115 0.0000017045967229869129
116 0.0000016675402724871974
117 0.0000025939515349800851
118 0.0000019269354259852058
119 0.0000018157660744860595
120 0.0000017045967229869129
121 0.0000020381047774843524
122 0.0000018157660744860595
123 0.0000014081451189891889
124 0.000001556370920988051
125 0.0000015934273714877664
126 0.0000017045967229869129
127 0.0000016675402724871974
128 0.0000014452015694889045
129 0.0000017416531734866285
130 0.0000013710886684894735
131 0.0000015193144704883354
132 0.000001630483821987482
133 0.0000012969757674900426
134 0.000001556370920988051
135 0.0000012969757674900426
136 0.0000018528225249857749
137 9.2641126249288743e-7
138 0.0000015934273714877664
139 0.0000012969757674900426
140 0.000001111693514991465
141 0.0000010746370644917495
142 0.0000016675402724871974
143 0.0000012228628664906114
144 0.0000011487499654911804
145 0.0000010746370644917495
146 0.0000018528225249857749
147 0.0000018898789754854905
148 0.0000012228628664906114
149 0.0000014081451189891889
150 0.0000011487499654911804
151 0.0000010746370644917495
152 0.0000013710886684894735
153 7.4112900999431003e-7
154 0.000001259919316990327
155 0.000001185806415990896
156 0.0000013340322179897579
157 7.7818546049402551e-7
158 0.0000011487499654911804
159 7.7818546049402551e-7
160 9.6346771299260291e-7
161 0.0000012228628664906114
162 0.0000010005241634923185
163 8.5229836149345647e-7
164 8.1524191099374099e-7
165 9.6346771299260291e-7
166 8.8935481199317195e-7
167 0.0000010746370644917495
168 5.1879030699601694e-7
169 7.7818546049402551e-7
170 9.6346771299260291e-7
171 7.7818546049402551e-7
172 7.0407255949459445e-7
173 7.0407255949459445e-7
174 0.0000010746370644917495
175 7.4112900999431003e-7
176 0.000001111693514991465
177 7.4112900999431003e-7
178 5.1879030699601694e-7
179 9.2641126249288743e-7
180 5.9290320799544800e-7
181 7.0407255949459445e-7
182 8.5229836149345647e-7
183 6.2995965849516348e-7
184 7.4112900999431003e-7
185 5.9290320799544800e-7
186 7.4112900999431003e-7
187 7.7818546049402551e-7
188 7.7818546049402551e-7
189 7.7818546049402551e-7
190 6.2995965849516348e-7
191 8.5229836149345647e-7
192 4.0762095549687050e-7
193 3.7056450499715502e-7
194 3.3350805449743948e-7
195 4.8173385649630146e-7
196 5.9290320799544800e-7
197 4.0762095549687050e-7
198 7.7818546049402551e-7
199 5.5584675749573252e-7
200 5.5584675749573252e-7
201 4.0762095549687050e-7
202 4.0762095549687050e-7
203 5.9290320799544800e-7
204 3.7056450499715502e-7
205 4.0762095549687050e-7
206 4.4467740599658598e-7
207 5.1879030699601694e-7
208 2.9645160399772400e-7
209 3.3350805449743948e-7
210 2.2233870299829299e-7
211 2.2233870299829299e-7
212 4.0762095549687050e-7
213 1.8528225249857751e-7
214 3.7056450499715502e-7
215 4.4467740599658598e-7
216 4.0762095549687050e-7
217 2.5939515349800847e-7
218 4.4467740599658598e-7
219 4.0762095549687050e-7
220 3.3350805449743948e-7
221 2.5939515349800847e-7
222 2.2233870299829299e-7
223 4.0762095549687050e-7
224 2.2233870299829299e-7
225 3.7056450499715500e-8
226 2.9645160399772400e-7
227 2.2233870299829299e-7
228 2.2233870299829299e-7
229 2.5939515349800847e-7
230 2.2233870299829299e-7
231 1.8528225249857751e-7
232 2.9645160399772400e-7
233 2.5939515349800847e-7
234 3.7056450499715502e-7
235 2.9645160399772400e-7
236 1.8528225249857751e-7
237 2.2233870299829299e-7
238 1.1116935149914649e-7
239 1.4822580199886200e-7
240 2.5939515349800847e-7
241 2.2233870299829299e-7
242 4.0762095549687050e-7
243 1.8528225249857751e-7
244 2.2233870299829299e-7
245 2.9645160399772400e-7
246 2.9645160399772400e-7
247 3.3350805449743948e-7
248 1.1116935149914649e-7
249 3.3350805449743948e-7
250 2.2233870299829299e-7
251 2.2233870299829299e-7
252 3.3350805449743948e-7
253 1.1116935149914649e-7
254 1.1116935149914649e-7
255 1.8528225249857751e-7
256 1.1116935149914649e-7
257 2.5939515349800847e-7
258 1.8528225249857751e-7
259 2.2233870299829299e-7
260 1.1116935149914649e-7
261 1.1116935149914649e-7
262 1.1116935149914649e-7
263 1.4822580199886200e-7
264 1.4822580199886200e-7
265 1.4822580199886200e-7
266 3.7056450499715500e-8
267 1.1116935149914649e-7
268 3.7056450499715500e-8
270 1.1116935149914649e-7
271 7.4112900999431001e-8
272 1.1116935149914649e-7
273 1.8528225249857751e-7
274 3.7056450499715500e-8
275 3.7056450499715500e-8
276 3.7056450499715500e-8
277 7.4112900999431001e-8
278 1.1116935149914649e-7
279 1.1116935149914649e-7
280 1.8528225249857751e-7
281 3.7056450499715500e-8
282 3.7056450499715500e-8
284 1.1116935149914649e-7
286 7.4112900999431001e-8
287 1.1116935149914649e-7
288 1.1116935149914649e-7
289 3.7056450499715500e-8
290 3.7056450499715500e-8
291 7.4112900999431001e-8
292 3.7056450499715500e-8
293 7.4112900999431001e-8
294 1.1116935149914649e-7
295 7.4112900999431001e-8
296 3.7056450499715500e-8
297 7.4112900999431001e-8
300 1.1116935149914649e-7
301 7.4112900999431001e-8
302 3.7056450499715500e-8
303 1.4822580199886200e-7
306 7.4112900999431001e-8
307 7.4112900999431001e-8
308 3.7056450499715500e-8
309 3.7056450499715500e-8
310 3.7056450499715500e-8
312 3.7056450499715500e-8
313 3.7056450499715500e-8
315 7.4112900999431001e-8
316 7.4112900999431001e-8
317 7.4112900999431001e-8
318 3.7056450499715500e-8
319 1.1116935149914649e-7
321 7.4112900999431001e-8
323 3.7056450499715500e-8
324 7.4112900999431001e-8
325 7.4112900999431001e-8
330 3.7056450499715500e-8
332 3.7056450499715500e-8
334 1.1116935149914649e-7
335 3.7056450499715500e-8
336 1.4822580199886200e-7
337 1.1116935149914649e-7
338 7.4112900999431001e-8
339 3.7056450499715500e-8
340 3.7056450499715500e-8
341 3.7056450499715500e-8
342 3.7056450499715500e-8
344 3.7056450499715500e-8
346 1.4822580199886200e-7
347 1.1116935149914649e-7
348 1.4822580199886200e-7
349 3.7056450499715500e-8
350 1.1116935149914649e-7
351 1.1116935149914649e-7
352 7.4112900999431001e-8
353 1.1116935149914649e-7
355 7.4112900999431001e-8
357 3.7056450499715500e-8
358 3.7056450499715500e-8
361 3.7056450499715500e-8
362 7.4112900999431001e-8
363 3.7056450499715500e-8
364 3.7056450499715500e-8
365 1.1116935149914649e-7
366 3.7056450499715500e-8
367 1.1116935149914649e-7
368 7.4112900999431001e-8
369 1.4822580199886200e-7
370 7.4112900999431001e-8
371 7.4112900999431001e-8
373 7.4112900999431001e-8
374 3.7056450499715500e-8
375 3.7056450499715500e-8
376 7.4112900999431001e-8
377 2.2233870299829299e-7
378 1.1116935149914649e-7
380 3.7056450499715500e-8
381 7.4112900999431001e-8
383 7.4112900999431001e-8
384 3.7056450499715500e-8
386 7.4112900999431001e-8
388 7.4112900999431001e-8
390 7.4112900999431001e-8
391 1.1116935149914649e-7
392 1.1116935149914649e-7
393 1.1116935149914649e-7
394 1.1116935149914649e-7
395 7.4112900999431001e-8
396 7.4112900999431001e-8
397 7.4112900999431001e-8
398 3.7056450499715500e-8
399 1.4822580199886200e-7
400 3.7056450499715500e-8
401 1.4822580199886200e-7
402 3.7056450499715500e-8
403 3.7056450499715500e-8
404 7.4112900999431001e-8
406 1.1116935149914649e-7
407 7.4112900999431001e-8
408 3.7056450499715500e-8
409 1.8528225249857751e-7
410 7.4112900999431001e-8
412 1.1116935149914649e-7
413 7.4112900999431001e-8
415 1.1116935149914649e-7
416 7.4112900999431001e-8
417 7.4112900999431001e-8
418 1.1116935149914649e-7
419 7.4112900999431001e-8
420 3.7056450499715500e-8
421 7.4112900999431001e-8
422 7.4112900999431001e-8
423 1.1116935149914649e-7
424 1.4822580199886200e-7
425 1.1116935149914649e-7
426 1.8528225249857751e-7
427 7.4112900999431001e-8
428 7.4112900999431001e-8
429 1.1116935149914649e-7
430 1.1116935149914649e-7
431 3.7056450499715500e-8
432 2.2233870299829299e-7
433 1.8528225249857751e-7
434 2.5939515349800847e-7
435 1.4822580199886200e-7
436 7.4112900999431001e-8
437 1.1116935149914649e-7
438 1.4822580199886200e-7
439 1.4822580199886200e-7
440 3.7056450499715500e-8
441 7.4112900999431001e-8
442 1.4822580199886200e-7
443 3.7056450499715500e-8
444 7.4112900999431001e-8
445 7.4112900999431001e-8
446 1.4822580199886200e-7
447 2.2233870299829299e-7
448 7.4112900999431001e-8
449 1.1116935149914649e-7
450 7.4112900999431001e-8
451 1.1116935149914649e-7
452 1.1116935149914649e-7
453 1.1116935149914649e-7
454 2.2233870299829299e-7
455 2.5939515349800847e-7
456 1.1116935149914649e-7
457 2.2233870299829299e-7
458 7.4112900999431001e-8
459 2.2233870299829299e-7
460 1.8528225249857751e-7
461 1.1116935149914649e-7
462 3.7056450499715500e-8
463 7.4112900999431001e-8
464 2.9645160399772400e-7
465 2.2233870299829299e-7
466 1.4822580199886200e-7
467 2.2233870299829299e-7
468 1.8528225249857751e-7
469 1.1116935149914649e-7
470 7.4112900999431001e-8
471 2.5939515349800847e-7
472 2.5939515349800847e-7
473 2.2233870299829299e-7
474 1.8528225249857751e-7
475 1.1116935149914649e-7
476 1.8528225249857751e-7
477 3.7056450499715502e-7
478 3.3350805449743948e-7
479 3.3350805449743948e-7
480 2.5939515349800847e-7
481 1.8528225249857751e-7
482 1.1116935149914649e-7
483 1.8528225249857751e-7
484 2.2233870299829299e-7
485 1.8528225249857751e-7
486 2.2233870299829299e-7
487 1.1116935149914649e-7
488 2.9645160399772400e-7
489 2.5939515349800847e-7
490 2.5939515349800847e-7
491 1.1116935149914649e-7
492 2.2233870299829299e-7
493 1.1116935149914649e-7
494 1.4822580199886200e-7
495 2.2233870299829299e-7
496 3.7056450499715502e-7
497 2.9645160399772400e-7
498 3.3350805449743948e-7
499 2.9645160399772400e-7
500 2.9645160399772400e-7
501 1.4822580199886200e-7
502 2.2233870299829299e-7
503 2.5939515349800847e-7
504 4.0762095549687050e-7
505 1.4822580199886200e-7
506 1.4822580199886200e-7
507 5.9290320799544800e-7
508 3.7056450499715502e-7
509 3.3350805449743948e-7
510 1.8528225249857751e-7
511 1.8528225249857751e-7
512 4.4467740599658598e-7
513 4.4467740599658598e-7
514 5.1879030699601694e-7
515 1.8528225249857751e-7
516 4.8173385649630146e-7
517 2.2233870299829299e-7
518 3.3350805449743948e-7
519 3.7056450499715502e-7
520 4.8173385649630146e-7
521 4.4467740599658598e-7
522 1.1116935149914649e-7
523 4.0762095549687050e-7
524 4.0762095549687050e-7
525 4.0762095549687050e-7
526 5.1879030699601694e-7
527 2.5939515349800847e-7
528 3.7056450499715502e-7
529 3.7056450499715502e-7
530 5.9290320799544800e-7
531 3.7056450499715502e-7
532 5.9290320799544800e-7
533 5.5584675749573252e-7
534 4.4467740599658598e-7
535 3.3350805449743948e-7
536 4.0762095549687050e-7
537 4.8173385649630146e-7
538 6.2995965849516348e-7
539 5.1879030699601694e-7
540 3.7056450499715502e-7
541 4.8173385649630146e-7
542 4.0762095549687050e-7
543 6.6701610899487896e-7
544 5.1879030699601694e-7
545 3.7056450499715502e-7
546 3.3350805449743948e-7
547 5.5584675749573252e-7
548 4.0762095549687050e-7
549 5.5584675749573252e-7
550 5.1879030699601694e-7
551 6.2995965849516348e-7
552 5.9290320799544800e-7
553 1.8528225249857751e-7
554 3.3350805449743948e-7
555 5.1879030699601694e-7
556 5.1879030699601694e-7
557 5.5584675749573252e-7
558 5.9290320799544800e-7
559 5.9290320799544800e-7
560 5.9290320799544800e-7
561 4.0762095549687050e-7
562 7.4112900999431003e-7
563 6.6701610899487896e-7
564 4.0762095549687050e-7
565 0.0000010005241634923185
566 6.2995965849516348e-7
567 5.5584675749573252e-7
568 5.9290320799544800e-7
569 5.9290320799544800e-7
570 6.2995965849516348e-7
571 4.4467740599658598e-7
572 5.1879030699601694e-7
573 7.4112900999431003e-7
574 6.2995965849516348e-7
575 5.9290320799544800e-7
576 7.4112900999431003e-7
577 4.4467740599658598e-7
578 7.4112900999431003e-7
579 5.9290320799544800e-7
580 9.6346771299260291e-7
581 6.6701610899487896e-7
582 9.2641126249288743e-7
583 5.9290320799544800e-7
584 0.0000010005241634923185
585 0.0000010005241634923185
586 6.2995965849516348e-7
587 6.6701610899487896e-7
588 5.5584675749573252e-7
589 7.4112900999431003e-7
590 7.7818546049402551e-7
591 6.6701610899487896e-7
592 8.5229836149345647e-7
593 5.5584675749573252e-7
594 0.0000011487499654911804
595 9.2641126249288743e-7
596 8.8935481199317195e-7
597 8.5229836149345647e-7
598 7.7818546049402551e-7
599 6.2995965849516348e-7
600 8.5229836149345647e-7
601 0.000001259919316990327
602 5.1879030699601694e-7
603 0.0000012228628664906114
604 8.5229836149345647e-7
605 8.8935481199317195e-7
606 7.7818546049402551e-7
607 0.0000010375806139920339
608 0.0000010005241634923185
609 5.1879030699601694e-7
610 8.5229836149345647e-7
611 8.5229836149345647e-7
612 0.0000013710886684894735
613 9.2641126249288743e-7
614 7.4112900999431003e-7
615 0.0000010375806139920339
616 0.0000010005241634923185
617 7.0407255949459445e-7
618 0.0000012228628664906114
619 0.0000010375806139920339
620 0.0000010746370644917495
621 0.0000010746370644917495
622 0.0000013340322179897579
623 0.0000012969757674900426
624 9.6346771299260291e-7
625 0.0000013710886684894735
626 0.0000014452015694889045
627 0.000001185806415990896
628 8.8935481199317195e-7
629 0.000001111693514991465
630 0.0000011487499654911804
631 0.000001259919316990327
632 0.0000011487499654911804
633 0.0000012969757674900426
634 0.0000014822580199886201
635 0.000001185806415990896
636 0.0000010375806139920339
637 0.0000010375806139920339
638 0.000001111693514991465
639 0.0000012969757674900426
640 0.0000013340322179897579
641 0.000001556370920988051
642 8.5229836149345647e-7
643 0.0000014822580199886201
644 0.0000015934273714877664
645 0.000002001048326984637
646 0.0000012228628664906114
647 0.0000011487499654911804
648 0.0000014452015694889045
649 0.0000014452015694889045
650 0.0000013710886684894735
651 0.0000014452015694889045
652 0.0000017787096239863439
653 0.000001556370920988051
654 0.0000015193144704883354
655 0.0000017416531734866285
656 0.0000010005241634923185
657 0.0000017045967229869129
658 0.0000019269354259852058
659 0.0000011487499654911804
660 0.000001259919316990327
661 0.0000018157660744860595
662 0.000001556370920988051
663 0.0000017045967229869129
664 0.0000015193144704883354
665 0.0000015934273714877664
666 0.0000012969757674900426
667 0.0000019269354259852058
668 0.0000017416531734866285
669 0.0000019269354259852058
670 0.0000019269354259852058
671 0.0000021492741289834989
672 0.0000020751612279840677
673 0.0000019269354259852058
674 0.0000013710886684894735
675 0.0000017787096239863439
676 0.0000020381047774843524
677 0.0000013340322179897579
678 0.0000019639918764849216
679 0.0000017787096239863439
680 0.0000024827821834809386
681 0.0000018157660744860595
682 0.000001185806415990896
683 0.0000018528225249857749
684 0.0000024457257329812228
685 0.000002001048326984637
686 0.0000019639918764849216
687 0.0000018528225249857749
688 0.0000017787096239863439
689 0.0000022604434804826455
690 0.0000017787096239863439
691 0.0000016675402724871974
692 0.0000014822580199886201
693 0.0000018898789754854905
694 0.0000021122176784837835
695 0.000001630483821987482
696 0.0000019269354259852058
697 0.0000026680644359795159
698 0.0000021863305794832143
699 0.0000019269354259852058
700 0.0000020381047774843524
701 0.0000020381047774843524
702 0.000002371612831981792
703 0.0000021863305794832143
704 0.0000013710886684894735
705 0.0000021492741289834989
706 0.0000027051208864792312
707 0.0000018898789754854905
708 0.0000030756853914763862
709 0.0000020751612279840677
710 0.0000019639918764849216
711 0.0000022974999309823608
712 0.0000024457257329812228
713 0.0000019639918764849216
714 0.0000021122176784837835
715 0.0000020751612279840677
716 0.0000030386289409766709
717 0.0000020751612279840677
718 0.0000026680644359795159
719 0.0000024827821834809386
720 0.0000024457257329812228
721 0.0000022974999309823608
722 0.0000024086692824815074
723 0.0000022233870299829301
724 0.0000024086692824815074
725 0.0000024457257329812228
726 0.0000017787096239863439
727 0.0000024457257329812228
728 0.0000025198386339806539
729 0.000002742177336978947
730 0.0000024086692824815074
731 0.0000033721369954741105
732 0.000002890403138977809
733 0.0000031868547429755328
734 0.0000028533466884780936
735 0.0000029645160399772401
736 0.0000030015724904769555
737 0.0000026680644359795159
738 0.000003112741841976102
739 0.0000025198386339806539
740 0.0000022233870299829301
741 0.0000026680644359795159
742 0.0000023345563814820766
743 0.0000022604434804826455
744 0.0000027051208864792312
745 0.0000033350805449743947
746 0.0000021863305794832143
747 0.0000027051208864792312
748 0.0000035574192479726878
749 0.0000030386289409766709
750 0.0000033350805449743947
751 0.0000032980240944746793
752 0.0000027051208864792312
753 0.0000030015724904769555
754 0.0000030756853914763862
755 0.0000030015724904769555
756 0.0000028162902379783778
757 0.0000025568950844803693
758 0.0000029645160399772401
759 0.0000030015724904769555
760 0.0000032980240944746793
761 0.0000032239111934752486
762 0.0000035944756984724036
763 0.0000027792337874786624
764 0.0000030015724904769555
765 0.0000029645160399772401
766 0.0000025198386339806539
767 0.0000029645160399772401
768 0.0000033721369954741105
769 0.0000027051208864792312
770 0.0000035574192479726878
771 0.0000032980240944746793
772 0.0000030386289409766709
773 0.0000035203627974729724
774 0.0000026680644359795159
775 0.0000034091934459738259
776 0.0000032980240944746793
777 0.0000038909273024701275
778 0.0000036685885994718344
779 0.000003260967643974964
780 0.000003260967643974964
781 0.000002890403138977809
782 0.0000039279837529698433
783 0.0000034462498964735413
784 0.0000038538708519704117
785 0.0000027792337874786624
786 0.0000035944756984724036
787 0.0000034091934459738259
788 0.000004002096653969274
789 0.0000035944756984724036
790 0.000003260967643974964
791 0.0000034091934459738259
792 0.0000038909273024701275
793 0.000004002096653969274
794 0.0000037797579509709809
795 0.0000043356047084667136
796 0.0000034833063469732571
797 0.0000040391531044689898
798 0.0000035203627974729724
799 0.000004261491807467282
800 0.0000037427015004712655
801 0.000002890403138977809
802 0.0000040391531044689898
803 0.0000039650402034695582
804 0.0000041132660054684205
805 0.000002890403138977809
806 0.0000037797579509709809
807 0.0000034833063469732571
808 0.0000035574192479726878
809 0.0000050396772679613079
810 0.000003631532148972119
811 0.0000038909273024701275
812 0.0000035944756984724036
813 0.0000036685885994718344
814 0.0000043726611589664286
815 0.0000041132660054684205
816 0.0000038538708519704117
817 0.0000042244353569675671
818 0.0000041873789064678513
819 0.0000036685885994718344
820 0.0000039650402034695582
821 0.0000051879030699601702
822 0.0000045949998619647217
823 0.0000047061692134638682
824 0.0000037056450499715497
825 0.0000046320563124644375
826 0.0000044467740599658602
827 0.0000035944756984724036
828 0.0000041503224559681355
829 0.0000035574192479726878
830 0.0000045949998619647217
831 0.0000039650402034695582
832 0.0000044838305104655751
833 0.0000045208869609652909
834 0.0000046320563124644375
835 0.0000040762095549687048
836 0.0000049655643669618771
837 0.000004002096653969274
838 0.0000048914514659624455
839 0.0000039650402034695582
840 0.0000041873789064678513
841 0.0000041132660054684205
842 0.0000039279837529698433
843 0.0000039279837529698433
844 0.0000045579434114650067
845 0.0000041873789064678513
846 0.0000041873789064678513
847 0.0000039279837529698433
848 0.0000041132660054684205
849 0.0000041503224559681355
850 0.000004261491807467282
851 0.0000044467740599658602
852 0.0000049655643669618771
853 0.0000050026208174615921
854 0.000004780282114463299
855 0.0000045579434114650067
856 0.0000044097176094661444
857 0.0000045579434114650067
858 0.0000051508466194604544
859 0.0000044467740599658602
860 0.0000046691127629641533
861 0.0000048173385649630148
862 0.0000044467740599658602
863 0.0000054843546739578941
864 0.0000051137901689607386
865 0.0000055955240254570406
866 0.0000045208869609652909
867 0.0000046320563124644375
868 0.0000045949998619647217
869 0.0000046320563124644375
870 0.0000045579434114650067
871 0.0000043356047084667136
872 0.000004743225663963584
873 0.0000047061692134638682
874 0.0000050396772679613079
875 0.0000043726611589664286
876 0.000004743225663963584
877 0.0000052249595204598852
878 0.0000040762095549687048
879 0.0000049655643669618771
880 0.0000044467740599658602
881 0.0000048914514659624455
882 0.0000043726611589664286
883 0.0000044097176094661444
884 0.0000046691127629641533
885 0.0000048543950154627306
886 0.0000049285079164621613
887 0.0000044467740599658602
888 0.0000048543950154627306
889 0.0000043356047084667136
890 0.0000041873789064678513
891 0.0000051137901689607386
892 0.0000046320563124644375
893 0.000004743225663963584
894 0.0000045208869609652909
895 0.0000045949998619647217
896 0.0000038168144014706967
897 0.0000042985482579669978
898 0.0000049655643669618771
899 0.000005262015970959601
900 0.0000045208869609652909
901 0.0000048173385649630148
902 0.0000042985482579669978
903 0.0000050396772679613079
904 0.0000050767337184610237
905 0.0000043356047084667136
906 0.000004743225663963584
907 0.0000048173385649630148
908 0.0000045949998619647217
909 0.0000048543950154627306
910 0.000004780282114463299
911 0.0000038538708519704117
912 0.0000046320563124644375
913 0.0000049285079164621613
914 0.000004743225663963584
915 0.0000045949998619647217
916 0.0000046320563124644375
917 0.0000046320563124644375
918 0.0000047061692134638682
919 0.0000048914514659624455
920 0.0000050396772679613079
921 0.0000045579434114650067
922 0.0000038909273024701275
923 0.0000045949998619647217
924 0.0000052249595204598852
925 0.000004261491807467282
926 0.0000041503224559681355
927 0.0000057808062779556179
928 0.000003631532148972119
929 0.0000043726611589664286
930 0.0000042985482579669978
931 0.0000040762095549687048
932 0.0000037427015004712655
933 0.0000043726611589664286
934 0.0000040762095549687048
935 0.0000041132660054684205
936 0.0000041132660054684205
937 0.0000046691127629641533
938 0.0000045208869609652909
939 0.0000039279837529698433
940 0.0000048543950154627306
941 0.0000040391531044689898
942 0.000004743225663963584
943 0.0000045208869609652909
944 0.0000039650402034695582
945 0.000004743225663963584
946 0.0000039279837529698433
947 0.0000047061692134638682
948 0.0000042985482579669978
949 0.0000042985482579669978
950 0.0000035944756984724036
951 0.0000041132660054684205
952 0.0000041132660054684205
953 0.0000045208869609652909
954 0.0000041503224559681355
955 0.0000036685885994718344
956 0.0000048914514659624455
957 0.0000042244353569675671
958 0.0000048543950154627306
959 0.0000045208869609652909
960 0.0000044467740599658602
961 0.0000041503224559681355
962 0.000003631532148972119
963 0.0000040762095549687048
964 0.0000039279837529698433
965 0.0000041873789064678513
966 0.0000037427015004712655
967 0.0000043726611589664286
968 0.0000035574192479726878
969 0.0000039279837529698433
970 0.0000044838305104655751
971 0.000004261491807467282
972 0.0000042244353569675671
973 0.0000035944756984724036
974 0.000003112741841976102
975 0.0000040391531044689898
976 0.0000035203627974729724
977 0.0000039650402034695582
978 0.0000037427015004712655
979 0.0000035574192479726878
980 0.0000034091934459738259
981 0.0000037427015004712655
982 0.0000038538708519704117
983 0.0000042985482579669978
984 0.0000034462498964735413
985 0.0000041873789064678513
986 0.0000039279837529698433
987 0.0000044097176094661444
988 0.0000038168144014706967
989 0.0000038168144014706967
990 0.0000039650402034695582
991 0.0000033350805449743947
992 0.0000037427015004712655
993 0.0000044838305104655751
994 0.000004002096653969274
995 0.0000030015724904769555
996 0.0000032980240944746793
997 0.0000044467740599658602
998 0.000004002096653969274
999 0.0000037056450499715497
1000 0.0000037797579509709809
1001 0.0000028533466884780936
1002 0.0000034833063469732571
1003 0.0000038538708519704117
1004 0.0000034833063469732571
1005 0.0000041132660054684205
1006 0.0000036685885994718344
1007 0.0000035574192479726878
1008 0.0000032239111934752486
1009 0.0000035944756984724036
1010 0.000004002096653969274
1011 0.0000037427015004712655
1012 0.0000037056450499715497
1013 0.0000040391531044689898
1014 0.0000034462498964735413
1015 0.0000032239111934752486
1016 0.0000036685885994718344
1017 0.0000037797579509709809
1018 0.0000040391531044689898
1019 0.0000039279837529698433
1020 0.0000031868547429755328
1021 0.0000032980240944746793
1022 0.0000035203627974729724
1023 0.0000032239111934752486
1024 0.0000024086692824815074
1025 0.0000030386289409766709
1026 0.0000027051208864792312
1027 0.0000031868547429755328
1028 0.0000040391531044689898
1029 0.000003260967643974964
1030 0.000003260967643974964
1031 0.0000034091934459738259
1032 0.000003631532148972119
1033 0.000003260967643974964
1034 0.000003631532148972119
1035 0.000002890403138977809
1036 0.000003260967643974964
1037 0.0000031868547429755328
1038 0.0000028533466884780936
1039 0.0000031868547429755328
1040 0.0000034091934459738259
1041 0.0000022974999309823608
1042 0.0000029645160399772401
1043 0.0000035203627974729724
1044 0.0000030756853914763862
1045 0.0000034833063469732571
1046 0.000003112741841976102
1047 0.0000026680644359795159
1048 0.000002890403138977809
1049 0.0000022233870299829301
1050 0.0000026680644359795159
1051 0.000003260967643974964
1052 0.0000028533466884780936
1053 0.0000034091934459738259
1054 0.0000029274595894775243
1055 0.0000028162902379783778
1056 0.0000030015724904769555
1057 0.0000026680644359795159
1058 0.0000032239111934752486
1059 0.0000022974999309823608
1060 0.0000032239111934752486
1061 0.000002890403138977809
1062 0.0000028162902379783778
1063 0.0000022974999309823608
1064 0.000002742177336978947
1065 0.0000031868547429755328
1066 0.0000030756853914763862
1067 0.0000030015724904769555
1068 0.0000014452015694889045
1069 0.0000025939515349800851
1070 0.0000026680644359795159
1071 0.000002890403138977809
1072 0.0000030756853914763862
1073 0.0000024086692824815074
1074 0.0000028162902379783778
1075 0.0000024086692824815074
1076 0.0000030015724904769555
1077 0.0000021863305794832143
1078 0.0000024457257329812228
1079 0.0000022604434804826455
1080 0.0000025939515349800851
1081 0.0000022974999309823608
1082 0.000002742177336978947
1083 0.0000031868547429755328
1084 0.0000030386289409766709
1085 0.0000024827821834809386
1086 0.000002890403138977809
1087 0.0000025198386339806539
1088 0.0000022974999309823608
1089 0.0000020751612279840677
1090 0.000002742177336978947
1091 0.000002371612831981792
1092 0.0000023345563814820766
1093 0.0000018157660744860595
1094 0.0000021122176784837835
1095 0.0000025198386339806539
1096 0.0000024086692824815074
1097 0.0000019639918764849216
1098 0.0000020751612279840677
1099 0.0000021122176784837835
1100 0.000002742177336978947
1101 0.0000023345563814820766
1102 0.0000026310079854798005
1103 0.0000020381047774843524
1104 0.0000021122176784837835
1105 0.0000021492741289834989
1106 0.0000021492741289834989
1107 0.0000021863305794832143
1108 0.0000022233870299829301
1109 0.0000023345563814820766
1110 0.0000021863305794832143
1111 0.0000020751612279840677
1112 0.0000019639918764849216
1113 0.0000022974999309823608
1114 0.0000020751612279840677
1115 0.0000021863305794832143
1116 0.0000028533466884780936
1117 0.0000021492741289834989
1118 0.0000021492741289834989
1119 0.0000020751612279840677
1120 0.0000025939515349800851
1121 0.0000019639918764849216
1122 0.0000021863305794832143
1123 0.0000018898789754854905
1124 0.0000024086692824815074
1125 0.0000033721369954741105
1126 0.000002001048326984637
1127 0.0000022604434804826455
1128 0.000001630483821987482
1129 0.0000021492741289834989
1130 0.000002001048326984637
1131 0.000001630483821987482
1132 0.0000013710886684894735
1133 0.0000019269354259852058
1134 0.0000020751612279840677
1135 0.0000015193144704883354
1136 0.0000021492741289834989
1137 0.0000018157660744860595
1138 0.0000017787096239863439
1139 0.000002001048326984637
1140 0.0000017416531734866285
1141 0.0000014822580199886201
1142 0.0000015193144704883354
1143 0.0000020751612279840677
1144 0.000002001048326984637
1145 0.0000021863305794832143
1146 0.0000014822580199886201
1147 0.0000021492741289834989
1148 0.0000013710886684894735
1149 0.000001556370920988051
1150 0.000001556370920988051
1151 0.0000016675402724871974
1152 0.0000017416531734866285
1153 0.000001630483821987482
1154 0.0000013340322179897579
1155 0.0000017045967229869129
1156 0.000001259919316990327
1157 0.000001556370920988051
1158 0.0000014452015694889045
1159 0.000001111693514991465
1160 0.0000015934273714877664
1161 0.0000013340322179897579
1162 0.0000014081451189891889
1163 0.0000014452015694889045
1164 0.0000014081451189891889
1165 0.000001185806415990896
1166 0.000001630483821987482
1167 0.0000013340322179897579
1168 0.0000010746370644917495
1169 0.0000014822580199886201
1170 0.0000013340322179897579
1171 0.000001259919316990327
1172 0.000001556370920988051
1173 8.8935481199317195e-7
1174 8.5229836149345647e-7
1175 0.0000010375806139920339
1176 9.6346771299260291e-7
1177 0.0000012969757674900426
1178 0.0000014081451189891889
1179 0.000001185806415990896
1180 0.0000012228628664906114
1181 7.7818546049402551e-7
1182 8.1524191099374099e-7
1183 0.000001259919316990327
1184 0.0000011487499654911804
1185 9.6346771299260291e-7
1186 0.000001185806415990896
1187 9.2641126249288743e-7
1188 0.000001185806415990896
1189 8.5229836149345647e-7
1190 0.0000010375806139920339
1191 7.0407255949459445e-7
1192 7.7818546049402551e-7
1193 7.4112900999431003e-7
1194 7.0407255949459445e-7
1195 7.4112900999431003e-7
1196 7.4112900999431003e-7
1197 5.5584675749573252e-7
1198 7.0407255949459445e-7
1199 8.8935481199317195e-7
1200 7.7818546049402551e-7
1201 7.0407255949459445e-7
1202 7.4112900999431003e-7
1203 4.4467740599658598e-7
1204 6.6701610899487896e-7
1205 6.2995965849516348e-7
1206 5.9290320799544800e-7
1207 5.5584675749573252e-7
1208 4.4467740599658598e-7
1209 4.4467740599658598e-7
1210 3.3350805449743948e-7
1211 4.4467740599658598e-7
1212 7.0407255949459445e-7
1213 4.8173385649630146e-7
1214 5.1879030699601694e-7
1215 6.2995965849516348e-7
1216 7.4112900999431003e-7
1217 6.2995965849516348e-7
1218 2.9645160399772400e-7
1219 4.0762095549687050e-7
1220 5.5584675749573252e-7
1221 2.9645160399772400e-7
1222 4.4467740599658598e-7
1223 4.4467740599658598e-7
1224 4.8173385649630146e-7
1225 1.4822580199886200e-7
1226 4.0762095549687050e-7
1227 2.5939515349800847e-7
1228 3.7056450499715502e-7
1229 2.2233870299829299e-7
1230 3.7056450499715502e-7
1231 5.1879030699601694e-7
1232 3.3350805449743948e-7
1233 1.4822580199886200e-7
1234 3.7056450499715502e-7
1235 2.5939515349800847e-7
1236 2.9645160399772400e-7
1237 2.5939515349800847e-7
1238 2.9645160399772400e-7
1239 3.7056450499715502e-7
1240 1.8528225249857751e-7
1241 2.5939515349800847e-7
1242 3.7056450499715502e-7
1243 2.9645160399772400e-7
1244 2.2233870299829299e-7
1245 1.1116935149914649e-7
1246 1.1116935149914649e-7
1247 2.2233870299829299e-7
1248 1.4822580199886200e-7
1249 3.7056450499715500e-8
1250 3.7056450499715500e-8
1251 3.7056450499715500e-8
1252 1.4822580199886200e-7
1253 1.4822580199886200e-7
1255 1.8528225249857751e-7
1256 1.4822580199886200e-7
1257 3.7056450499715500e-8
1258 2.2233870299829299e-7
1259 7.4112900999431001e-8
1260 1.8528225249857751e-7
1261 7.4112900999431001e-8
1262 7.4112900999431001e-8
1263 1.8528225249857751e-7
1264 1.1116935149914649e-7
1265 7.4112900999431001e-8
1266 1.4822580199886200e-7
1267 1.1116935149914649e-7
1268 1.1116935149914649e-7
1269 2.2233870299829299e-7
1270 7.4112900999431001e-8
1271 7.4112900999431001e-8
1272 7.4112900999431001e-8
1273 1.4822580199886200e-7
1274 1.1116935149914649e-7
1275 1.1116935149914649e-7
1276 1.4822580199886200e-7
1277 3.7056450499715500e-8
1279 1.1116935149914649e-7
1280 7.4112900999431001e-8
1281 1.4822580199886200e-7
1282 7.4112900999431001e-8
1283 7.4112900999431001e-8
1284 3.7056450499715500e-8
1285 3.7056450499715500e-8
1286 3.7056450499715500e-8
1287 3.7056450499715500e-8
1288 7.4112900999431001e-8
1289 3.7056450499715500e-8
1294 7.4112900999431001e-8
1296 7.4112900999431001e-8
1297 3.7056450499715500e-8
1301 7.4112900999431001e-8
1305 3.7056450499715500e-8
1306 7.4112900999431001e-8
1309 3.7056450499715500e-8
1310 3.7056450499715500e-8
1311 3.7056450499715500e-8
1313 3.7056450499715500e-8
1323 3.7056450499715500e-8
1331 3.7056450499715500e-8
1336 3.7056450499715500e-8
1338 3.7056450499715500e-8
1339 3.7056450499715500e-8
1340 3.7056450499715500e-8
1344 3.7056450499715500e-8
1348 3.7056450499715500e-8
1353 3.7056450499715500e-8
