1 0.91492647995878951
2 0.056100795245014927
3 0.013070409786545365
4 0.0052633948128560032
5 0.0027338416653478314
6 0.0016183148356754867
7 0.0010449889952867648
8 0.00073422205766492034
9 0.00053500273381631937
10 0.00039957921634519019
11 0.00031325084267746313
12 0.00024912553869057245
13 0.00019845894474994225
14 0.00016941246318117673
15 0.0001377300007370608
16 0.00011689561343381016
17 0.00009915343446510524
18 0.000085745416358755375
19 0.00007322450720084075
20 0.00006600090576358232
21 0.000060450138343373208
22 0.000050641247970674917
23 0.000045825513679169292
24 0.000040173362379139008
25 0.000036067315246381583
26 0.000034723978838751067
27 0.000030060320366977203
28 0.000027272263671894999
29 0.000025320623985337458
30 0.000024027979517617528
31 0.000022127031770970573
32 0.000020809041333295348
33 0.000017336643449420242
34 0.000017260605539554362
35 0.000016398842561074409
36 0.000014092359295142769
37 0.0000136361318359475
38 0.000013027828557020473
39 0.000012318141398272277
40 0.000011659146179434666
41 0.00001031580977180415
42 0.000011101534840418225
43 0.0000095300847031900747
44 0.0000086176297847995355
45 0.0000085162459049783641
46 0.0000077305208363642891
47 0.0000079586345659619231
48 0.0000070208336776160918
49 0.0000068687578578843355
50 0.0000064632223385996516
51 0.0000057028432399408686
52 0.0000063364924888231874
53 0.0000049424641412820865
54 0.0000051959238408350141
55 0.000005246615780745599
56 0.0000052719617507008919
57 0.000005043848021103257
58 0.0000042327769825338892
59 0.0000035991277336515705
60 0.0000034977438538303995
61 0.0000040046632529362544
62 0.0000041820850426233035
63 0.0000029654784847692517
64 0.0000033203220641433504
65 0.0000033203220641433504
66 0.0000032442841542774722
67 0.0000030668623645904227
68 0.0000030668623645904227
69 0.0000027627107251269098
70 0.0000026106349053951535
71 0.0000026359808753504459
72 0.0000026613268453057388
73 0.0000021037155062892982
74 0.0000022557913260210549
75 0.0000024078671457528111
76 0.0000021797534161551767
77 0.0000026106349053951535
78 0.0000019769856565128343
79 0.0000019516396865575419
80 0.0000020783695363340057
81 0.0000021037155062892982
82 0.0000020023316264681272
83 0.0000018249098367810781
84 0.0000018756017766916636
85 0.0000016981799870046142
86 0.00000202767759642342
87 0.0000015967961071834433
88 0.0000014447202874516868
89 0.0000015967961071834433
90 0.0000014193743174963939
91 0.000001216606557854052
92 0.0000010645307381222955
93 9.1245491839053904e-7
94 0.000001317990437675223
95 0.0000015207581973175649
96 0.0000013940283475411013
97 9.6314685830112453e-7
98 0.000001317990437675223
99 0.00000101383879821171
100 9.8849282825641717e-7
101 6.8434118879290423e-7
102 0.000001115222678032881
103 9.3780088834583179e-7
104 8.1107103856936806e-7
105 0.000001115222678032881
106 8.1107103856936806e-7
107 9.8849282825641717e-7
108 0.0000010645307381222955
109 6.3364924888231874e-7
110 9.8849282825641717e-7
111 7.8572506861407531e-7
112 8.1107103856936806e-7
113 7.3503312870348972e-7
114 0.0000010898767080775884
115 8.1107103856936806e-7
116 6.0830327892702599e-7
117 8.8710894843524629e-7
118 8.3641700852466080e-7
119 7.3503312870348972e-7
120 5.0691939910585501e-7
121 6.0830327892702599e-7
122 6.5899521883761148e-7
123 2.7880566950822025e-7
124 6.8434118879290423e-7
125 4.8157342915056227e-7
126 5.8295730897173325e-7
127 6.3364924888231874e-7
128 6.3364924888231874e-7
129 5.0691939910585501e-7
130 5.5761133901644050e-7
131 5.8295730897173325e-7
132 3.8018954932939123e-7
133 3.5484357937409849e-7
134 4.0553551928468403e-7
135 4.5622745919526952e-7
136 3.5484357937409849e-7
137 4.3088148923997677e-7
138 5.8295730897173325e-7
139 4.3088148923997677e-7
140 5.5761133901644050e-7
141 4.5622745919526952e-7
142 2.7880566950822025e-7
143 4.3088148923997677e-7
144 2.5345969955292751e-7
145 2.7880566950822025e-7
146 2.2811372959763476e-7
147 2.5345969955292751e-7
148 4.5622745919526952e-7
149 3.0415163946351300e-7
150 3.2949760941880574e-7
151 3.0415163946351300e-7
152 3.2949760941880574e-7
153 2.7880566950822025e-7
154 2.2811372959763476e-7
155 3.5484357937409849e-7
156 4.3088148923997677e-7
157 1.7742178968704924e-7
158 3.0415163946351300e-7
159 3.2949760941880574e-7
160 2.5345969955292751e-7
161 2.0276775964234201e-7
162 3.2949760941880574e-7
163 2.0276775964234201e-7
164 3.0415163946351300e-7
165 2.7880566950822025e-7
166 3.0415163946351300e-7
167 3.8018954932939123e-7
168 3.5484357937409849e-7
169 1.2672984977646375e-7
170 3.2949760941880574e-7
171 1.2672984977646375e-7
172 3.0415163946351300e-7
173 2.5345969955292751e-7
174 2.2811372959763476e-7
175 2.0276775964234201e-7
176 4.0553551928468403e-7
177 2.0276775964234201e-7
178 1.5207581973175650e-7
179 1.0138387982117101e-7
180 1.7742178968704924e-7
181 2.5345969955292751e-7
182 2.0276775964234201e-7
183 1.5207581973175650e-7
184 1.2672984977646375e-7
185 7.6037909865878249e-8
186 2.5345969955292752e-8
187 5.0691939910585504e-8
188 1.2672984977646375e-7
189 1.0138387982117101e-7
190 7.6037909865878249e-8
191 1.2672984977646375e-7
192 1.7742178968704924e-7
193 7.6037909865878249e-8
194 2.2811372959763476e-7
195 1.5207581973175650e-7
197 1.2672984977646375e-7
198 1.0138387982117101e-7
199 1.2672984977646375e-7
200 1.2672984977646375e-7
201 7.6037909865878249e-8
202 1.5207581973175650e-7
203 1.0138387982117101e-7
204 1.2672984977646375e-7
205 5.0691939910585504e-8
206 5.0691939910585504e-8
207 7.6037909865878249e-8
208 5.0691939910585504e-8
209 1.0138387982117101e-7
210 2.5345969955292751e-7
211 7.6037909865878249e-8
212 2.5345969955292752e-8
213 5.0691939910585504e-8
214 1.2672984977646375e-7
215 1.5207581973175650e-7
216 2.5345969955292752e-8
217 1.2672984977646375e-7
218 1.2672984977646375e-7
219 2.5345969955292752e-8
220 1.2672984977646375e-7
221 2.5345969955292752e-8
223 7.6037909865878249e-8
224 5.0691939910585504e-8
225 2.5345969955292752e-8
226 7.6037909865878249e-8
227 7.6037909865878249e-8
228 2.5345969955292752e-8
229 5.0691939910585504e-8
231 2.5345969955292752e-8
232 5.0691939910585504e-8
233 2.5345969955292752e-8
235 2.5345969955292752e-8
236 2.5345969955292752e-8
237 1.0138387982117101e-7
238 7.6037909865878249e-8
239 5.0691939910585504e-8
240 5.0691939910585504e-8
241 2.5345969955292752e-8
242 2.5345969955292752e-8
243 2.5345969955292752e-8
244 2.5345969955292752e-8
245 7.6037909865878249e-8
246 2.5345969955292752e-8
247 2.5345969955292752e-8
249 2.5345969955292752e-8
250 2.5345969955292752e-8
252 5.0691939910585504e-8
254 1.0138387982117101e-7
256 5.0691939910585504e-8
257 5.0691939910585504e-8
259 5.0691939910585504e-8
261 5.0691939910585504e-8
262 7.6037909865878249e-8
264 2.5345969955292752e-8
265 2.5345969955292752e-8
266 5.0691939910585504e-8
267 5.0691939910585504e-8
269 5.0691939910585504e-8
272 5.0691939910585504e-8
273 2.5345969955292752e-8
275 2.5345969955292752e-8
276 2.5345969955292752e-8
277 5.0691939910585504e-8
279 2.5345969955292752e-8
280 2.5345969955292752e-8
283 2.5345969955292752e-8
286 2.5345969955292752e-8
287 7.6037909865878249e-8
292 2.5345969955292752e-8
293 5.0691939910585504e-8
294 2.5345969955292752e-8
295 2.5345969955292752e-8
296 5.0691939910585504e-8
299 2.5345969955292752e-8
301 2.5345969955292752e-8
302 5.0691939910585504e-8
303 2.5345969955292752e-8
304 2.5345969955292752e-8
305 2.5345969955292752e-8
306 5.0691939910585504e-8
309 2.5345969955292752e-8
310 2.5345969955292752e-8
321 2.5345969955292752e-8
329 2.5345969955292752e-8
330 2.5345969955292752e-8
332 2.5345969955292752e-8
348 2.5345969955292752e-8
359 2.5345969955292752e-8
374 2.5345969955292752e-8
375 2.5345969955292752e-8
389 2.5345969955292752e-8
394 2.5345969955292752e-8
413 2.5345969955292752e-8
453 2.5345969955292752e-8
458 2.5345969955292752e-8
463 2.5345969955292752e-8
484 2.5345969955292752e-8
497 2.5345969955292752e-8
498 2.5345969955292752e-8
506 2.5345969955292752e-8
518 2.5345969955292752e-8
520 2.5345969955292752e-8
540 2.5345969955292752e-8
545 2.5345969955292752e-8
553 2.5345969955292752e-8
563 5.0691939910585504e-8
565 2.5345969955292752e-8
567 2.5345969955292752e-8
568 2.5345969955292752e-8
569 2.5345969955292752e-8
571 2.5345969955292752e-8
581 2.5345969955292752e-8
585 2.5345969955292752e-8
586 2.5345969955292752e-8
589 2.5345969955292752e-8
593 2.5345969955292752e-8
596 2.5345969955292752e-8
598 2.5345969955292752e-8
604 2.5345969955292752e-8
606 2.5345969955292752e-8
609 2.5345969955292752e-8
612 2.5345969955292752e-8
614 2.5345969955292752e-8
618 2.5345969955292752e-8
623 2.5345969955292752e-8
626 2.5345969955292752e-8
627 2.5345969955292752e-8
629 5.0691939910585504e-8
630 5.0691939910585504e-8
632 2.5345969955292752e-8
633 2.5345969955292752e-8
634 2.5345969955292752e-8
635 2.5345969955292752e-8
636 7.6037909865878249e-8
637 5.0691939910585504e-8
640 2.5345969955292752e-8
642 2.5345969955292752e-8
648 2.5345969955292752e-8
649 2.5345969955292752e-8
652 2.5345969955292752e-8
653 2.5345969955292752e-8
654 2.5345969955292752e-8
655 2.5345969955292752e-8
657 2.5345969955292752e-8
661 2.5345969955292752e-8
665 7.6037909865878249e-8
666 5.0691939910585504e-8
670 5.0691939910585504e-8
672 7.6037909865878249e-8
673 2.5345969955292752e-8
674 2.5345969955292752e-8
675 2.5345969955292752e-8
676 5.0691939910585504e-8
678 2.5345969955292752e-8
683 2.5345969955292752e-8
684 2.5345969955292752e-8
685 2.5345969955292752e-8
686 5.0691939910585504e-8
687 2.5345969955292752e-8
688 2.5345969955292752e-8
690 5.0691939910585504e-8
691 5.0691939910585504e-8
692 5.0691939910585504e-8
694 5.0691939910585504e-8
696 1.2672984977646375e-7
697 5.0691939910585504e-8
699 7.6037909865878249e-8
700 5.0691939910585504e-8
701 2.5345969955292752e-8
705 2.5345969955292752e-8
706 5.0691939910585504e-8
707 5.0691939910585504e-8
710 2.5345969955292752e-8
714 7.6037909865878249e-8
716 7.6037909865878249e-8
717 7.6037909865878249e-8
718 1.0138387982117101e-7
719 2.5345969955292752e-8
720 7.6037909865878249e-8
721 2.5345969955292752e-8
722 7.6037909865878249e-8
725 2.5345969955292752e-8
727 2.5345969955292752e-8
728 2.5345969955292752e-8
729 5.0691939910585504e-8
730 2.5345969955292752e-8
731 5.0691939910585504e-8
732 2.5345969955292752e-8
733 2.5345969955292752e-8
734 5.0691939910585504e-8
735 1.0138387982117101e-7
737 5.0691939910585504e-8
738 2.5345969955292752e-8
739 5.0691939910585504e-8
740 5.0691939910585504e-8
741 1.0138387982117101e-7
742 5.0691939910585504e-8
743 7.6037909865878249e-8
744 1.2672984977646375e-7
745 7.6037909865878249e-8
746 5.0691939910585504e-8
747 5.0691939910585504e-8
748 2.5345969955292752e-8
749 1.2672984977646375e-7
750 2.5345969955292752e-8
751 1.2672984977646375e-7
752 2.5345969955292752e-8
753 1.0138387982117101e-7
754 1.2672984977646375e-7
755 5.0691939910585504e-8
756 1.0138387982117101e-7
757 5.0691939910585504e-8
758 7.6037909865878249e-8
759 7.6037909865878249e-8
760 1.0138387982117101e-7
761 7.6037909865878249e-8
763 1.0138387982117101e-7
764 2.5345969955292752e-8
765 1.0138387982117101e-7
766 5.0691939910585504e-8
767 2.5345969955292752e-8
768 7.6037909865878249e-8
769 5.0691939910585504e-8
770 5.0691939910585504e-8
771 1.0138387982117101e-7
772 7.6037909865878249e-8
773 5.0691939910585504e-8
775 1.0138387982117101e-7
777 7.6037909865878249e-8
778 7.6037909865878249e-8
779 2.5345969955292752e-8
780 1.2672984977646375e-7
781 2.5345969955292752e-8
782 1.5207581973175650e-7
783 1.5207581973175650e-7
784 2.2811372959763476e-7
785 2.5345969955292752e-8
786 1.5207581973175650e-7
787 1.5207581973175650e-7
788 1.2672984977646375e-7
789 7.6037909865878249e-8
790 1.0138387982117101e-7
791 5.0691939910585504e-8
792 1.2672984977646375e-7
793 1.2672984977646375e-7
794 7.6037909865878249e-8
795 2.0276775964234201e-7
796 2.2811372959763476e-7
797 2.5345969955292752e-8
798 1.2672984977646375e-7
799 1.2672984977646375e-7
800 1.2672984977646375e-7
801 2.0276775964234201e-7
802 1.2672984977646375e-7
803 1.2672984977646375e-7
804 2.0276775964234201e-7
805 1.7742178968704924e-7
806 1.2672984977646375e-7
807 1.5207581973175650e-7
808 1.0138387982117101e-7
809 1.2672984977646375e-7
810 1.7742178968704924e-7
811 1.5207581973175650e-7
812 1.2672984977646375e-7
813 3.2949760941880574e-7
814 1.5207581973175650e-7
815 1.5207581973175650e-7
816 2.0276775964234201e-7
817 1.2672984977646375e-7
818 2.2811372959763476e-7
819 2.2811372959763476e-7
820 1.0138387982117101e-7
821 2.2811372959763476e-7
822 1.2672984977646375e-7
823 1.7742178968704924e-7
824 3.0415163946351300e-7
825 2.0276775964234201e-7
826 1.2672984977646375e-7
827 1.0138387982117101e-7
828 2.2811372959763476e-7
829 2.5345969955292751e-7
830 2.5345969955292751e-7
831 1.5207581973175650e-7
832 2.5345969955292751e-7
833 2.2811372959763476e-7
834 1.5207581973175650e-7
835 2.0276775964234201e-7
836 2.0276775964234201e-7
837 2.2811372959763476e-7
838 2.5345969955292751e-7
839 1.7742178968704924e-7
840 3.0415163946351300e-7
841 1.2672984977646375e-7
842 2.5345969955292751e-7
843 3.0415163946351300e-7
844 1.0138387982117101e-7
845 2.5345969955292751e-7
846 2.0276775964234201e-7
847 1.7742178968704924e-7
848 4.3088148923997677e-7
849 2.2811372959763476e-7
850 1.7742178968704924e-7
851 3.0415163946351300e-7
852 2.0276775964234201e-7
853 4.3088148923997677e-7
854 3.2949760941880574e-7
855 2.2811372959763476e-7
856 3.0415163946351300e-7
857 2.7880566950822025e-7
858 2.7880566950822025e-7
859 1.5207581973175650e-7
860 7.6037909865878249e-8
861 1.5207581973175650e-7
862 1.7742178968704924e-7
863 2.5345969955292751e-7
864 2.7880566950822025e-7
865 1.7742178968704924e-7
866 2.5345969955292751e-7
867 3.0415163946351300e-7
868 2.5345969955292751e-7
869 5.0691939910585504e-8
870 3.0415163946351300e-7
871 3.5484357937409849e-7
872 2.5345969955292751e-7
873 3.5484357937409849e-7
874 3.0415163946351300e-7
875 2.2811372959763476e-7
876 4.3088148923997677e-7
877 3.0415163946351300e-7
878 3.0415163946351300e-7
879 1.7742178968704924e-7
880 3.8018954932939123e-7
881 2.2811372959763476e-7
882 3.2949760941880574e-7
883 2.5345969955292751e-7
884 1.7742178968704924e-7
885 5.3226536906114776e-7
886 3.0415163946351300e-7
887 4.3088148923997677e-7
888 2.7880566950822025e-7
889 4.3088148923997677e-7
890 3.2949760941880574e-7
891 2.5345969955292751e-7
892 2.7880566950822025e-7
893 4.3088148923997677e-7
894 3.8018954932939123e-7
895 5.5761133901644050e-7
896 5.5761133901644050e-7
897 4.3088148923997677e-7
898 3.8018954932939123e-7
899 4.0553551928468403e-7
900 4.5622745919526952e-7
901 3.0415163946351300e-7
902 4.0553551928468403e-7
903 3.8018954932939123e-7
904 6.3364924888231874e-7
905 5.3226536906114776e-7
906 5.8295730897173325e-7
907 6.0830327892702599e-7
908 3.2949760941880574e-7
909 3.5484357937409849e-7
910 4.8157342915056227e-7
911 4.3088148923997677e-7
912 3.8018954932939123e-7
913 3.2949760941880574e-7
914 4.3088148923997677e-7
915 3.8018954932939123e-7
916 3.8018954932939123e-7
917 4.5622745919526952e-7
918 5.5761133901644050e-7
919 4.0553551928468403e-7
920 6.0830327892702599e-7
921 5.3226536906114776e-7
922 4.8157342915056227e-7
923 4.0553551928468403e-7
924 6.5899521883761148e-7
925 6.0830327892702599e-7
926 4.5622745919526952e-7
927 6.8434118879290423e-7
928 6.8434118879290423e-7
929 5.3226536906114776e-7
930 5.0691939910585501e-7
931 5.5761133901644050e-7
932 5.3226536906114776e-7
933 4.8157342915056227e-7
934 7.3503312870348972e-7
935 3.8018954932939123e-7
936 7.3503312870348972e-7
937 7.8572506861407531e-7
938 6.0830327892702599e-7
939 6.5899521883761148e-7
940 7.8572506861407531e-7
941 7.3503312870348972e-7
942 4.5622745919526952e-7
943 7.0968715874819697e-7
944 6.5899521883761148e-7
945 7.6037909865878246e-7
946 6.3364924888231874e-7
947 5.3226536906114776e-7
948 6.3364924888231874e-7
949 6.5899521883761148e-7
950 8.1107103856936806e-7
951 6.8434118879290423e-7
952 0.0000010391847681670029
953 8.3641700852466080e-7
954 5.8295730897173325e-7
955 7.0968715874819697e-7
956 5.8295730897173325e-7
957 8.6176297847995355e-7
958 6.0830327892702599e-7
959 6.8434118879290423e-7
960 8.1107103856936806e-7
961 5.8295730897173325e-7
962 4.5622745919526952e-7
963 6.8434118879290423e-7
964 9.8849282825641717e-7
965 8.1107103856936806e-7
966 8.1107103856936806e-7
967 7.0968715874819697e-7
968 6.8434118879290423e-7
969 9.8849282825641717e-7
970 7.3503312870348972e-7
971 8.1107103856936806e-7
972 8.3641700852466080e-7
973 6.5899521883761148e-7
974 7.8572506861407531e-7
975 9.8849282825641717e-7
976 7.3503312870348972e-7
977 8.8710894843524629e-7
978 7.8572506861407531e-7
979 0.0000011405686479881739
980 8.3641700852466080e-7
981 7.6037909865878246e-7
982 0.000001216606557854052
983 9.6314685830112453e-7
984 9.1245491839053904e-7
985 0.00000101383879821171
986 8.8710894843524629e-7
987 9.8849282825641717e-7
988 0.00000101383879821171
989 8.3641700852466080e-7
990 0.0000010645307381222955
991 9.1245491839053904e-7
992 0.000001216606557854052
993 0.000001216606557854052
994 8.1107103856936806e-7
995 0.0000010898767080775884
996 9.6314685830112453e-7
997 0.00000101383879821171
998 0.0000010898767080775884
999 8.8710894843524629e-7
1000 0.000001115222678032881
1001 0.00000101383879821171
1002 0.0000012926444677199303
1003 0.0000010898767080775884
1004 0.000001115222678032881
1005 9.8849282825641717e-7
1006 0.000001216606557854052
1007 0.0000010645307381222955
1008 0.0000013433364076305158
1009 0.0000014193743174963939
1010 0.0000011912605878987593
1011 9.6314685830112453e-7
1012 0.0000015714501372281506
1013 0.000001216606557854052
1014 0.0000012926444677199303
1015 9.6314685830112453e-7
1016 0.0000012672984977646375
1017 0.000001115222678032881
1018 0.0000011659146179434665
1019 0.0000014193743174963939
1020 0.0000014193743174963939
1021 0.0000016221420771387361
1022 0.0000013433364076305158
1023 0.0000012926444677199303
1024 0.0000012419525278093448
1025 0.0000011912605878987593
1026 0.0000012419525278093448
1027 0.0000015461041672728578
1028 0.0000011659146179434665
1029 0.00000101383879821171
1030 0.0000014447202874516868
1031 0.0000014700662574069794
1032 0.0000012926444677199303
1033 0.0000011405686479881739
1034 0.0000014193743174963939
1035 0.000001216606557854052
1036 0.0000012672984977646375
1037 0.0000014954122273622723
1038 0.0000015207581973175649
1039 0.0000011659146179434665
1040 0.000001115222678032881
1041 0.0000016474880470940288
1042 0.0000016474880470940288
1043 0.0000014193743174963939
1044 0.0000012926444677199303
1045 0.0000014193743174963939
1046 0.0000012926444677199303
1047 0.0000017235259569599071
1048 0.0000013686823775858085
1049 0.0000015967961071834433
1050 0.0000012672984977646375
1051 0.0000017742178968704926
1052 0.0000015714501372281506
1053 0.0000017742178968704926
1054 0.0000017488719269151997
1055 0.0000013686823775858085
1056 0.0000014700662574069794
1057 0.0000018756017766916636
1058 0.0000017235259569599071
1059 0.0000018502558067363707
1060 0.0000017995638668257852
1061 0.0000016474880470940288
1062 0.0000019009477466469562
1063 0.0000016474880470940288
1064 0.0000015714501372281506
1065 0.0000014447202874516868
1066 0.0000017488719269151997
1067 0.0000016728340170493216
1068 0.0000017235259569599071
1069 0.0000015967961071834433
1070 0.0000017235259569599071
1071 0.0000014700662574069794
1072 0.0000019769856565128343
1073 0.0000015461041672728578
1074 0.0000020783695363340057
1075 0.0000018502558067363707
1076 0.0000017995638668257852
1077 0.0000015461041672728578
1078 0.0000018756017766916636
1079 0.0000018756017766916636
1080 0.0000022811372959763477
1081 0.0000018249098367810781
1082 0.0000017488719269151997
1083 0.0000018502558067363707
1084 0.0000014954122273622723
1085 0.0000021544074461998839
1086 0.0000019262937166022491
1087 0.0000020783695363340057
1088 0.0000016728340170493216
1089 0.0000020023316264681272
1090 0.0000016221420771387361
1091 0.0000023064832659316401
1092 0.00000202767759642342
1093 0.0000016981799870046142
1094 0.0000020023316264681272
1095 0.000002129061476244591
1096 0.0000023064832659316401
1097 0.0000018756017766916636
1098 0.0000020530235663787129
1099 0.0000020023316264681272
1100 0.0000022050993861104692
1101 0.0000025345969955292749
1102 0.0000016728340170493216
1103 0.000002433213115708104
1104 0.0000018502558067363707
1105 0.0000018502558067363707
1106 0.0000022557913260210549
1107 0.0000019516396865575419
1108 0.0000020023316264681272
1109 0.000002331829235886933
1110 0.0000023064832659316401
1111 0.000002331829235886933
1112 0.0000022050993861104692
1113 0.0000016221420771387361
1114 0.0000022050993861104692
1115 0.0000024078671457528111
1116 0.0000022557913260210549
1117 0.000002230445356065762
1118 0.0000026613268453057388
1119 0.0000020023316264681272
1120 0.0000023064832659316401
1121 0.0000022811372959763477
1122 0.0000025599429654845678
1123 0.0000020783695363340057
1124 0.0000024585590856633968
1125 0.0000025852889354398606
1126 0.000002331829235886933
1127 0.0000024839050556186897
1128 0.0000021797534161551767
1129 0.0000023571752058422258
1130 0.0000028134026650374955
1131 0.0000021797534161551767
1132 0.0000025092510255739821
1133 0.0000024839050556186897
1134 0.0000024078671457528111
1135 0.0000026359808753504459
1136 0.0000021544074461998839
1137 0.0000024078671457528111
1138 0.0000028640946049480807
1139 0.000002331829235886933
1140 0.0000026359808753504459
1141 0.0000023571752058422258
1142 0.0000028894405749033736
1143 0.000002433213115708104
1144 0.0000024078671457528111
1145 0.0000029654784847692517
1146 0.0000025852889354398606
1147 0.0000024839050556186897
1148 0.0000025599429654845678
1149 0.0000028894405749033736
1150 0.0000022811372959763477
1151 0.0000023571752058422258
1152 0.0000020530235663787129
1153 0.0000027373647551716169
1154 0.0000029908244547245446
1155 0.000002331829235886933
1156 0.0000029654784847692517
1157 0.0000029147865448586664
1158 0.0000023825211757975187
1159 0.0000023064832659316401
1160 0.0000028387486349927879
1161 0.0000028640946049480807
1162 0.0000027627107251269098
1163 0.0000023825211757975187
1164 0.0000030922083345457156
1165 0.0000026866728152610316
1166 0.0000027627107251269098
1167 0.0000028134026650374955
1168 0.0000028640946049480807
1169 0.0000027120187852163245
1170 0.0000028134026650374955
1171 0.0000029147865448586664
1172 0.0000028134026650374955
1173 0.0000028134026650374955
1174 0.0000031429002744563013
1175 0.0000028387486349927879
1176 0.0000031429002744563013
1177 0.0000028894405749033736
1178 0.0000029401325148139589
1179 0.0000026359808753504459
1180 0.0000034217059439645213
1181 0.0000028387486349927879
1182 0.0000027120187852163245
1183 0.0000028387486349927879
1184 0.0000028894405749033736
1185 0.0000021797534161551767
1186 0.0000026359808753504459
1187 0.0000026359808753504459
1188 0.0000029147865448586664
1189 0.0000025599429654845678
1190 0.0000028134026650374955
1191 0.0000028640946049480807
1192 0.0000028134026650374955
1193 0.0000026866728152610316
1194 0.0000028387486349927879
1195 0.0000027627107251269098
1196 0.0000027373647551716169
1197 0.0000028387486349927879
1198 0.0000025345969955292749
1199 0.0000029908244547245446
1200 0.0000030668623645904227
1201 0.0000029908244547245446
1202 0.0000027120187852163245
1203 0.0000031429002744563013
1204 0.0000030415163946351299
1205 0.0000028640946049480807
1206 0.00000377654952333862
1207 0.0000027120187852163245
1208 0.0000030922083345457156
1209 0.0000032189381843221794
1210 0.0000032442841542774722
1211 0.0000030922083345457156
1212 0.0000031429002744563013
1213 0.0000029908244547245446
1214 0.0000030668623645904227
1215 0.0000029654784847692517
1216 0.0000032949760941880575
1217 0.0000031682462444115937
1218 0.0000028134026650374955
1219 0.0000027627107251269098
1220 0.0000031682462444115937
1221 0.0000029401325148139589
1222 0.0000031682462444115937
1223 0.0000027880566950822026
1224 0.0000031682462444115937
1225 0.0000029908244547245446
1226 0.0000032442841542774722
1227 0.0000032949760941880575
1228 0.0000032189381843221794
1229 0.0000031935922143668865
1230 0.0000028640946049480807
1231 0.0000029401325148139589
1232 0.0000027373647551716169
1233 0.0000035484357937409852
1234 0.0000032442841542774722
1235 0.0000027627107251269098
1236 0.0000031682462444115937
1237 0.0000032189381843221794
1238 0.0000028640946049480807
1239 0.0000031682462444115937
1240 0.0000031429002744563013
1241 0.0000029908244547245446
1242 0.0000031682462444115937
1243 0.0000031935922143668865
1244 0.0000028387486349927879
1245 0.0000031175543045010084
1246 0.0000029654784847692517
1247 0.0000027627107251269098
1248 0.0000031682462444115937
1249 0.0000032949760941880575
1250 0.0000034723978838751066
1251 0.0000029654784847692517
1252 0.0000037258575834280343
1253 0.0000035484357937409852
1254 0.0000030922083345457156
1255 0.0000034217059439645213
1256 0.0000024585590856633968
1257 0.0000029908244547245446
1258 0.000002433213115708104
1259 0.0000028894405749033736
1260 0.0000026359808753504459
1261 0.0000030668623645904227
1262 0.0000030668623645904227
1263 0.0000032189381843221794
1264 0.0000033203220641433504
1265 0.0000032189381843221794
1266 0.0000028134026650374955
1267 0.0000029401325148139589
1268 0.0000028387486349927879
1269 0.0000031935922143668865
1270 0.0000036498196735621562
1271 0.0000029908244547245446
1272 0.0000029908244547245446
1273 0.0000030922083345457156
1274 0.0000028894405749033736
1275 0.0000026359808753504459
1276 0.0000034977438538303995
1277 0.0000031935922143668865
1278 0.0000027880566950822026
1279 0.0000036498196735621562
1280 0.0000030415163946351299
1281 0.0000033203220641433504
1282 0.0000034977438538303995
1283 0.0000034470519139198142
1284 0.0000026866728152610316
1285 0.0000029147865448586664
1286 0.0000027627107251269098
1287 0.0000031175543045010084
1288 0.0000034723978838751066
1289 0.0000031429002744563013
1290 0.0000032189381843221794
1291 0.0000032696301242327647
1292 0.0000033963599740092285
1293 0.0000030668623645904227
1294 0.0000029908244547245446
1295 0.0000031935922143668865
1296 0.0000032442841542774722
1297 0.0000030922083345457156
1298 0.0000031682462444115937
1299 0.0000029401325148139589
1300 0.0000030161704246798374
1301 0.0000034217059439645213
1302 0.0000033963599740092285
1303 0.0000030161704246798374
1304 0.0000034977438538303995
1305 0.0000027880566950822026
1306 0.0000035991277336515705
1307 0.0000028640946049480807
1308 0.0000033710140040539356
1309 0.0000030161704246798374
1310 0.0000035230898237856923
1311 0.0000024078671457528111
1312 0.0000035230898237856923
1313 0.0000027120187852163245
1314 0.0000031175543045010084
1315 0.0000037258575834280343
1316 0.0000025345969955292749
1317 0.0000030161704246798374
1318 0.0000029654784847692517
1319 0.0000027373647551716169
1320 0.0000031682462444115937
1321 0.0000035484357937409852
1322 0.0000037005116134727414
1323 0.0000029908244547245446
1324 0.0000028640946049480807
1325 0.0000027880566950822026
1326 0.0000027120187852163245
1327 0.0000031175543045010084
1328 0.0000034470519139198142
1329 0.0000030415163946351299
1330 0.0000024078671457528111
1331 0.0000029147865448586664
1332 0.0000025852889354398606
1333 0.0000028134026650374955
1334 0.0000025852889354398606
1335 0.0000027627107251269098
1336 0.0000026613268453057388
1337 0.0000024078671457528111
1338 0.0000030922083345457156
1339 0.0000023825211757975187
1340 0.0000030922083345457156
1341 0.0000023825211757975187
1342 0.0000031682462444115937
1343 0.0000028894405749033736
1344 0.0000025599429654845678
1345 0.0000029401325148139589
1346 0.0000025345969955292749
1347 0.0000025092510255739821
1348 0.0000024078671457528111
1349 0.0000030415163946351299
1350 0.0000021544074461998839
1351 0.0000024839050556186897
1352 0.0000025092510255739821
1353 0.0000026613268453057388
1354 0.0000025092510255739821
1355 0.0000027627107251269098
1356 0.0000029401325148139589
1357 0.0000028387486349927879
1358 0.0000027627107251269098
1359 0.0000025092510255739821
1360 0.000002433213115708104
1361 0.0000026106349053951535
1362 0.0000024078671457528111
1363 0.0000030161704246798374
1364 0.0000026359808753504459
1365 0.0000024839050556186897
1366 0.0000027880566950822026
1367 0.000002433213115708104
1368 0.0000028640946049480807
1369 0.0000025852889354398606
1370 0.0000023064832659316401
1371 0.0000023571752058422258
1372 0.0000026359808753504459
1373 0.0000024078671457528111
1374 0.0000024078671457528111
1375 0.0000024839050556186897
1376 0.0000021797534161551767
1377 0.0000023825211757975187
1378 0.0000026106349053951535
1379 0.0000024078671457528111
1380 0.0000029908244547245446
1381 0.0000019769856565128343
1382 0.0000024078671457528111
1383 0.0000024839050556186897
1384 0.0000019262937166022491
1385 0.0000024839050556186897
1386 0.0000022050993861104692
1387 0.0000025092510255739821
1388 0.0000023825211757975187
1389 0.0000022557913260210549
1390 0.0000020530235663787129
1391 0.0000028134026650374955
1392 0.0000019769856565128343
1393 0.0000015714501372281506
1394 0.0000022811372959763477
1395 0.000002129061476244591
1396 0.0000024585590856633968
1397 0.0000021797534161551767
1398 0.0000019516396865575419
1399 0.0000021797534161551767
1400 0.0000021544074461998839
1401 0.0000020023316264681272
1402 0.000002331829235886933
1403 0.0000022557913260210549
1404 0.0000021037155062892982
1405 0.0000020783695363340057
1406 0.0000021037155062892982
1407 0.0000020783695363340057
1408 0.0000021797534161551767
1409 0.0000018502558067363707
1410 0.0000022050993861104692
1411 0.0000018502558067363707
1412 0.0000016728340170493216
1413 0.0000016981799870046142
1414 0.0000019769856565128343
1415 0.0000015714501372281506
1416 0.0000019769856565128343
1417 0.0000019262937166022491
1418 0.0000013686823775858085
1419 0.0000015461041672728578
1420 0.0000020023316264681272
1421 0.00000202767759642342
1422 0.0000018249098367810781
1423 0.0000015714501372281506
1424 0.0000015714501372281506
1425 0.0000020023316264681272
1426 0.0000016728340170493216
1427 0.0000016981799870046142
1428 0.0000017235259569599071
1429 0.0000020023316264681272
1430 0.0000013940283475411013
1431 0.0000015714501372281506
1432 0.0000016474880470940288
1433 0.0000015461041672728578
1434 0.0000015207581973175649
1435 0.0000018502558067363707
1436 0.000001317990437675223
1437 0.0000020023316264681272
1438 0.0000016981799870046142
1439 0.0000016728340170493216
1440 0.0000013686823775858085
1441 0.0000011912605878987593
1442 0.0000014700662574069794
1443 0.0000017995638668257852
1444 0.0000016981799870046142
1445 0.0000017235259569599071
1446 0.0000015207581973175649
1447 0.0000014193743174963939
1448 0.0000016221420771387361
1449 0.0000017995638668257852
1450 0.0000014700662574069794
1451 0.000001317990437675223
1452 0.0000012926444677199303
1453 0.000001216606557854052
1454 0.0000010645307381222955
1455 0.0000012419525278093448
1456 0.0000010645307381222955
1457 0.0000015461041672728578
1458 0.0000014447202874516868
1459 0.000001115222678032881
1460 0.0000015207581973175649
1461 9.6314685830112453e-7
1462 0.0000010391847681670029
1463 9.8849282825641717e-7
1464 0.0000012672984977646375
1465 0.0000010645307381222955
1466 0.000001216606557854052
1467 0.0000013940283475411013
1468 8.1107103856936806e-7
1469 0.0000010898767080775884
1470 8.8710894843524629e-7
1471 0.0000011912605878987593
1472 0.0000010898767080775884
1473 8.6176297847995355e-7
1474 0.0000010898767080775884
1475 9.8849282825641717e-7
1476 0.0000012926444677199303
1477 8.3641700852466080e-7
1478 0.00000101383879821171
1479 0.0000010645307381222955
1480 0.00000101383879821171
1481 8.8710894843524629e-7
1482 7.6037909865878246e-7
1483 7.0968715874819697e-7
1484 8.8710894843524629e-7
1485 0.0000011659146179434665
1486 0.0000010391847681670029
1487 6.5899521883761148e-7
1488 8.3641700852466080e-7
1489 7.3503312870348972e-7
1490 9.3780088834583179e-7
1491 8.1107103856936806e-7
1492 7.3503312870348972e-7
1493 6.5899521883761148e-7
1494 0.0000010898767080775884
1495 6.5899521883761148e-7
1496 5.5761133901644050e-7
1497 8.1107103856936806e-7
1498 6.0830327892702599e-7
1499 8.1107103856936806e-7
1500 7.3503312870348972e-7
1501 7.8572506861407531e-7
1502 6.0830327892702599e-7
1503 7.8572506861407531e-7
1504 6.3364924888231874e-7
1505 6.8434118879290423e-7
1506 5.3226536906114776e-7
1507 8.1107103856936806e-7
1508 7.0968715874819697e-7
1509 7.6037909865878246e-7
1510 5.5761133901644050e-7
1511 6.3364924888231874e-7
1512 4.8157342915056227e-7
1513 4.5622745919526952e-7
1514 6.0830327892702599e-7
1515 4.5622745919526952e-7
1516 5.5761133901644050e-7
1517 8.1107103856936806e-7
1518 5.8295730897173325e-7
1519 4.5622745919526952e-7
1520 3.5484357937409849e-7
1521 5.0691939910585501e-7
1522 5.5761133901644050e-7
1523 3.8018954932939123e-7
1524 5.5761133901644050e-7
1525 3.8018954932939123e-7
1526 3.2949760941880574e-7
1527 3.5484357937409849e-7
1528 6.3364924888231874e-7
1529 5.0691939910585501e-7
1530 4.5622745919526952e-7
1531 4.5622745919526952e-7
1532 3.2949760941880574e-7
1533 3.0415163946351300e-7
1534 4.5622745919526952e-7
1535 4.0553551928468403e-7
1536 5.5761133901644050e-7
1537 3.2949760941880574e-7
1538 3.8018954932939123e-7
1539 5.3226536906114776e-7
1540 2.5345969955292751e-7
1541 3.5484357937409849e-7
1542 3.2949760941880574e-7
1543 4.0553551928468403e-7
1544 4.0553551928468403e-7
1545 4.0553551928468403e-7
1546 2.7880566950822025e-7
1547 3.8018954932939123e-7
1548 3.5484357937409849e-7
1549 3.2949760941880574e-7
1550 3.2949760941880574e-7
1551 2.2811372959763476e-7
1552 2.0276775964234201e-7
1553 1.2672984977646375e-7
1554 1.5207581973175650e-7
1555 3.0415163946351300e-7
1556 3.0415163946351300e-7
1557 2.7880566950822025e-7
1558 2.5345969955292751e-7
1559 2.5345969955292751e-7
1560 1.7742178968704924e-7
1561 1.5207581973175650e-7
1562 2.7880566950822025e-7
1563 1.5207581973175650e-7
1564 2.7880566950822025e-7
1565 7.6037909865878249e-8
1566 1.7742178968704924e-7
1567 1.2672984977646375e-7
1568 2.5345969955292751e-7
1569 3.0415163946351300e-7
1570 2.0276775964234201e-7
1571 2.0276775964234201e-7
1572 1.5207581973175650e-7
1573 1.7742178968704924e-7
1574 1.5207581973175650e-7
1575 7.6037909865878249e-8
1576 1.2672984977646375e-7
1577 1.7742178968704924e-7
1578 1.7742178968704924e-7
1579 2.0276775964234201e-7
1580 1.2672984977646375e-7
1581 7.6037909865878249e-8
1582 1.2672984977646375e-7
1583 1.2672984977646375e-7
1584 1.2672984977646375e-7
1585 5.0691939910585504e-8
1586 7.6037909865878249e-8
1587 2.0276775964234201e-7
1588 1.0138387982117101e-7
1589 7.6037909865878249e-8
1590 7.6037909865878249e-8
1591 1.2672984977646375e-7
1592 1.0138387982117101e-7
1593 1.0138387982117101e-7
1594 1.0138387982117101e-7
1595 5.0691939910585504e-8
1596 1.0138387982117101e-7
1597 7.6037909865878249e-8
1598 1.7742178968704924e-7
1599 5.0691939910585504e-8
1600 1.0138387982117101e-7
1601 2.5345969955292752e-8
1602 5.0691939910585504e-8
1603 7.6037909865878249e-8
1604 1.2672984977646375e-7
1605 7.6037909865878249e-8
1606 1.0138387982117101e-7
1607 1.0138387982117101e-7
1608 5.0691939910585504e-8
1609 7.6037909865878249e-8
1610 5.0691939910585504e-8
1611 1.2672984977646375e-7
1612 5.0691939910585504e-8
1613 5.0691939910585504e-8
1614 5.0691939910585504e-8
1615 2.5345969955292752e-8
1616 2.5345969955292752e-8
1618 2.5345969955292752e-8
1619 2.5345969955292752e-8
1620 2.5345969955292752e-8
1621 2.5345969955292752e-8
1622 2.5345969955292752e-8
1623 5.0691939910585504e-8
1624 7.6037909865878249e-8
1625 2.5345969955292752e-8
1629 2.5345969955292752e-8
1630 2.5345969955292752e-8
1631 2.5345969955292752e-8
1633 1.0138387982117101e-7
1635 2.5345969955292752e-8
1636 2.5345969955292752e-8
1638 2.5345969955292752e-8
1639 2.5345969955292752e-8
1640 2.5345969955292752e-8
1650 2.5345969955292752e-8
1651 2.5345969955292752e-8
1653 2.5345969955292752e-8
1655 2.5345969955292752e-8
1660 7.6037909865878249e-8
1662 5.0691939910585504e-8
