f,num_active_particles,num_deleted_particles,total_deleted_rods,avalanche_sizes
0,199584,0,0,"0"
148.61650267664021,199581,3,1,"1"
204.41335233116749,199580,4,1,"1"
263.1061419548862,199579,5,1,"1"
310.45211496966448,199578,6,1,"1"
361.03961834980083,199577,7,1,"1"
399.81597613975413,199576,8,1,"1"
442.92268928107296,199558,26,1,"1"
459.90256934185112,199557,27,1,"1"
489.10769284243298,199556,28,1,"1"
501.98910352241307,199555,29,1,"1"
513.13729967884819,199554,30,1,"1"
521.03163123124432,199551,33,1,"1"
537.02369185365808,199550,34,1,"1"
541.27205279430939,199532,52,1,"1"
572.50048881088287,199514,70,1,"1"
590.40436472224462,199507,77,3,"3"
598.38384607802425,199506,78,1,"1"
613.1607894312142,199505,79,1,"1"
643.90708059535712,199496,88,1,"1"
662.55942419906364,199495,89,1,"1"
678.34753398008866,199494,90,1,"1"
691.63716367395443,199493,91,1,"1"
693.38919073679801,199492,92,1,"1"
712.54988536710505,199487,97,1,"1"
724.23399988985818,199469,115,1,"1"
728.52933592204806,199468,116,1,"1"
751.16146674870595,199467,117,1,"1"
789.92713136299494,199466,118,1,"1"
791.30088668022915,199465,119,1,"1"
796.66118286473852,199464,120,1,"1"
803.83733807874239,199463,121,1,"1"
808.65079381483508,199462,122,1,"1"
809.44025601597025,199461,123,1,"1"
830.81754378196592,199460,124,1,"1"
831.75072076496463,199459,125,1,"1"
858.01789905619216,199458,126,1,"1"
880.02525142460763,199457,127,1,"1"
884.07924544038769,199439,145,1,"1"
894.25947769979996,199438,146,1,"1"
907.01268013980382,199437,147,1,"1"
917.76857110485923,199436,148,1,"1"
920.58313436300625,199435,149,1,"1"
922.30134190545391,199417,167,1,"1"
944.72736767414904,199416,168,1,"1"
968.00740161969497,199413,171,1,"1"
970.7230746015199,199412,172,1,"1"
978.14934945944492,199394,190,1,"1"
989.11181147775312,199393,191,1,"1"
1045.1309481759793,199392,192,1,"1"
1079.4400915414376,199389,195,1,"1"
1092.1782778530401,199387,197,2,"1-1"
1097.7989998978508,199369,215,1,"1"
1142.9773382218023,199351,233,1,"1"
1146.7379036276325,199350,234,1,"1"
1162.3155459614268,199349,235,1,"1"
1178.4858589878879,199348,236,1,"1"
1197.1660583645028,199347,237,1,"1"
1203.9442677003615,199345,239,2,"2"
1208.4713899343699,199344,240,1,"1"
1212.7952063329572,199326,258,1,"1"
1223.3319924044347,199325,259,1,"1"
1225.7150311055193,199324,260,1,"1"
1243.7376030914575,199323,261,1,"1"
1274.0444944829883,199305,279,1,"1"
1274.6332430904263,199303,281,2,"2"
1284.1448630624056,199302,282,1,"1"
1286.6158782091914,199301,283,1,"1"
1292.678844884683,199300,284,1,"1"
1304.5033209525548,199298,286,2,"2"
1318.0181142723818,199297,287,1,"1"
1336.0322089766246,199288,296,5,"4-1"
1350.207853113342,199270,314,1,"1"
1358.0585096035818,199268,316,2,"2"
1359.4479939051153,199266,318,2,"1-1"
1376.0942771948212,199264,320,2,"2"
1383.26851410155,199263,321,1,"1"
1386.9010964378335,199262,322,1,"1"
1387.3390932403358,199259,325,1,"1"
1427.3520008696155,199258,326,1,"1"
1438.8727576314648,199256,328,2,"1-1"
1452.6741511793239,199246,338,1,"1"
1465.9066903375222,199245,339,1,"1"
1466.452626945967,199244,340,1,"1"
1467.3648006537403,199243,341,1,"1"
1492.8016292849666,199242,342,1,"1"
1497.155889072526,199224,360,1,"1"
1499.8185806526594,199206,378,1,"1"
1500.2711336649593,199205,379,1,"1"
1515.4292155959201,199204,380,1,"1"
1530.186037616387,199202,382,2,"2"
1530.2210410665705,199197,387,1,"1"
1534.2759104641923,199179,405,1,"1"
1545.066648414775,199178,406,1,"1"
1545.993748719706,199177,407,1,"1"
1564.4017351949988,199174,410,1,"1"
1575.0393803793665,199173,411,1,"1"
1583.0920835503862,199162,422,3,"2-1"
1587.6279272765642,199144,440,1,"1"
1590.7915711342214,199138,446,2,"2"
1592.9886303138508,199126,458,1,"1"
1608.0577482912854,199125,459,1,"1"
1612.6059664814254,199124,460,1,"1"
1632.6345586958485,199107,477,1,"1"
1643.529022152554,199104,480,1,"1"
1646.3509149873355,199103,481,1,"1"
1652.2362659143494,199093,491,1,"1"
1652.2509136429114,199092,492,1,"1"
1659.271442852842,199082,502,1,"1"
1667.2593048105841,199081,503,1,"1"
1688.5935933509231,199080,504,1,"1"
1690.9909644758127,199077,507,3,"2-1"
1693.6737682412818,199073,511,4,"4"
1702.8530868618807,199071,513,2,"1-1"
1720.0056051557112,199069,515,2,"1-1"
1722.108098868244,199055,529,1,"1"
1723.6472636049391,199050,534,1,"1"
1725.8247135231184,199049,535,1,"1"
1730.5826220808435,199040,544,1,"1"
1752.6411592632776,199038,546,2,"2"
1765.294877835252,199028,556,1,"1"
1784.7633421062465,199026,558,2,"2"
1796.7812930279451,199024,560,2,"2"
1801.587176912614,199022,562,2,"1-1"
1803.4414203682045,199021,563,1,"1"
1817.0192471257224,199020,564,1,"1"
1822.1678885453566,199019,565,1,"1"
1822.4735012679823,199018,566,1,"1"
1824.8611484060032,199017,567,1,"1"
1826.8121720230529,199016,568,1,"1"
1835.9491650202469,199015,569,1,"1"
1881.366469415555,199012,572,1,"1"
1886.9196646516375,198994,590,1,"1"
1911.4985001810473,198974,610,4,"3-1"
1914.9887064558575,198956,628,1,"1"
1983.7060938906614,198937,647,3,"3"
1985.9805631483523,198919,665,1,"1"
1990.961288724171,198914,670,1,"1"
1994.2599914167147,198909,675,5,"5"
2001.3908290467784,198906,678,3,"3"
2004.8562563686476,198901,683,1,"1"
2024.5294764714761,198883,701,1,"1"
2028.444612926236,198882,702,1,"1"
2028.5512834060185,198864,720,1,"1"
2096.1085535743077,198863,721,1,"1"
2127.2178874352931,198858,726,1,"1"
2130.3077832842937,198857,727,1,"1"
2131.5044618016695,198855,729,2,"2"
2148.6654546557629,198852,732,1,"1"
2182.036174803839,198850,734,2,"1-1"
2186.4012689883843,198832,752,1,"1"
2195.5062629472131,198814,770,1,"1"
2224.0168122154446,198796,788,1,"1"
2251.3405495139245,198782,802,1,"1"
2262.2240169105603,198777,807,1,"1"
2293.5243864766235,198776,808,1,"1"
2339.0830923869812,198771,813,1,"1"
2347.0988946208563,198753,831,1,"1"
2355.7183495962527,198752,832,1,"1"
2368.4006249333597,198738,846,1,"1"
2384.3039736401333,198732,852,2,"2"
2399.1707070527045,198714,870,1,"1"
2402.9244036472728,198704,880,1,"1"
2404.7850093153766,198691,893,1,"1"
2411.4313423377976,198673,911,1,"1"
2424.4840936433511,198655,929,1,"1"
2440.4534812134943,198654,930,1,"1"
2444.8337080661563,198636,948,1,"1"
2453.6207087439911,198633,951,3,"3"
2460.8390472369492,198615,969,1,"1"
2463.5373689416383,198608,976,3,"2-1"
2467.1313583421734,198590,994,1,"1"
2473.5349708914619,198572,1012,1,"1"
2504.7183749997121,198568,1016,2,"1-1"
2505.8120619007695,198550,1034,1,"1"
2506.3343517001395,198532,1052,1,"1"
2508.8825690332528,198523,1061,1,"1"
2527.2427477188057,198522,1062,1,"1"
2531.708524543516,198508,1076,2,"2"
2532.7734215793362,198498,1086,1,"1"
2533.5165647062931,198497,1087,1,"1"
2553.5862811919224,198491,1093,2,"2"
2586.2817160559407,198488,1096,1,"1"
2597.6681037675162,198470,1114,1,"1"
2608.8226781309854,198452,1132,1,"1"
2628.1096065632264,198447,1137,1,"1"
2644.9269525091245,198445,1139,2,"2"
2653.9962211878756,198444,1140,1,"1"
2668.8231220611028,198426,1158,1,"1"
2674.3927731735757,198408,1176,1,"1"
2701.0179895425099,198390,1194,1,"1"
2749.3753054456301,198380,1204,1,"1"
2769.5917394234552,198366,1218,1,"1"
2770.3186379482918,198348,1236,1,"1"
2802.085335942073,198330,1254,1,"1"
2817.9031785019038,198312,1272,1,"1"
2818.1629224402254,198307,1277,1,"1"
2821.3904229520781,198289,1295,1,"1"
2842.2037096717613,198275,1309,2,"2"
2870.7170134517146,198266,1318,1,"1"
2878.6795768530837,198248,1336,1,"1"
2895.515051678804,198230,1354,1,"1"
2898.0487230864228,198200,1384,3,"2-1"
2898.4198534752459,198182,1402,1,"1"
2916.9575362654555,198146,1438,2,"2"
2962.7478268005748,198137,1447,1,"1"
2997.0139830799276,198123,1461,1,"1"
3000.4965257490298,198105,1479,1,"1"
3009.9572246052735,198082,1502,3,"1-1-1"
3021.1177561997356,198064,1520,1,"1"
3060.778344731882,198046,1538,1,"1"
3068.4313357556812,198035,1549,3,"2-1"
3089.0401069443751,198017,1567,1,"1"
3119.0713333331387,198014,1570,1,"1"
3131.2299962479633,197996,1588,1,"1"
3131.6500111170885,197978,1606,1,"1"
3139.3820802343225,197973,1611,1,"1"
3145.0737933908349,197955,1629,1,"1"
3157.9547846388364,197942,1642,3,"3"
3164.9249400470644,197924,1660,1,"1"
3175.0186210253519,197919,1665,1,"1"
3184.7837674696334,197914,1670,1,"1"
3206.1522069134144,197909,1675,1,"1"
3294.1667783258281,197904,1680,1,"1"
3318.0374038001178,197886,1698,1,"1"
3364.1069019993915,197876,1708,1,"1"
3370.122590767493,197867,1717,3,"3"
3371.6429868200375,197839,1745,2,"2"
3374.1405303657725,197834,1750,1,"1"
3379.2111560337812,197816,1768,1,"1"
3380.3127931824056,197811,1773,1,"1"
3405.5711290092459,197793,1791,1,"1"
3437.7319671837395,197787,1797,2,"1-1"
3438.0223195693748,197769,1815,1,"1"
3444.7140176985145,197764,1820,1,"1"
3466.8255307267073,197746,1838,1,"1"
3470.7913383372761,197722,1862,2,"2"
3474.0311563524451,197704,1880,1,"1"
3476.9513286442616,197699,1885,1,"1"
3488.0397972802984,197689,1895,1,"1"
3502.2223021396512,197674,1910,3,"1-1-1"
3506.7155783010103,197656,1928,1,"1"
3514.1305476624925,197638,1946,1,"1"
3520.3403331635177,197620,1964,1,"1"
3561.4145068837415,197611,1973,1,"1"
3584.0999330292593,197593,1991,1,"1"
3593.5321046533595,197588,1996,1,"1"
3611.2105887019457,197583,2001,1,"1"
3614.3956922605817,197565,2019,1,"1"
3624.9530487663642,197555,2029,1,"1"
3627.911160946192,197526,2058,7,"5-2"
3638.3689152882143,197508,2076,1,"1"
3646.0276374008222,197505,2079,1,"1"
3649.0884833461223,197499,2085,2,"2"
3655.794203774225,197481,2103,1,"1"
3663.8864450359629,197476,2108,1,"1"
3666.4429164873541,197471,2113,1,"1"
3683.7856885012093,197453,2131,1,"1"
3704.2497633044163,197435,2149,1,"1"
3713.9638732643293,197432,2152,1,"1"
3714.0672108460176,197414,2170,1,"1"
3724.5263101542419,197396,2188,1,"1"
3743.1666789707779,197378,2206,1,"1"
3766.9805620374127,197350,2234,2,"1-1"
3771.0869298159791,197332,2252,1,"1"
3777.7543940947644,197322,2262,1,"1"
3780.2592282284481,197289,2295,5,"4-1"
3783.7436817981957,197279,2305,2,"2"
3848.339799949174,197261,2323,1,"1"
3855.9882379020619,197243,2341,1,"1"
3865.8145267477976,197225,2359,1,"1"
3891.2120439743812,197207,2377,1,"1"
3899.9245947856884,197189,2395,1,"1"
3924.079846116806,197174,2410,3,"2-1"
3937.3635186482161,197156,2428,1,"1"
3945.2509803045104,197138,2446,1,"1"
3953.8631674589292,197120,2464,1,"1"
3967.969091627162,197106,2478,2,"2"
3972.315722798869,197088,2496,1,"1"
3996.7291596636232,197070,2514,1,"1"
3997.2051091988351,197022,2562,6,"5-1"
4001.0829651759909,197004,2580,1,"1"
4002.2363438399661,196992,2592,1,"1"
4023.3579461394893,196987,2597,1,"1"
4033.3939599873347,196981,2603,2,"2"
4047.0400433834188,196971,2613,2,"2"
4054.8945085772002,196953,2631,1,"1"
4094.029517582288,196935,2649,1,"1"
4106.5619731051247,196930,2654,1,"1"
4129.2592584392132,196912,2672,1,"1"
4131.7801970915561,196909,2675,1,"1"
4134.4290653149956,196891,2693,1,"1"
4138.3489283382914,196881,2703,1,"1"
4150.2726174509926,196863,2721,1,"1"
4176.9598766175068,196860,2724,1,"1"
4193.825015133204,196842,2742,1,"1"
4226.9265207188109,196824,2760,1,"1"
4227.7916523925105,196819,2765,1,"1"
4242.4478934769977,196801,2783,1,"1"
4252.462278712459,196796,2788,1,"1"
4261.9699892614171,196778,2806,1,"1"
4294.0534868867471,196775,2809,1,"1"
4311.4729038962723,196770,2814,1,"1"
4325.5419228009087,196758,2826,1,"1"
4333.5009754437315,196744,2840,1,"1"
4354.4333989663919,196734,2850,1,"1"
4365.9998059843274,196724,2860,2,"2"
4391.6362566732269,196715,2869,1,"1"
4395.0871228551168,196691,2893,4,"3-1"
4398.3654271541354,196686,2898,1,"1"
4399.4232508108398,196676,2908,1,"1"
4419.94833003451,196666,2918,1,"1"
4428.484029346977,196648,2936,1,"1"
4435.1745813215757,196632,2952,1,"1"
4470.9498686151264,196615,2969,1,"1"
4473.6155430182635,196601,2983,1,"1"
4474.2796829842628,196598,2986,1,"1"
4475.3439505353808,196580,3004,1,"1"
4495.3850757210366,196542,3042,5,"5"
4498.4522754622894,196534,3050,2,"1-1"
4498.6029106235101,196498,3086,2,"2"
4507.9333265231544,196480,3104,1,"1"
4518.1189202144878,196466,3118,1,"1"
4520.204037024575,196448,3136,1,"1"
4526.9811772625644,196430,3154,1,"1"
4529.4000022538812,196412,3172,1,"1"
4534.5826904511196,196407,3177,1,"1"
4560.8519412746482,196389,3195,1,"1"
4561.0620832949589,196371,3213,1,"1"
4563.4176784017754,196365,3219,2,"1-1"
4581.7088122703217,196347,3237,2,"2"
4582.9056409830882,196329,3255,1,"1"
4588.6933741960984,196311,3273,1,"1"
4597.6947865531165,196268,3316,4,"3-1"
4631.2932904571298,196257,3327,1,"1"
4631.8164031481538,196239,3345,1,"1"
4694.3454380644544,196203,3381,2,"2"
4694.4291042282757,196185,3399,1,"1"
4740.8258261384444,196167,3417,1,"1"
4746.6742223521633,196131,3453,2,"2"
4747.0353687511051,196113,3471,1,"1"
4753.2511967719811,196095,3489,1,"1"
4758.4118235878277,196088,3496,1,"1"
4761.9286041410533,196052,3532,2,"2"
4793.1973311234588,196016,3568,2,"1-1"
4818.7822237748906,195998,3586,1,"1"
4836.9350734764266,195980,3604,1,"1"
4836.9615865025971,195962,3622,1,"1"
4851.8252280033375,195944,3640,1,"1"
4863.3068091843088,195926,3658,1,"1"
4895.4389028636588,195908,3676,1,"1"
4905.4780227823412,195890,3694,1,"1"
4943.2492520977521,195883,3701,1,"1"
4967.4723803960651,195865,3719,1,"1"
4984.556877296146,195847,3737,1,"1"
4990.7452674775159,195829,3755,1,"1"
4999.9623184638858,195811,3773,1,"1"
5003.9173197676391,195793,3791,1,"1"
5012.5013471991697,195790,3794,1,"1"
5039.0115541779069,195754,3830,3,"2-1"
5045.4958167001323,195736,3848,1,"1"
5046.8513029551377,195718,3866,1,"1"
5048.9082305028305,195708,3876,1,"1"
5049.3838506977991,195690,3894,1,"1"
5051.3817081330144,195672,3912,1,"1"
5065.0778977631062,195667,3917,1,"1"
5070.6243445346254,195649,3935,1,"1"
5093.7393932081704,195644,3940,1,"1"
5097.1953506825266,195634,3950,2,"1-1"
5100.3514317249674,195629,3955,1,"1"
5101.6720953706636,195572,4012,6,"3-2-1"
5120.065499742178,195560,4024,1,"1"
5121.4375735209851,195542,4042,1,"1"
5123.2631791954636,195537,4047,1,"1"
5125.5569056164677,195501,4083,2,"1-1"
5136.7646708262901,195483,4101,1,"1"
5154.4157097028183,195465,4119,1,"1"
5155.9101108532686,195447,4137,1,"1"
5156.7076465370938,195442,4142,1,"1"
5158.9301184635297,195432,4152,1,"1"
5164.6173495162748,195427,4157,1,"1"
5167.4717402150081,195409,4175,1,"1"
5206.6438109018018,195401,4183,2,"2"
5210.5354894312404,195389,4195,1,"1"
5215.9770907982638,195371,4213,1,"1"
5216.2192042140287,195365,4219,2,"2"
5224.2092515596587,195355,4229,1,"1"
5230.0117674473568,195337,4247,1,"1"
5237.0717036499882,195319,4265,1,"1"
5261.6133830216186,195291,4293,2,"2"
5265.0458296579072,195277,4307,1,"1"
5276.1289581738101,195259,4325,1,"1"
5279.3836996207319,195241,4343,1,"1"
5288.116957412899,195231,4353,1,"1"
5289.5655736038334,195213,4371,1,"1"
5290.2598849733004,195203,4381,1,"1"
5292.0573593351464,195185,4399,1,"1"
5293.3991602575134,195167,4417,1,"1"
5298.7548966952863,195157,4427,2,"2"
5306.0276511874908,195139,4445,1,"1"
5322.951908329228,195134,4450,1,"1"
5330.9344880691033,195045,4539,9,"4-3-1-1"
5338.6780901941338,195027,4557,1,"1"
5347.2939303149633,194988,4596,7,"2-2-2-1"
5353.157891062232,194970,4614,1,"1"
5357.4469283300241,194952,4632,1,"1"
5371.2281299538554,194938,4646,1,"1"
5390.2147736972183,194920,4664,1,"1"
5391.0942337391434,194887,4697,5,"2-2-1"
5394.0500386434387,194877,4707,2,"2"
5394.8545026926149,194859,4725,1,"1"
5424.622889141252,194841,4743,1,"1"
5428.4044304452664,194823,4761,1,"1"
5437.924678229323,194795,4789,2,"1-1"
5444.1172466513817,194777,4807,1,"1"
5447.5343395426162,194759,4825,1,"1"
5454.5586210874726,194737,4847,2,"1-1"
5455.6186525654257,194721,4863,1,"1"
5464.4524735249088,194703,4881,1,"1"
5466.5990144505449,194685,4899,1,"1"
5473.9780351393574,194651,4933,3,"3"
5478.0437985502058,194615,4969,2,"1-1"
5483.4946941144617,194605,4979,1,"1"
5486.6098274663282,194595,4989,1,"1"
5520.9187389364806,194577,5007,1,"1"
5521.9442770023161,194559,5025,1,"1"
5526.2031451483235,194542,5042,1,"1"
5561.4862847978193,194537,5047,1,"1"
5564.0401770182762,194519,5065,1,"1"
5567.5654459044754,194505,5079,1,"1"
5569.6986341041447,194487,5097,1,"1"
5579.7595061092743,194476,5108,1,"1"
5593.1000467325521,194458,5126,1,"1"
5610.7486270013187,194422,5162,2,"1-1"
5615.7776476924573,194412,5172,1,"1"
5624.8306759115603,194405,5179,1,"1"
5626.0052710776508,194387,5197,1,"1"
5630.9487062311391,194369,5215,1,"1"
5639.3410059492035,194347,5237,2,"2"
5651.0072199655779,194337,5247,1,"1"
5656.0914357510892,194319,5265,1,"1"
5666.8853086848312,194286,5298,3,"2-1"
5672.4908488452656,194268,5316,1,"1"
5674.828134243734,194263,5321,1,"1"
5680.2346185795523,194245,5339,1,"1"
5681.0247484255051,194235,5349,1,"1"
5692.1216144881946,194223,5361,2,"1-1"
5696.9731322600946,194173,5411,3,"2-1"
5702.5986255755533,194155,5429,1,"1"
5725.5338397726036,194148,5436,1,"1"
5734.6214620999153,194141,5443,1,"1"
5746.9903087222074,194123,5461,1,"1"
5785.5411289545482,194105,5479,2,"2"
5786.6776080273157,194093,5491,2,"1-1"
5795.0697805145328,194075,5509,1,"1"
5795.186594378566,194063,5521,1,"1"
5808.6348795441627,194053,5531,1,"1"
5821.2234818221423,194019,5565,3,"2-1"
5821.9396598514541,194001,5583,1,"1"
5822.2799881129095,193982,5602,3,"3"
5839.5274099924718,193979,5605,1,"1"
5849.8941276595597,193961,5623,1,"1"
5860.227993266908,193950,5634,1,"1"
5865.0856022903672,193895,5689,5,"2-2-1"
5888.195207257445,193877,5707,1,"1"
5891.037945601649,193859,5725,1,"1"
5891.9715590071064,193841,5743,1,"1"
5905.9274049314918,193823,5761,1,"1"
5907.2294288740732,193813,5771,1,"1"
5929.9337249526652,193795,5789,1,"1"
5934.8972123101948,193777,5807,1,"1"
5947.9523557697203,193733,5851,3,"3"
5970.9321941910157,193715,5869,1,"1"
5988.6183915670999,193673,5911,6,"3-1-1-1"
5991.5804210472261,193655,5929,1,"1"
5995.1434752177211,193637,5947,1,"1"
6003.4506246326519,193619,5965,1,"1"
6004.5190038930723,193601,5983,1,"1"
6005.7954930849182,193565,6019,2,"1-1"
6015.8863605820934,193547,6037,1,"1"
6017.6000716903281,193501,6083,3,"2-1"
6017.9704828729527,193496,6088,1,"1"
6020.0250000126298,193478,6106,1,"1"
6020.353501607523,193468,6116,1,"1"
6024.4912804611431,193442,6142,2,"2"
6024.8505127572116,193392,6192,4,"2-1-1"
6034.5022819571514,193374,6210,1,"1"
6038.9889802679181,193356,6228,1,"1"
6045.4114127110161,193332,6252,2,"2"
6046.8589482613033,193314,6270,1,"1"
6055.2481695690976,193304,6280,1,"1"
6060.4764964203569,193282,6302,2,"1-1"
6064.1268438988363,193272,6312,1,"1"
6065.719678670599,193254,6330,1,"1"
6068.8421639111648,193234,6350,4,"4"
6074.4224232625156,193224,6360,1,"1"
6077.2886985679197,193215,6369,1,"1"
6094.6071614501598,193179,6405,2,"1-1"
6124.1799012761921,193174,6410,1,"1"
6159.1721526791862,193156,6428,1,"1"
6184.6486085659781,193138,6446,1,"1"
6185.0252710875047,193076,6508,5,"1-1-1-1-1"
6185.5864654385377,193057,6527,3,"1-1-1"
6192.4095095733537,193002,6582,7,"3-2-1-1"
6213.8265657388183,192924,6660,6,"4-1-1"
6216.3202469982698,192906,6678,1,"1"
6227.2590136608887,192888,6696,1,"1"
6232.9627264923811,192833,6751,6,"3-1-1-1"
6240.4120218141534,192828,6756,1,"1"
6241.7161024550451,192810,6774,1,"1"
6244.6920450476628,192805,6779,1,"1"
6266.0222786557988,192787,6797,1,"1"
6266.0549459945087,192769,6815,1,"1"
6267.1900685755018,192751,6833,1,"1"
6275.3934045154483,192733,6851,1,"1"
6285.1161488702382,192715,6869,1,"1"
6295.7996024493468,192703,6881,1,"1"
6296.6098495458209,192685,6899,1,"1"
6297.9208171865585,192667,6917,1,"1"
6302.542015398958,192635,6949,4,"2-2"
6313.4143933864279,192617,6967,1,"1"
6322.1573917184651,192607,6977,1,"1"
6326.4657854950192,192597,6987,1,"1"
6328.4637838284125,192592,6992,1,"1"
6360.3867356862083,192574,7010,1,"1"
6367.5380220993075,192524,7060,8,"3-3-1-1"
6382.7407595803579,192506,7078,1,"1"
6384.5578588004091,192499,7085,1,"1"
6391.4222850932429,192401,7183,10,"3-2-2-1-1-1"
6394.5120544994143,192387,7197,1,"1"
6395.2586729242666,192373,7211,2,"2"
6400.9570259142556,192368,7216,1,"1"
6404.8496649378221,192320,7264,8,"3-2-2-1"
6407.3121345469453,192302,7282,1,"1"
6408.8269989937116,192270,7314,2,"2"
6422.0329609911223,192256,7328,1,"1"
6425.5374970525327,192238,7346,1,"1"
6432.4534433480876,192220,7364,1,"1"
6441.0684606665427,192207,7377,1,"1"
6441.8751660929038,192171,7413,2,"1-1"
6452.8654612911787,192166,7418,1,"1"
6457.9923768272647,192148,7436,1,"1"
6461.8480723708035,192112,7472,2,"1-1"
6465.0192779755789,192095,7489,1,"1"
6469.1510315050218,192090,7494,1,"1"
6512.9257239110266,192080,7504,1,"1"
6514.5642805458056,192070,7514,1,"1"
6531.4649693976708,192052,7532,1,"1"
6539.9091802515131,192034,7550,1,"1"
6545.2048396625023,192010,7574,4,"4"
6551.417892286333,192000,7584,2,"2"
6554.7610749320884,191982,7602,1,"1"
6556.2815896340035,191962,7622,2,"1-1"
6578.504260124133,191957,7627,1,"1"
6585.4778273815928,191921,7663,2,"1-1"
6586.2864014669394,191903,7681,1,"1"
6600.9810220321724,191885,7699,1,"1"
6603.107835545321,191876,7708,1,"1"
6610.3344215024445,191858,7726,1,"1"
6613.3123910494933,191839,7745,3,"2-1"
6614.4147612847737,191821,7763,1,"1"
6631.3691783440963,191803,7781,1,"1"
6638.0366499840766,191763,7821,6,"4-1-1"
6641.7894229649255,191753,7831,2,"2"
6644.6803442865094,191737,7847,1,"1"
6645.3031475819371,191719,7865,1,"1"
6645.4985792423458,191701,7883,1,"1"
6648.7775593390897,191682,7902,3,"3"
6649.9911180834961,191664,7920,1,"1"
6705.9041710019255,191411,8173,28,"5-4-3-2-2-2-2-1-1-1-1-1-1-1-1"
6706.9314471505486,191399,8185,1,"1"
6723.0561281462424,191381,8203,1,"1"
6723.4749505791242,191369,8215,1,"1"
6728.8562133885634,191355,8229,1,"1"
6733.1081366938188,191337,8247,1,"1"
6759.3412025299394,191319,8265,1,"1"
6770.1881372590506,191301,8283,1,"1"
6770.3869838874225,191277,8307,2,"2"
6773.4085434100762,191259,8325,1,"1"
6776.5573987448315,191241,8343,1,"1"
6791.747334054935,191227,8357,2,"2"
6803.003945078648,191209,8375,1,"1"
6804.6817869285642,191173,8411,2,"2"
6804.7264181321561,191157,8427,1,"1"
6806.9335513454744,191139,8445,1,"1"
6819.9002002445141,191121,8463,2,"1-1"
6826.5788153382091,191103,8481,1,"1"
6830.653804728362,191074,8510,3,"1-1-1"
6837.1293820910541,191056,8528,1,"1"
6850.5199954695308,191027,8557,2,"2"
6853.6595996458545,191009,8575,1,"1"
6858.016187454079,190991,8593,1,"1"
6869.571037029853,190973,8611,1,"1"
6871.1581455779133,190955,8629,1,"1"
6875.7469721227762,190937,8647,1,"1"
6891.1948285881217,190828,8756,8,"5-2-1"
6893.6865093664192,190818,8766,1,"1"
6901.086908188141,190808,8776,1,"1"
6908.5188678674576,190790,8794,1,"1"
6911.6423161507173,190714,8870,6,"5-1"
6918.2931013955294,190704,8880,1,"1"
6943.9684764777521,190699,8885,1,"1"
6945.9228783721783,190663,8921,2,"2"
6947.0862377468893,190643,8941,2,"2"
6956.960539066712,190625,8959,1,"1"
6965.3007129259504,190537,9047,8,"5-2-1"
6976.421373445035,190515,9069,2,"2"
6977.6069702341365,190499,9085,1,"1"
6987.536984138671,190481,9103,1,"1"
6991.7851083803798,190467,9117,1,"1"
6993.9779818398065,190449,9135,1,"1"
7010.7884963539464,190431,9153,1,"1"
7015.3303618900482,190422,9162,1,"1"
7021.2899264898706,190400,9184,2,"2"
7023.0486358158369,190386,9198,1,"1"
7028.9932986767344,190368,9216,1,"1"
7032.965953383974,190344,9240,2,"1-1"
7038.3081582264495,190326,9258,1,"1"
7038.3271437177864,190308,9276,1,"1"
7040.9445665550638,190259,9325,4,"2-1-1"
7044.2296667259679,190241,9343,1,"1"
7046.6990026629137,190223,9361,1,"1"
7049.0398742850257,190201,9383,2,"2"
7061.3399667372405,190183,9401,1,"1"
7071.2366737120092,190165,9419,1,"1"
7072.3054077418619,190123,9461,3,"3"
7087.6317812326197,190105,9479,1,"1"
7088.1391467225458,190087,9497,1,"1"
7095.4311103891387,190069,9515,1,"1"
7098.7967970994114,190053,9531,1,"1"
7099.5091497525209,190035,9549,1,"1"
7106.127628647303,190000,9584,2,"2"
7112.6073932945219,189946,9638,3,"3"
7135.2559902871117,189875,9709,7,"3-1-1-1-1"
7138.2225599775411,189857,9727,1,"1"
7140.8846571341701,189839,9745,1,"1"
7143.5589178634264,189800,9784,3,"2-1"
7145.8338079860441,189782,9802,1,"1"
7146.5651089197336,189764,9820,1,"1"
7159.7027619264236,189746,9838,1,"1"
7159.7128215284392,189728,9856,1,"1"
7161.6675446155641,189710,9874,1,"1"
7163.7633931051869,189645,9939,4,"3-1"
7165.6610224387259,189627,9957,1,"1"
7170.690432517963,189594,9990,5,"5"
7174.1358025399149,189564,10020,3,"2-1"
7179.7949810804412,189546,10038,1,"1"
7181.3023164335436,189541,10043,1,"1"
7198.3057910671532,189479,10105,6,"2-1-1-1-1"
7201.1653940208835,189461,10123,1,"1"
7201.4805751679933,189452,10132,1,"1"
7206.5533749847891,189434,10150,1,"1"
7211.8969911480108,189422,10162,1,"1"
7212.7859444106598,189404,10180,1,"1"
7216.2981112432981,189386,10198,1,"1"
7217.3661469986337,189151,10433,22,"4-3-3-3-2-2-1-1-1-1-1"
7220.1988383602948,189099,10485,4,"2-2"
7250.548890426905,189081,10503,1,"1"
7267.8129764898322,189023,10561,6,"3-1-1-1"
7268.9212699271848,189005,10579,1,"1"
7271.0725734809521,188939,10645,7,"3-2-1-1"
7274.220456250112,188900,10684,3,"2-1"
7286.9556904365218,188864,10720,3,"1-1-1"
7288.994921861673,188846,10738,1,"1"
7297.4810198547621,188828,10756,1,"1"
7308.2182869921699,188811,10773,1,"1"
7318.2639044648377,188786,10798,3,"2-1"
7318.4425495553533,188627,10957,15,"8-2-2-2-1"
7322.1138287862314,188618,10966,1,"1"
7327.2818770547865,188591,10993,3,"2-1"
7336.1650383299811,188573,11011,1,"1"
7342.3361272096208,188555,11029,1,"1"
7343.7988652109325,188541,11043,1,"1"
7346.4299786705606,188523,11061,1,"1"
7349.8989272371091,188469,11115,3,"3"
7360.6018074240965,188454,11130,1,"1"
7373.1264590162218,188400,11184,3,"3"
7381.4517064593892,0,199584,10668,"10668"
----------------------------------------------1
0,199584,0,0,"0"
114.56256202434291,199583,1,1,"1"
223.43576841841283,199582,2,1,"1"
250.59663793712417,199581,3,1,"1"
255.82077688611363,199563,21,1,"1"
274.65068340649196,199562,22,1,"1"
318.09354251421655,199561,23,1,"1"
337.91429864845236,199560,24,1,"1"
340.18450214368784,199559,25,1,"1"
382.55686487454784,199558,26,1,"1"
395.45629227370853,199557,27,1,"1"
414.16692518085864,199539,45,1,"1"
420.78517687285785,199538,46,1,"1"
455.78787382902965,199525,59,1,"1"
573.06477268399442,199524,60,1,"1"
575.33807367704742,199523,61,1,"1"
628.26702018514129,199522,62,1,"1"
629.29627193260728,199521,63,1,"1"
635.39739797259028,199520,64,1,"1"
721.35909857508545,199502,82,1,"1"
734.59182718939553,199501,83,1,"1"
735.34616171620848,199488,96,1,"1"
738.67408611238898,199487,97,1,"1"
740.28832938678033,199486,98,1,"1"
746.25630436219444,199485,99,1,"1"
746.885168138989,199484,100,1,"1"
755.07623159898503,199483,101,1,"1"
761.9546610028342,199482,102,1,"1"
762.17571298891858,199481,103,1,"1"
772.54633610007204,199480,104,1,"1"
774.23433545253806,199478,106,2,"1-1"
814.28862926606052,199477,107,1,"1"
825.03304033852487,199476,108,1,"1"
825.88446833212038,199474,110,2,"2"
848.28670516520947,199469,115,1,"1"
881.39668975358904,199445,139,2,"2"
882.74099185496073,199444,140,1,"1"
888.15668985822344,199443,141,1,"1"
889.06859111268011,199441,143,2,"1-1"
901.58455293728571,199440,144,1,"1"
917.38535666530686,199439,145,1,"1"
933.01403502621986,199438,146,1,"1"
944.81278087287535,199437,147,1,"1"
965.91282809047766,199436,148,1,"1"
974.4227025394149,199435,149,1,"1"
977.02878184500969,199434,150,1,"1"
995.26262646983207,199416,168,1,"1"
1060.2462075039637,199415,169,1,"1"
1067.3435330693289,199414,170,1,"1"
1094.0123822466883,199408,176,2,"2"
1095.9755526900974,199407,177,1,"1"
1099.8803660575657,199402,182,1,"1"
1108.4653434029995,199401,183,1,"1"
1112.0344175980208,199400,184,1,"1"
1123.2316322433078,199382,202,1,"1"
1127.0668510343498,199381,203,1,"1"
1132.1466025121033,199380,204,1,"1"
1133.8152543864078,199379,205,1,"1"
1157.2948494036452,199378,206,1,"1"
1157.7595725332703,199377,207,1,"1"
1162.2779915125498,199376,208,1,"1"
1164.2370985916207,199375,209,1,"1"
1189.1694448370515,199374,210,1,"1"
1198.003492577322,199356,228,1,"1"
1207.873464608695,199354,230,2,"2"
1226.7425887076815,199336,248,1,"1"
1228.3592875270638,199335,249,1,"1"
1228.805612230168,199317,267,1,"1"
1229.1780147693985,199307,277,1,"1"
1232.3089521214401,199306,278,1,"1"
1237.8868889081189,199305,279,1,"1"
1238.0028434394678,199304,280,1,"1"
1251.9731020829206,199303,281,1,"1"
1265.3050604865225,199302,282,1,"1"
1267.0349243404082,199299,285,3,"2-1"
1307.1510720243959,199296,288,1,"1"
1325.9817292175485,199295,289,1,"1"
1327.7122189638469,199294,290,1,"1"
1330.6480061100788,199293,291,1,"1"
1332.6422065658842,199275,309,1,"1"
1337.6708508886916,199265,319,1,"1"
1349.9343968341379,199262,322,1,"1"
1353.1449654372277,199261,323,1,"1"
1362.6444740888248,199243,341,1,"1"
1370.816934584524,199225,359,1,"1"
1379.7293010313674,199224,360,1,"1"
1391.5714557940532,199223,361,1,"1"
1394.7139877180005,199217,367,2,"2"
1423.0205982312907,199216,368,1,"1"
1429.4700349908508,199198,386,1,"1"
1429.6508139429595,199197,387,1,"1"
1433.9772480770373,199194,390,1,"1"
1441.0511682408639,199193,391,1,"1"
1442.1702163388054,199192,392,1,"1"
1482.4146924801871,199191,393,1,"1"
1490.6647671430469,199190,394,1,"1"
1502.1842318307013,199189,395,1,"1"
1502.2219395983288,199184,400,1,"1"
1520.008983555028,199166,418,1,"1"
1523.1642587316826,199157,427,1,"1"
1526.5073113168405,199145,439,1,"1"
1529.1860207809336,199132,452,1,"1"
1536.8675773696871,199131,453,1,"1"
1547.0094461538179,199126,458,1,"1"
1550.5730045237558,199125,459,1,"1"
1550.5733943912699,199123,461,2,"1-1"
1557.0137971826755,199121,463,2,"2"
1566.5724297147997,199119,465,2,"2"
1574.2482958517469,199105,479,2,"2"
1575.2899504779102,199087,497,1,"1"
1578.8364913543739,199086,498,1,"1"
1578.8551864546969,199068,516,1,"1"
1589.9713780500167,199058,526,1,"1"
1590.1743371051839,199057,527,1,"1"
1592.8007738013603,199047,537,1,"1"
1603.9007867766959,199032,552,1,"1"
1624.6631476348796,199031,553,1,"1"
1634.5241062646119,199028,556,1,"1"
1656.3961143585752,199010,574,1,"1"
1656.4520460044519,199006,578,4,"4"
1663.7557558742212,199005,579,1,"1"
1683.625410139274,199004,580,1,"1"
1690.8483515163987,199003,581,1,"1"
1708.2107594655552,199002,582,1,"1"
1717.5756798743489,199000,584,2,"2"
1722.4078483893745,198999,585,1,"1"
1735.2452410079377,198998,586,1,"1"
1764.4081073075624,198997,587,1,"1"
1765.3956502237281,198996,588,1,"1"
1771.9240520199337,198978,606,1,"1"
1773.3187637665321,198977,607,1,"1"
1806.0640388117217,198975,609,2,"2"
1810.2186205340663,198957,627,1,"1"
1823.1650346521606,198955,629,2,"1-1"
1824.221646228531,198943,641,2,"1-1"
1825.5113447508868,198941,643,2,"1-1"
1830.8174555124924,198929,655,1,"1"
1832.2023978035088,198928,656,1,"1"
1838.0311355249651,198926,658,2,"2"
1865.7539498382996,198908,676,1,"1"
1870.7206307604313,198890,694,1,"1"
1885.2767062572752,198880,704,1,"1"
1904.3949716202728,198878,706,2,"2"
1953.4789498111784,198860,724,1,"1"
1956.613358960542,198842,742,1,"1"
1966.0676784341647,198837,747,1,"1"
1974.9491413491203,198836,748,1,"1"
1980.747742640674,198832,752,4,"3-1"
2004.1711618399308,198831,753,1,"1"
2008.6123410203904,198830,754,1,"1"
2012.6147772401823,198827,757,1,"1"
2025.5474723741254,198825,759,2,"2"
2027.979640537091,198807,777,1,"1"
2035.5002347812176,198804,780,1,"1"
2044.5514376050389,198794,790,6,"6"
2051.2098064243551,198792,792,2,"1-1"
2064.8824893449901,198756,828,2,"2"
2074.7592156587684,198749,835,1,"1"
2078.5455868706399,198744,840,1,"1"
2089.5904046138426,198688,896,4,"3-1"
2106.476702668343,198670,914,1,"1"
2122.38312160432,198652,932,1,"1"
2133.5222116061295,198650,934,2,"1-1"
2145.7274042282706,198632,952,1,"1"
2159.3935298005772,198627,957,1,"1"
2161.1519406298457,198623,961,4,"3-1"
2161.7632844866152,198618,966,1,"1"
2192.999762802036,198600,984,1,"1"
2194.2677234585067,198582,1002,1,"1"
2194.8281691586772,198564,1020,1,"1"
2201.2861260186405,198554,1030,1,"1"
2212.7414579986935,198550,1034,2,"2"
2221.4578414081798,198549,1035,1,"1"
2226.5275918905168,198531,1053,1,"1"
2230.7910346197446,198521,1063,1,"1"
2248.2440452819174,198503,1081,1,"1"
2275.8091178136024,198485,1099,1,"1"
2278.8475967413528,198467,1117,1,"1"
2291.2900229499774,198466,1118,1,"1"
2302.301427325795,198448,1136,1,"1"
2305.4390994605174,198430,1154,1,"1"
2328.7718380472525,198420,1164,1,"1"
2337.3896234434983,198419,1165,1,"1"
2391.5221643690825,198417,1167,2,"2"
2431.5051503373143,198416,1168,1,"1"
2448.5711583022594,198413,1171,1,"1"
2462.7028503893821,198395,1189,1,"1"
2466.6066425434447,198377,1207,1,"1"
2469.9145038735332,198359,1225,1,"1"
2472.1016295321906,198350,1234,3,"1-1-1"
2478.9949053688647,198349,1235,1,"1"
2479.8246241310694,198331,1253,1,"1"
2523.1061671054031,198330,1254,1,"1"
2550.8928306163534,198312,1272,1,"1"
2578.7613920216445,198294,1290,1,"1"
2611.1390195263921,198289,1295,1,"1"
2630.8801370151341,198284,1300,1,"1"
2643.8215863336532,198279,1305,1,"1"
2656.9565279153112,198277,1307,2,"2"
2665.4790923938313,198274,1310,1,"1"
2674.7740082853543,198262,1322,1,"1"
2682.2034397534594,198259,1325,1,"1"
2691.8956007323509,198247,1337,1,"1"
2736.8198803790469,198229,1355,1,"1"
2741.944278839685,198224,1360,1,"1"
2742.1636711914171,198206,1378,1,"1"
2775.094418327883,198197,1387,1,"1"
2778.3445357105566,198188,1396,1,"1"
2807.8701651506403,198185,1399,1,"1"
2809.275762211907,198167,1417,1,"1"
2815.7631140074186,198164,1420,1,"1"
2832.3163718673941,198148,1436,1,"1"
2837.1227752690343,198138,1446,1,"1"
2855.7065461195775,198129,1455,1,"1"
2871.7164560091283,198111,1473,1,"1"
2886.8488860695652,198093,1491,1,"1"
2912.9615675654932,198075,1509,1,"1"
2932.7169967898417,198057,1527,1,"1"
2932.911194915976,198056,1528,1,"1"
2944.6651828186477,198038,1546,1,"1"
2951.2264924090996,198033,1551,1,"1"
2979.5737274954622,198023,1561,1,"1"
2985.0556540542593,198005,1579,1,"1"
3005.0198410291982,197981,1603,2,"2"
3011.1432189170196,197978,1606,1,"1"
3053.157729508273,197971,1613,1,"1"
3061.120487255112,197961,1623,1,"1"
3064.4187908529784,197956,1628,1,"1"
3064.6517203509306,197947,1637,1,"1"
3078.4908044778613,197937,1647,1,"1"
3089.7700146399816,197931,1653,2,"2"
3094.4165738698462,197913,1671,1,"1"
3105.6282254703501,197910,1674,1,"1"
3109.6714317250039,197892,1692,2,"2"
3127.495342805827,197874,1710,1,"1"
3150.526763833127,197856,1728,1,"1"
3154.7096422307409,197855,1729,1,"1"
3155.3204847111233,197850,1734,1,"1"
3183.2765216252133,197832,1752,1,"1"
3223.5852271215726,197831,1753,1,"1"
3223.6588964426264,197821,1763,1,"1"
3230.576524149436,197803,1781,1,"1"
3241.7768234201917,197785,1799,1,"1"
3243.9512035965809,197780,1804,1,"1"
3262.1680113920993,197762,1822,1,"1"
3295.8409021677653,197744,1840,1,"1"
3303.3411203417609,197730,1854,1,"1"
3314.9000585378903,197694,1890,2,"2"
3322.3186474784129,197676,1908,1,"1"
3322.3342098142416,197658,1926,1,"1"
3331.6102629279567,197640,1944,1,"1"
3340.8000335906058,197637,1947,1,"1"
3343.9584094163488,197601,1983,2,"2"
3354.281162560977,197592,1992,1,"1"
3384.1192357314949,197578,2006,1,"1"
3384.9794051201075,197560,2024,1,"1"
3391.8626853125347,197551,2033,1,"1"
3404.2902043480067,197533,2051,1,"1"
3410.2455581153667,197515,2069,1,"1"
3415.7476020905106,197497,2087,1,"1"
3418.6783407145945,197479,2105,1,"1"
3419.1508521417454,197461,2123,1,"1"
3426.2794518589922,197443,2141,1,"1"
3428.5610293823343,197407,2177,2,"1-1"
3438.7954593695017,197389,2195,1,"1"
3447.840850279325,197371,2213,1,"1"
3459.8318303314682,197353,2231,1,"1"
3465.8422779215816,197350,2234,1,"1"
3466.0493440526784,197332,2252,1,"1"
3470.4858694308955,197314,2270,1,"1"
3470.7723535791233,197305,2279,1,"1"
3472.7217148025229,197300,2284,1,"1"
3506.9512324131128,197286,2298,1,"1"
3513.8001416939637,197268,2316,1,"1"
3602.1623646517824,197262,2322,2,"2"
3607.7784109669333,197259,2325,1,"1"
3614.5629981178377,197241,2343,1,"1"
3614.6790889395802,197231,2353,1,"1"
3625.9820294316501,197213,2371,1,"1"
3628.38759043969,197195,2389,1,"1"
3652.7827650101635,197177,2407,1,"1"
3663.1504096882059,197172,2412,1,"1"
3684.2277535113494,197123,2461,9,"4-3-1-1"
3698.5867648274557,197105,2479,1,"1"
3699.676206763058,197087,2497,1,"1"
3709.7643494693161,197067,2517,2,"1-1"
3712.1405744531726,197049,2535,1,"1"
3725.4959178231074,197031,2553,1,"1"
3729.280753416383,197013,2571,1,"1"
3756.5220582270499,197008,2576,1,"1"
3757.8024203387663,196990,2594,1,"1"
3759.6566460035601,196985,2599,1,"1"
3767.7986899029338,196967,2617,1,"1"
3774.2435439614819,196949,2635,1,"1"
3789.4967691976808,196931,2653,1,"1"
3791.0048970021162,196912,2672,3,"2-1"
3803.7285798279545,196894,2690,1,"1"
3806.7271415205537,196889,2695,1,"1"
3811.8567572190582,196871,2713,1,"1"
3817.3028001941916,196853,2731,1,"1"
3818.8193860472311,196848,2736,1,"1"
3826.305724813838,196838,2746,2,"1-1"
3839.9288747310688,196820,2764,1,"1"
3880.8435443486796,196784,2800,2,"2"
3898.289596400874,196766,2818,1,"1"
3903.8539081889726,196748,2836,1,"1"
3910.5221635634657,196738,2846,1,"1"
3921.2928596740417,196720,2864,1,"1"
3934.330074507453,196702,2882,1,"1"
3954.0633900215362,196697,2887,1,"1"
3974.1306154782574,196675,2909,6,"6"
3987.8357327332478,196657,2927,1,"1"
3993.9820698694111,196650,2934,1,"1"
4019.2974012574082,196632,2952,1,"1"
4022.8874566320892,196622,2962,1,"1"
4028.2518018842625,196604,2980,1,"1"
4041.8733947000605,196584,3000,2,"1-1"
4051.6370473601041,196566,3018,1,"1"
4058.7550635597427,196548,3036,1,"1"
4067.0670751745511,196530,3054,1,"1"
4092.1016873907611,196527,3057,1,"1"
4116.9522507981719,196509,3075,1,"1"
4126.2764919218816,196491,3093,1,"1"
4159.5609939241558,196486,3098,1,"1"
4163.411821673988,196468,3116,1,"1"
4175.8621527076493,196451,3133,1,"1"
4177.4940873392825,196442,3142,1,"1"
4178.5371901757871,196439,3145,1,"1"
4194.7925459353064,196434,3150,1,"1"
4214.075611647504,196398,3186,2,"2"
4217.5517003833438,196380,3204,1,"1"
4225.1610684538837,196344,3240,2,"2"
4232.2068507647891,196330,3254,2,"2"
4233.3010954421916,196320,3264,2,"2"
4271.7842008128609,196315,3269,1,"1"
4273.2816289320826,196284,3300,2,"1-1"
4290.0648635357866,196274,3310,1,"1"
4298.8511733648011,196259,3325,3,"2-1"
4299.9422172292343,196241,3343,1,"1"
4308.3022985083235,196223,3361,1,"1"
4325.7714503633042,196199,3385,2,"2"
4332.9621307163115,196196,3388,1,"1"
4354.4145232631772,196178,3406,1,"1"
4355.125495659132,196160,3424,1,"1"
4366.4543038614156,196142,3442,1,"1"
4378.7378016807525,196121,3463,7,"5-2"
4381.4220162205838,196103,3481,1,"1"
4385.115653128375,196085,3499,1,"1"
4416.80628926789,196065,3519,2,"1-1"
4419.0116510205862,196062,3522,1,"1"
4439.3731892050064,196044,3540,1,"1"
4458.8283918718089,196026,3558,1,"1"
4470.1353324657666,196020,3564,2,"2"
4479.8761382016273,196002,3582,1,"1"
4499.5472184526398,195984,3600,1,"1"
4521.1728524833034,195974,3610,1,"1"
4527.2583616095708,195964,3620,1,"1"
4529.2658195918721,195959,3625,1,"1"
4592.7649034645219,195954,3630,1,"1"
4601.1863578255516,195936,3648,1,"1"
4605.4355770211923,195918,3666,1,"1"
4625.5475160888018,195913,3671,1,"1"
4643.6496673584952,195895,3689,1,"1"
4645.8674654934848,195890,3694,1,"1"
4673.7686063040846,195854,3730,2,"2"
4682.1236259027401,195813,3771,5,"2-2-1"
4694.3265227854927,195795,3789,1,"1"
4723.6633929589516,195777,3807,1,"1"
4740.744742568475,195695,3889,5,"3-2"
4747.6808848414175,195685,3899,1,"1"
4777.2071671018512,195667,3917,1,"1"
4793.6137444415117,195649,3935,1,"1"
4822.6922263370752,195640,3944,1,"1"
4840.5252971989685,195626,3958,2,"2"
4845.4622953704493,195608,3976,1,"1"
4853.4247773427769,195586,3998,2,"2"
4865.3865053654508,195550,4034,2,"2"
4871.0521020052774,195523,4061,3,"3"
4871.5275824824912,195518,4066,1,"1"
4885.0275660689113,195496,4088,2,"2"
4888.6811855988217,195460,4124,2,"1-1"
4891.7854833491092,195443,4141,1,"1"
4893.9425945277299,195407,4177,2,"2"
4921.3676890497063,195383,4201,4,"2-2"
4955.6107476740508,195371,4213,2,"1-1"
4969.1866215712962,195361,4223,1,"1"
4971.3416628744644,195343,4241,1,"1"
4977.4133694410448,195330,4254,3,"3"
4987.0565610642043,195294,4290,2,"1-1"
4988.6623125078804,195200,4384,14,"5-3-1-1-1-1-1-1"
4994.545198127551,195182,4402,1,"1"
5006.088623165504,195164,4420,1,"1"
5009.5334524540103,195122,4462,3,"2-1"
5018.6532108297006,195112,4472,1,"1"
5026.3345857387876,195092,4492,2,"2"
5029.0577828602081,195063,4521,2,"2"
5037.7163724819484,195052,4532,1,"1"
5038.328277178899,194988,4596,4,"2-1-1"
5046.3012519257263,194924,4660,8,"4-2-1-1"
5052.5900154363662,194906,4678,1,"1"
5059.107949494186,194892,4692,1,"1"
5089.848991900004,194874,4710,1,"1"
5113.6684937655145,194871,4713,1,"1"
5118.478857420143,194861,4723,1,"1"
5124.5624516333937,194843,4741,1,"1"
5132.8545955479385,194825,4759,1,"1"
5133.8436847814228,194820,4764,1,"1"
5145.1117066025126,194815,4769,1,"1"
5145.6103814112512,194797,4787,1,"1"
5160.1943200166425,194730,4854,11,"4-2-1-1-1-1-1"
5172.6603150629981,194712,4872,1,"1"
5192.6065238073497,194707,4877,1,"1"
5196.9859824242849,194689,4895,1,"1"
5201.4945362709905,194684,4900,1,"1"
5201.6024005399313,194666,4918,1,"1"
5203.0635135061048,194653,4931,1,"1"
5220.7657743645004,194643,4941,1,"1"
5221.7705050138193,194599,4985,4,"2-1-1"
5233.1071979589915,194581,5003,1,"1"
5238.443624287569,194563,5021,1,"1"
5252.227322282698,194489,5095,5,"2-2-1"
5256.9157431638741,194471,5113,1,"1"
5257.2422777697966,194457,5127,1,"1"
5271.6073167354225,194439,5145,1,"1"
5289.982670658902,194430,5154,1,"1"
5293.0125694175731,194423,5161,1,"1"
5300.3056484952931,194408,5176,3,"2-1"
5303.7631177847352,194400,5184,2,"1-1"
5320.2250706959849,194382,5202,1,"1"
5345.2533782131468,194364,5220,1,"1"
5355.1864405375491,194347,5237,1,"1"
5360.9842913173334,194344,5240,1,"1"
5361.1799791093581,194308,5276,2,"1-1"
5383.9898033154195,194290,5294,1,"1"
5385.2153427152634,194272,5312,1,"1"
5399.5225245465872,194246,5338,2,"1-1"
5401.9492866086703,194228,5356,1,"1"
5416.8879801980584,194210,5374,1,"1"
5429.1950489614537,194205,5379,1,"1"
5432.9782637140224,194188,5396,1,"1"
5441.6842400795131,194170,5414,1,"1"
5449.9003122265713,194152,5432,1,"1"
5484.8400620555267,194134,5450,1,"1"
5490.3706382327573,194116,5468,1,"1"
5493.9917742369626,194078,5506,3,"3"
5495.1253458654128,194028,5556,5,"3-1-1"
5495.5526513379909,194016,5568,1,"1"
5517.4306435594954,193998,5586,1,"1"
5518.8017318123675,193980,5604,1,"1"
5525.623545159955,193962,5622,1,"1"
5553.1888685772083,193926,5658,2,"1-1"
5557.0144673957266,193891,5693,5,"2-2-1"
5564.9695363273759,193864,5720,3,"3"
5568.7974846502411,193846,5738,1,"1"
5575.7824399021329,193808,5776,3,"3"
5581.3800834080184,193798,5786,1,"1"
5583.502325026594,193778,5806,2,"1-1"
5585.4818407596276,193770,5814,2,"2"
5586.7569255140052,193765,5819,1,"1"
5587.711184840512,193711,5873,3,"1-1-1"
5589.2145770095913,193693,5891,1,"1"
5629.9234364651093,193641,5943,4,"4"
5658.3863341992765,193609,5975,2,"2"
5671.6024388452706,193591,5993,1,"1"
5676.5155669846163,193582,6002,1,"1"
5681.2763304013779,193564,6020,1,"1"
5688.965392293544,193546,6038,1,"1"
5693.0187405944735,193528,6056,1,"1"
5698.3660835691026,193510,6074,1,"1"
5726.4252679662995,193474,6110,2,"2"
5732.9577842621648,193455,6129,3,"2-1"
5733.6067583234744,193437,6147,1,"1"
5749.7536060543052,193427,6157,2,"2"
5750.2750938628924,193424,6160,1,"1"
5751.6932067950411,193406,6178,1,"1"
5807.1927877650387,193388,6196,1,"1"
5808.9643450493595,193374,6210,1,"1"
5814.5035365911417,193365,6219,1,"1"
5816.9285340647612,193330,6254,3,"1-1-1"
5818.257531850637,193321,6263,1,"1"
5820.9550899794267,193303,6281,1,"1"
5828.9511022967372,193285,6299,1,"1"
5833.9394359263879,193249,6335,2,"1-1"
5843.1659308190192,193235,6349,1,"1"
5847.1939954102427,193230,6354,1,"1"
5849.5738027543921,193211,6373,3,"3"
5852.1420041100719,193197,6387,1,"1"
5856.051277791481,193174,6410,3,"3"
5860.2043143226656,193156,6428,1,"1"
5874.2578152503356,193138,6446,1,"1"
5876.3648146032792,193120,6464,1,"1"
5893.9798610658327,193108,6476,1,"1"
5899.2459035189177,193088,6496,2,"2"
5932.232804424727,193079,6505,1,"1"
5933.9400930189458,193067,6517,1,"1"
5941.6819082392049,193041,6543,2,"2"
5943.4771799123691,193023,6561,1,"1"
5980.3758211417571,192929,6655,8,"3-3-1-1"
5985.5175107210007,192911,6673,1,"1"
6006.4541161159859,192889,6695,2,"2"
6009.2037540393685,192879,6705,2,"2"
6015.9956177008671,192861,6723,1,"1"
6026.1317709832056,192851,6733,2,"1-1"
6050.64228058556,192838,6746,1,"1"
6057.4635246812577,192820,6764,1,"1"
6061.1144116230826,192815,6769,1,"1"
6073.6317759471694,192797,6787,1,"1"
6074.638057290048,192788,6796,1,"1"
6097.5006213247871,192770,6814,1,"1"
6118.6358298894156,192742,6842,4,"3-1"
6121.8647124133822,192724,6860,1,"1"
6122.7085383048634,192712,6872,2,"1-1"
6123.3114339057256,192665,6919,7,"3-2-1-1"
6123.7569343449968,192662,6922,1,"1"
6125.6857560355193,192601,6983,11,"2-2-1-1-1-1-1-1-1"
6131.3113369761368,192591,6993,1,"1"
6133.8784718202069,192584,7000,1,"1"
6135.8611838721963,192566,7018,1,"1"
6137.3908229326034,192539,7045,2,"2"
6141.9571170322879,192521,7063,1,"1"
6150.6047017260589,192498,7086,2,"2"
6159.7886442983736,192484,7100,1,"1"
6169.8305072726816,192466,7118,1,"1"
6189.2812248175851,192448,7136,1,"1"
6194.3531335291182,192328,7256,9,"2-2-1-1-1-1-1"
6196.878881808585,192292,7292,2,"2"
6197.6840767803506,192256,7328,2,"1-1"
6201.8952695768348,192220,7364,2,"1-1"
6210.2137597769379,192166,7418,3,"1-1-1"
6225.8440573326188,192156,7428,1,"1"
6229.0833054152781,192102,7482,4,"2-1-1"
6232.8637814438989,192097,7487,1,"1"
6239.831450600107,192079,7505,1,"1"
6245.4420707335366,192061,7523,1,"1"
6246.2389930514573,192037,7547,4,"2-1-1"
6249.6896752368784,192027,7557,1,"1"
6253.0375220898159,191984,7600,4,"2-2"
6260.3595099365102,191966,7618,1,"1"
6260.7338551949733,191948,7636,1,"1"
6261.2167058217583,191898,7686,4,"1-1-1-1"
6267.3856248921866,191889,7695,1,"1"
6277.0912809081892,191856,7728,5,"3-2"
6278.5019651395387,191837,7747,3,"2-1"
6307.1021844861443,191823,7761,1,"1"
6324.9980228190552,191796,7788,3,"2-1"
6330.185271005188,191778,7806,1,"1"
6338.0006904491602,191760,7824,1,"1"
6349.3801720354659,191673,7911,7,"6-1"
6368.4260719222193,191640,7944,3,"2-1"
6368.6450701451922,191635,7949,1,"1"
6370.8689941092034,191617,7967,1,"1"
6373.9474239268611,191599,7985,1,"1"
6384.4338143944315,191581,8003,1,"1"
6389.9975318523975,191568,8016,1,"1"
6396.5470528913638,191540,8044,2,"2"
6398.3224866454402,191522,8062,1,"1"
6404.0086384539827,191401,8183,19,"3-3-2-2-1-1-1-1-1-1-1-1-1"
6409.0241898700169,191383,8201,1,"1"
6417.179445108728,191378,8206,1,"1"
6426.2115405989516,191342,8242,2,"2"
6428.934018297452,191328,8256,2,"2"
6432.541935385816,191310,8274,1,"1"
6434.0226272691962,191292,8292,1,"1"
6447.3361922749582,191274,8310,1,"1"
6462.9831679971876,191238,8346,2,"2"
6477.1270632223977,191228,8356,2,"1-1"
6490.8479293333248,191210,8374,1,"1"
6497.5078138864301,191192,8392,1,"1"
6498.5723320566985,191169,8415,3,"3"
6505.8431694850742,191153,8431,1,"1"
6512.4893192040627,191135,8449,1,"1"
6525.8678835373576,191117,8467,1,"1"
6534.1643651411714,191107,8477,1,"1"
6549.3164072115014,191035,8549,6,"3-1-1-1"
6552.9959671467441,191017,8567,1,"1"
6555.7640097574995,190983,8601,4,"3-1"
6558.5728503127084,190965,8619,1,"1"
6589.2174156865176,190905,8679,4,"4"
6595.905398974297,190887,8697,1,"1"
6602.2692746846442,190851,8733,2,"2"
6619.583889621239,190833,8751,1,"1"
6630.3045847713702,190815,8769,2,"2"
6631.906640869729,190797,8787,1,"1"
6638.7341469147705,190788,8796,1,"1"
6643.6712958383459,190770,8814,1,"1"
6648.9370764783698,190752,8832,1,"1"
6655.9690439917185,190734,8850,1,"1"
6659.3493854570661,190716,8868,1,"1"
6663.2231427274683,190680,8904,2,"2"
6679.707340915541,190662,8922,1,"1"
6686.909568906096,190644,8940,1,"1"
6690.9183665062228,190626,8958,1,"1"
6695.4904097831777,190616,8968,1,"1"
6697.4314247545053,190592,8992,2,"1-1"
6713.9392675481913,190582,9002,1,"1"
6715.1816494466475,190564,9020,1,"1"
6716.2082919545091,190494,9090,10,"3-2-2-2-1"
6737.8258493919839,190476,9108,1,"1"
6738.7122942667957,190467,9117,1,"1"
6760.0598411080782,190456,9128,1,"1"
6763.1006266574095,190420,9164,2,"2"
6774.2589394879615,190395,9189,2,"1-1"
6781.1691465039521,190377,9207,1,"1"
6783.4569410090489,190305,9279,4,"4"
6787.0883383786031,190287,9297,2,"2"
6791.1641227713553,190251,9333,2,"1-1"
6804.1317562978566,190213,9371,3,"3"
6814.5423026548397,190204,9380,1,"1"
6817.3455913137723,190186,9398,1,"1"
6828.3747522060548,190168,9416,1,"1"
6829.5532282821096,190150,9434,1,"1"
6842.9479139279047,190132,9452,1,"1"
6843.5640982227524,190114,9470,1,"1"
6849.4010218005569,189827,9757,29,"6-3-3-2-2-2-2-1-1-1-1-1-1-1-1-1"
6850.9607097408707,189809,9775,1,"1"
6860.0411743289169,189797,9787,1,"1"
6871.2317530329547,189779,9805,1,"1"
6894.4265437030463,189761,9823,1,"1"
6899.3083157758329,189731,9853,3,"1-1-1"
6912.4806233183963,189677,9907,3,"3"
6937.7842232806033,189659,9925,1,"1"
6942.7892216134132,189641,9943,1,"1"
6943.2213959067058,189623,9961,1,"1"
6950.3109933356054,189605,9979,1,"1"
6958.6755136363654,189587,9997,1,"1"
6975.614904709917,189476,10108,11,"3-3-1-1-1-1-1"
6999.6624572546461,189458,10126,1,"1"
7007.8987506369012,189440,10144,1,"1"
7009.3669593334771,189422,10162,1,"1"
7015.2104356323671,189404,10180,1,"1"
7015.9077946756843,189380,10204,4,"2-2"
7023.3217076225383,189362,10222,1,"1"
7024.1049651677422,189353,10231,1,"1"
7029.4911372081733,189335,10249,1,"1"
7031.4427226090138,189317,10267,1,"1"
7032.6813770039635,189299,10285,1,"1"
7040.3771917846607,189289,10295,1,"1"
7045.2144688651915,189271,10313,1,"1"
7048.8961354031117,189256,10328,1,"1"
7058.5144623724882,189184,10400,4,"2-1-1"
7067.1726148412317,189086,10498,8,"3-2-2-1"
7074.2352196955844,189068,10516,1,"1"
7080.1628010279392,189032,10552,2,"1-1"
7082.2761659009311,189006,10578,2,"1-1"
7099.6691945942275,188988,10596,1,"1"
7118.3827146992508,188970,10614,1,"1"
7122.5272696748034,188934,10650,2,"2"
7125.4895017897015,188912,10672,2,"2"
7131.030046971402,188894,10690,1,"1"
7139.806241467877,188858,10726,2,"2"
7144.6659150832438,188842,10742,1,"1"
7152.9932278737888,188824,10760,1,"1"
7166.7710139021838,188806,10778,1,"1"
7166.9615988750147,188788,10796,1,"1"
7167.8366281906365,188752,10832,2,"2"
7190.6531707092217,188734,10850,1,"1"
7198.6888435518676,188716,10868,1,"1"
7210.4342588266654,188346,11238,32,"5-4-3-2-2-2-2-2-2-1-1-1-1-1-1-1-1"
7219.5080930612603,188328,11256,1,"1"
7231.4101380749253,188310,11274,1,"1"
7257.7515329104044,188274,11310,2,"2"
7271.8827336877348,188256,11328,2,"1-1"
7277.037104505037,188228,11356,2,"2"
7292.1297447955903,188132,11452,6,"4-1-1"
7307.6582543040613,188072,11512,5,"2-1-1-1"
7311.1419592244465,188054,11530,1,"1"
7324.3778364723003,188047,11537,1,"1"
7326.5126090146396,188011,11573,2,"2"
7359.7779157285122,188001,11583,1,"1"
7366.1159476735329,187983,11601,1,"1"
7375.2107604525745,187961,11623,2,"2"
7380.872646589386,187927,11657,2,"1-1"
7389.9194403709498,187909,11675,1,"1"
7393.5530151006678,187888,11696,3,"2-1"
7400.4067464309419,187858,11726,2,"2"
7405.6981886634603,187641,11943,19,"4-3-2-2-2-2-1-1-1-1"
7412.0205391304853,187623,11961,1,"1"
7414.0826666464964,187605,11979,1,"1"
7416.6833330665322,187579,12005,2,"2"
7420.428022912628,187567,12017,1,"1"
7425.644132229977,187549,12035,1,"1"
7431.4480760178249,187536,12048,1,"1"
7432.1071114442466,187518,12066,1,"1"
7438.5636559289342,187454,12130,4,"4"
7448.4993601389588,187436,12148,2,"2"
7449.4946232179764,187418,12166,1,"1"
7452.0782278131692,187400,12184,1,"1"
7453.6080609189075,187386,12198,1,"1"
7456.3447814748779,187368,12216,1,"1"
7460.5958755353331,187348,12236,2,"1-1"
7478.7188959388641,187339,12245,1,"1"
7497.7358370036736,187253,12331,5,"2-2-1"
7507.7635091788252,187235,12349,1,"1"
7514.8078492202103,187217,12367,1,"1"
7516.00122617735,187177,12407,4,"2-1-1"
7518.3887560302919,187159,12425,1,"1"
7526.9702547346296,187128,12456,3,"3"
7528.6426321010649,187111,12473,1,"1"
7544.7666178561703,187098,12486,1,"1"
7548.5047747325134,186936,12648,12,"2-2-2-1-1-1-1-1-1"
7549.6501998844251,186916,12668,2,"1-1"
7553.1689550050469,186814,12770,9,"3-3-1-1-1"
7558.2170793015002,186796,12788,1,"1"
7559.1893465076128,186760,12824,2,"2"
7584.7190735908953,186742,12842,1,"1"
7594.1897443820853,186674,12910,6,"4-2"
7595.443748567579,186656,12928,1,"1"
7603.8807120994506,186546,13038,8,"5-1-1-1"
7628.9977321829265,186530,13054,1,"1"
7634.5412332521464,186517,13067,1,"1"
7635.1284895434374,186265,13319,18,"6-4-3-1-1-1-1-1"
7635.2479102735506,186247,13337,1,"1"
7646.8033369618961,186229,13355,1,"1"
7647.5083436051345,186145,13439,6,"2-1-1-1-1"
7651.4737711739781,186127,13457,1,"1"
7655.5872208578221,186035,13549,8,"2-2-2-1-1"
7656.7716006954188,186025,13559,1,"1"
7662.1407622254683,186007,13577,1,"1"
7662.5247287295379,185989,13595,1,"1"
7681.8165771072163,185971,13613,1,"1"
7688.6875788094467,185865,13719,7,"3-2-2"
7715.0948363685729,185829,13755,2,"1-1"
7718.9657599187121,185665,13919,13,"2-2-2-2-1-1-1-1-1"
7736.5199487974469,185647,13937,1,"1"
7737.1482102012133,185629,13955,1,"1"
7742.6674281192054,185611,13973,1,"1"
7746.5468721256302,185593,13991,1,"1"
7749.169248104763,185575,14009,1,"1"
7757.663462812603,185557,14027,1,"1"
7762.0687539511782,0,199584,10466,"10466"
----------------------------------------------2
0,199584,0,0,"0"
89.042649890339277,199583,1,1,"1"
126.09856992818229,199582,2,1,"1"
294.26129842619355,199581,3,1,"1"
305.75609674551578,199563,21,1,"1"
338.68185594377292,199561,23,2,"2"
344.27986706135516,199560,24,1,"1"
348.12150035257548,199555,29,1,"1"
391.87161527884751,199537,47,1,"1"
499.51759635123625,199519,65,1,"1"
510.40600366115768,199501,83,1,"1"
547.90247801282499,199491,93,1,"1"
555.96690999991461,199490,94,1,"1"
613.83588139689448,199480,104,1,"1"
682.28932741865196,199479,105,1,"1"
689.51276262174747,199478,106,1,"1"
696.17617282300853,199477,107,1,"1"
698.843909989586,199459,125,1,"1"
722.4491814489121,199458,126,1,"1"
737.72394846491648,199457,127,1,"1"
749.35931309620594,199456,128,1,"1"
781.30647149227389,199455,129,1,"1"
797.11450690005836,199454,130,1,"1"
800.53361181795219,199453,131,1,"1"
807.42989744058627,199451,133,2,"2"
821.55935120142783,199450,134,1,"1"
831.60380978459739,199449,135,1,"1"
833.61003394015711,199448,136,1,"1"
837.0013960452759,199447,137,1,"1"
843.5397720712881,199446,138,1,"1"
847.85232498731375,199445,139,1,"1"
851.22481412363948,199444,140,1,"1"
852.22313791581894,199443,141,1,"1"
856.37168199790517,199442,142,1,"1"
861.61829300650902,199432,152,1,"1"
865.478572645231,199431,153,1,"1"
875.92043759610135,199430,154,1,"1"
876.57662396148737,199429,155,1,"1"
894.31250830344152,199428,156,1,"1"
906.94095625298871,199427,157,1,"1"
912.09463867011129,199426,158,1,"1"
920.68658510399041,199425,159,1,"1"
934.8111264656643,199424,160,1,"1"
941.32560262685706,199423,161,1,"1"
955.4259443962128,199405,179,1,"1"
968.26118164115553,199404,180,1,"1"
973.3338260330213,199403,181,1,"1"
974.96471757244649,199401,183,2,"2"
980.66347167237279,199383,201,1,"1"
987.65587381196144,199382,202,1,"1"
991.78914783713117,199381,203,1,"1"
1003.0042492059172,199363,221,1,"1"
1053.5982366055507,199362,222,1,"1"
1069.0319622906638,199361,223,1,"1"
1086.2083889617734,199360,224,1,"1"
1092.035211881665,199342,242,1,"1"
1104.1807502139991,199341,243,1,"1"
1120.0543418182604,199331,253,1,"1"
1155.1516937064202,199330,254,1,"1"
1172.2533873805039,199312,272,1,"1"
1217.3088422255719,199311,273,1,"1"
1219.2565856546616,199308,276,1,"1"
1232.5144641893648,199290,294,1,"1"
1251.3652034446297,199289,295,1,"1"
1252.9963475218999,199273,311,4,"2-1-1"
1266.7217672416468,199271,313,2,"2"
1269.6909566559257,199267,317,2,"2"
1271.148391784445,199264,320,3,"1-1-1"
1285.9138668156443,199263,321,1,"1"
1317.9130953373149,199262,322,1,"1"
1342.3593830954023,199258,326,2,"1-1"
1344.7202440645876,199257,327,1,"1"
1370.4779806798795,199239,345,1,"1"
1382.9391885793941,199238,346,1,"1"
1394.3581310359436,199237,347,1,"1"
1400.325559624968,199231,353,2,"2"
1405.7167480899609,199230,354,1,"1"
1406.2004235112004,199229,355,1,"1"
1411.4545224459739,199227,357,2,"2"
1463.3012389482233,199209,375,1,"1"
1471.7247780971127,199202,382,3,"2-1"
1479.5470575562283,199201,383,1,"1"
1507.1295015348844,199200,384,1,"1"
1510.9048560167676,199195,389,1,"1"
1513.6389351292687,199193,391,2,"2"
1518.4615908650605,199192,392,1,"1"
1524.9955320650106,199191,393,1,"1"
1526.3023577032557,199190,394,1,"1"
1562.7734738810607,199189,395,1,"1"
1584.3705476251387,199187,397,2,"1-1"
1592.2470895090264,199185,399,2,"2"
1604.537710092507,199184,400,1,"1"
1615.7379292719033,199183,401,1,"1"
1617.2767504106523,199165,419,1,"1"
1618.8621565576732,199164,420,1,"1"
1623.7915836150521,199162,422,2,"1-1"
1625.8865678104028,199153,431,1,"1"
1648.1424772034807,199152,432,1,"1"
1655.9594486196606,199134,450,1,"1"
1689.1146001153506,199133,451,1,"1"
1706.039741387232,199132,452,1,"1"
1711.2786082157036,199126,458,2,"2"
1714.7383471261012,199122,462,4,"4"
1717.023600746915,199116,468,2,"2"
1720.324822736849,199111,473,1,"1"
1742.4762903207309,199110,474,1,"1"
1742.5085139031103,199108,476,2,"2"
1762.4226182908278,199107,477,1,"1"
1765.3350281697158,199106,478,1,"1"
1774.7440548969344,199102,482,4,"2-2"
1779.9390265623097,199084,500,1,"1"
1798.9131974546704,199083,501,1,"1"
1808.1710175089127,199082,502,1,"1"
1823.6923743019076,199064,520,1,"1"
1826.9721518796118,199061,523,3,"3"
1831.8714563830142,199060,524,1,"1"
1846.4158076064484,199050,534,2,"2"
1863.0100856321196,199045,539,1,"1"
1870.2351436735692,199040,544,5,"3-2"
1873.738421661682,199039,545,1,"1"
1884.3457735773929,199034,550,1,"1"
1885.4948834864531,199032,552,2,"2"
1890.747313320167,199031,553,1,"1"
1899.4439873219267,199029,555,2,"2"
1946.4855173868141,199011,573,1,"1"
1971.1083848026512,199010,574,1,"1"
1973.7874451598057,198992,592,1,"1"
1986.2568110224177,198989,595,3,"3"
1998.4976448281798,198979,605,1,"1"
2005.530485350494,198961,623,1,"1"
2009.7625254617917,198952,632,1,"1"
2011.24803751277,198934,650,1,"1"
2041.8602733821322,198929,655,3,"1-1-1"
2058.7933839253355,198911,673,1,"1"
2069.4836965708137,198893,691,1,"1"
2072.910433436567,198875,709,1,"1"
2074.9838803994676,198857,727,1,"1"
2075.3175292749479,198844,740,1,"1"
2078.7426957619086,198843,741,1,"1"
2086.452800562593,198825,759,1,"1"
2089.3148823837605,198812,772,1,"1"
2092.6879519407289,198809,775,1,"1"
2101.5330361766855,198808,776,1,"1"
2105.9319579546532,198801,783,1,"1"
2110.0916943398897,198756,828,7,"5-1-1"
2117.2068782090464,198738,846,1,"1"
2132.5524199246133,198720,864,1,"1"
2133.485661818414,198702,882,1,"1"
2163.4520786525518,198701,883,1,"1"
2165.0023357510136,198696,888,1,"1"
2165.5917532010599,198695,889,1,"1"
2172.1174965071518,198688,896,5,"2-2-1"
2197.7753622820696,198670,914,1,"1"
2202.3264510480726,198669,915,1,"1"
2224.9972902210657,198651,933,1,"1"
2225.8439178569038,198646,938,1,"1"
2237.3088858958749,198632,952,1,"1"
2252.582127109652,198630,954,2,"2"
2253.8295622378405,198625,959,1,"1"
2262.3670323201891,198624,960,1,"1"
2265.2032718988439,198622,962,2,"2"
2269.9154677051401,198604,980,1,"1"
2280.6618517577222,198602,982,2,"1-1"
2296.3226670973263,198588,996,2,"1-1"
2303.4723574703835,198574,1010,1,"1"
2310.3390204793054,198556,1028,1,"1"
2313.7037190552519,198550,1034,2,"2"
2317.3264154703684,198532,1052,1,"1"
2319.5729510362053,198531,1053,1,"1"
2320.5181801590584,198528,1056,1,"1"
2323.7083969277533,198510,1074,1,"1"
2356.304726257626,198507,1077,1,"1"
2372.3182005850831,198505,1079,2,"2"
2376.3721338470514,198487,1097,1,"1"
2390.2867474339987,198486,1098,1,"1"
2419.1706559171198,198468,1116,1,"1"
2434.7478693064113,198467,1117,1,"1"
2441.5808341086763,198449,1135,1,"1"
2454.1884302879002,198431,1153,2,"1-1"
2480.8709188765497,198430,1154,1,"1"
2481.0504022951368,198421,1163,1,"1"
2490.9237592224927,198420,1164,1,"1"
2499.2104942141382,198402,1182,1,"1"
2549.6528558105956,198388,1196,1,"1"
2563.6440847841313,198378,1206,2,"2"
2565.6056306795913,198360,1224,1,"1"
2585.3075700687295,198346,1238,1,"1"
2599.2626662921052,198340,1244,2,"2"
2604.4519473734999,198322,1262,1,"1"
2631.4788069703068,198268,1316,3,"2-1"
2651.4552765642352,198250,1334,1,"1"
2670.9455688907406,198237,1347,1,"1"
2686.8778378313386,198227,1357,1,"1"
2713.9032470217408,198217,1367,1,"1"
2738.1483793454449,198212,1372,1,"1"
2747.8897243788233,198202,1382,1,"1"
2757.3366086163983,198197,1387,1,"1"
2763.7315531012132,198183,1401,1,"1"
2780.1381347145275,198165,1419,1,"1"
2793.6854036709028,198141,1443,2,"1-1"
2793.7467021235716,198128,1456,1,"1"
2812.5158506526714,198118,1466,1,"1"
2814.5014550210108,198100,1484,1,"1"
2840.0612235220051,198089,1495,1,"1"
2844.4069147916421,198080,1504,3,"3"
2850.0223029179074,198062,1522,1,"1"
2856.4885589759915,198048,1536,2,"2"
2864.149132025264,198030,1554,1,"1"
2881.211972456093,198012,1572,1,"1"
2883.9657314193814,198007,1577,1,"1"
2898.6551148591711,197997,1587,1,"1"
2900.330115022507,197979,1605,1,"1"
2901.0753195212501,197974,1610,1,"1"
2905.8297899790273,197956,1628,1,"1"
2914.6545311913701,197946,1638,1,"1"
2923.177585907365,197928,1656,1,"1"
2970.4094413207704,197925,1659,1,"1"
2996.5643135011787,197919,1665,2,"2"
3011.3432042355098,197916,1668,1,"1"
3030.6409867443253,197906,1678,1,"1"
3035.0061737515057,197888,1696,1,"1"
3094.1761712642569,197878,1706,1,"1"
3108.5376842486858,197864,1720,2,"1-1"
3133.8926051408243,197859,1725,1,"1"
3134.0619895236937,197841,1743,1,"1"
3137.794535435532,197838,1746,1,"1"
3150.7597816601578,197833,1751,1,"1"
3171.0233878629692,197821,1763,1,"1"
3171.3103663921461,197803,1781,1,"1"
3176.2497210226079,197789,1795,1,"1"
3184.5123660092972,197786,1798,1,"1"
3190.8607719249612,197768,1816,1,"1"
3193.4433303949831,197750,1834,1,"1"
3220.7942973089421,197740,1844,2,"1-1"
3222.8297375958023,197735,1849,1,"1"
3233.9310807232218,197725,1859,1,"1"
3239.7606708400376,197707,1877,1,"1"
3250.6459631386319,197689,1895,1,"1"
3256.1564818450133,197684,1900,1,"1"
3258.1179436065268,197681,1903,1,"1"
3295.7522648513836,197671,1913,1,"1"
3312.7927222262142,197662,1922,1,"1"
3327.1379706642138,197644,1940,1,"1"
3333.2496901116751,197635,1949,1,"1"
3353.2329185338826,197621,1963,1,"1"
3353.7974789472892,197616,1968,1,"1"
3393.9561696137494,197610,1974,2,"2"
3407.8370683266162,197592,1992,1,"1"
3416.6706786599334,197574,2010,1,"1"
3435.2841836785742,197564,2020,2,"2"
3459.029177830987,197546,2038,1,"1"
3463.8727194749445,197528,2056,1,"1"
3472.2729037240842,197525,2059,1,"1"
3473.0220016110243,197507,2077,1,"1"
3473.711457221551,197489,2095,1,"1"
3479.5940551392187,197475,2109,1,"1"
3497.9258078095681,197457,2127,1,"1"
3502.489623908366,197439,2145,1,"1"
3519.0263132512,197436,2148,1,"1"
3520.1049424540947,197433,2151,1,"1"
3521.1373558364426,197415,2169,1,"1"
3528.9212539888676,197397,2187,1,"1"
3539.9143203759049,197392,2192,1,"1"
3552.2270849026809,197374,2210,1,"1"
3555.4856368113792,197365,2219,1,"1"
3556.4651807355995,197351,2233,1,"1"
3566.154814382131,197333,2251,1,"1"
3575.2849238309341,197330,2254,1,"1"
3583.3558802821476,197320,2264,1,"1"
3589.570000112466,197302,2282,1,"1"
3602.0456984046637,197286,2298,1,"1"
3639.3345886876778,197281,2303,1,"1"
3644.461314412039,197272,2312,1,"1"
3644.9177016409349,197254,2330,1,"1"
3650.6386200959182,197249,2335,1,"1"
3652.754042751551,197231,2353,1,"1"
3653.9108665307963,197216,2368,1,"1"
3664.9736428178367,197198,2386,2,"2"
3687.7306337996847,197180,2404,1,"1"
3690.6163943283304,197174,2410,2,"2"
3701.8207331406998,197171,2413,1,"1"
3712.2434844854588,197166,2418,1,"1"
3718.4187310568032,197148,2436,1,"1"
3720.8197453832749,197138,2446,2,"2"
3735.8637521717969,197120,2464,1,"1"
3746.9528903205542,197117,2467,1,"1"
3781.723403667223,197114,2470,1,"1"
3795.0753772924049,197096,2488,2,"1-1"
3796.7325203461087,197078,2506,1,"1"
3832.2277199136438,197060,2524,1,"1"
3835.9459779987001,197050,2534,2,"2"
3838.3905045604133,197032,2552,1,"1"
3850.9354357722586,197022,2562,1,"1"
3881.044571077779,196979,2605,7,"3-2-1-1"
3900.0946069247343,196961,2623,1,"1"
3935.3064630738786,196955,2629,2,"2"
3941.910287837301,196946,2638,1,"1"
3950.9815740565955,196928,2656,1,"1"
3967.9028160975045,196923,2661,1,"1"
3979.2322368627702,196905,2679,4,"2-1-1"
4038.6614422953066,196900,2684,1,"1"
4045.9186020390862,196882,2702,1,"1"
4047.0022775518205,196846,2738,2,"2"
4053.8367805949702,196835,2749,1,"1"
4085.2166183603276,196817,2767,1,"1"
4090.6326224132044,196804,2780,1,"1"
4094.3200055034717,196786,2798,1,"1"
4096.4903933929872,196783,2801,1,"1"
4098.1977461422221,196765,2819,1,"1"
4119.1940905576375,196760,2824,1,"1"
4122.0328193034802,196742,2842,1,"1"
4123.0717388727953,196732,2852,1,"1"
4131.8450746180852,196714,2870,1,"1"
4144.1871219218519,196704,2880,2,"2"
4150.0936319742859,196694,2890,1,"1"
4150.3653385186899,196676,2908,1,"1"
4153.9191948871267,196667,2917,1,"1"
4161.4955388631215,196662,2922,1,"1"
4163.4856482618352,196644,2940,1,"1"
4196.1725427603933,196618,2966,2,"2"
4197.3097289414673,196613,2971,1,"1"
4232.0493911458452,196595,2989,1,"1"
4237.1273596947403,196577,3007,1,"1"
4238.6057389694042,196567,3017,2,"2"
4278.9385295732491,196560,3024,1,"1"
4315.7195187317302,196555,3029,1,"1"
4332.2183246866616,196545,3039,2,"2"
4351.5104092708334,196527,3057,1,"1"
4357.5887592941563,196485,3099,3,"3"
4375.1307553533688,196478,3106,1,"1"
4376.633280793928,196460,3124,1,"1"
4390.2303822178592,196442,3142,1,"1"
4394.528272387769,196436,3148,2,"2"
4395.3856008596113,196418,3166,1,"1"
4395.4032090522924,196400,3184,1,"1"
4401.8959680952166,196378,3206,2,"2"
4424.1941260210542,196360,3224,1,"1"
4424.2933183897521,196350,3234,2,"2"
4427.8977203468739,196332,3252,1,"1"
4453.8639375813455,196320,3264,1,"1"
4454.1574197994396,196317,3267,1,"1"
4459.3996177991085,196296,3288,5,"2-2-1"
4468.3221001462562,196293,3291,1,"1"
4495.5636155502107,196273,3311,2,"2"
4511.4487944883431,196259,3325,1,"1"
4512.7861534143667,196241,3343,1,"1"
4519.1055007990581,196223,3361,1,"1"
4521.6573746001714,196205,3379,1,"1"
4524.6474587970661,196187,3397,1,"1"
4528.9518430889975,196169,3415,1,"1"
4534.6287841722315,196141,3443,4,"3-1"
4537.2476542586073,196123,3461,1,"1"
4539.0647456470615,196087,3497,2,"2"
4602.5960655706413,196082,3502,1,"1"
4613.3930314678882,196064,3520,1,"1"
4622.2049159136413,196046,3538,1,"1"
4632.405659674956,196028,3556,1,"1"
4646.054123036989,196018,3566,2,"2"
4657.3990551497791,196000,3584,1,"1"
4663.2963746824726,195982,3602,1,"1"
4676.6936424026526,195964,3620,1,"1"
4684.2795533806557,195946,3638,1,"1"
4685.9694018808841,195928,3656,1,"1"
4691.6983710430786,195910,3674,1,"1"
4696.3582978942704,195892,3692,1,"1"
4705.6313173009521,195874,3710,1,"1"
4711.553617135447,195838,3746,2,"2"
4727.885744703719,195820,3764,1,"1"
4730.6489246526698,195802,3782,1,"1"
4744.6854619718297,195793,3791,1,"1"
4757.0674696014748,195781,3803,1,"1"
4782.6359130710352,195771,3813,1,"1"
4796.6199649213113,195753,3831,1,"1"
4799.479626105518,195750,3834,1,"1"
4814.0651948911864,195745,3839,1,"1"
4819.6243269966344,195731,3853,2,"2"
4822.5044269130858,195713,3871,1,"1"
4829.9005023697637,195695,3889,1,"1"
4832.8973938338022,195677,3907,1,"1"
4840.4249286463773,195664,3920,1,"1"
4855.0857510229907,195646,3938,1,"1"
4858.6667621039942,195628,3956,1,"1"
4859.9213783047617,195610,3974,1,"1"
4863.8856786506803,195592,3992,1,"1"
4867.4392901272768,195574,4010,1,"1"
4891.3630332006787,195561,4023,1,"1"
4903.9499883205453,195543,4041,1,"1"
4937.4141508237408,195525,4059,1,"1"
4953.5572208552258,195507,4077,1,"1"
4972.7942547657449,195489,4095,1,"1"
4981.8886154497204,195482,4102,1,"1"
4996.5725869439166,195477,4107,1,"1"
5000.4968490913425,195441,4143,2,"1-1"
5002.4489438166711,195431,4153,1,"1"
5007.6119132264675,195413,4171,1,"1"
5008.3391978093969,195395,4189,1,"1"
5015.3093325951677,195390,4194,1,"1"
5017.5712513932585,195372,4212,1,"1"
5020.8191685286383,195348,4236,2,"1-1"
5022.6149065373729,195325,4259,3,"2-1"
5030.800905086332,195287,4297,3,"3"
5035.63302864251,195269,4315,1,"1"
5055.1935974570169,195251,4333,1,"1"
5056.5225436465098,195233,4351,1,"1"
5058.2917853227518,195215,4369,1,"1"
5063.4177782806164,195196,4388,3,"3"
5064.8653879651447,195178,4406,1,"1"
5067.0526954671996,195160,4424,1,"1"
5078.7426233317437,195142,4442,1,"1"
5084.0729486147429,195124,4460,1,"1"
5095.107107340521,195075,4509,5,"2-2-1"
5097.6564787785583,195065,4519,2,"2"
5102.0526176975854,195060,4524,1,"1"
5115.5469385116121,195042,4542,1,"1"
5127.7731970329969,195037,4547,1,"1"
5140.5376540441803,195027,4557,2,"2"
5140.7957152565541,195009,4575,1,"1"
5143.2604371004418,194999,4585,1,"1"
5153.3015827419185,194981,4603,1,"1"
5163.1825018958762,194963,4621,1,"1"
5176.1444766698987,194958,4626,1,"1"
5179.087131471204,194953,4631,1,"1"
5193.2848379522857,194917,4667,2,"2"
5196.7209623726721,194899,4685,1,"1"
5198.5255265143796,194881,4703,1,"1"
5202.6992611111154,194876,4708,1,"1"
5206.9974580228645,194868,4716,2,"2"
5208.2674092217458,194850,4734,1,"1"
5212.2840231601131,194840,4744,2,"2"
5218.3569719793768,194817,4767,5,"2-1-1-1"
5223.069368793238,194807,4777,1,"1"
5236.6684181325645,194797,4787,1,"1"
5281.8509989428721,194777,4807,2,"1-1"
5286.4380673299174,194759,4825,1,"1"
5298.4369621392871,194747,4837,1,"1"
5304.1554843574977,194729,4855,1,"1"
5317.1716141220159,194711,4873,1,"1"
5320.7719096344726,194638,4946,11,"5-1-1-1-1-1-1"
5321.7394558633205,194618,4966,4,"3-1"
5327.6117259248622,194600,4984,1,"1"
5337.9901649574331,194595,4989,1,"1"
5343.2201876165564,194577,5007,1,"1"
5343.8616720963591,194559,5025,1,"1"
5358.1040565189087,194485,5099,5,"2-2-1"
5373.3858364917614,194467,5117,1,"1"
5377.0027141869059,194457,5127,1,"1"
5378.5803380141342,194439,5145,1,"1"
5382.920765910013,194421,5163,1,"1"
5385.2283909374992,194414,5170,1,"1"
5388.3317633986871,194396,5188,1,"1"
5407.1511174850812,194364,5220,4,"1-1-1-1"
5412.0823047558388,194346,5238,1,"1"
5420.3633542068537,194328,5256,1,"1"
5436.7012435593833,194323,5261,1,"1"
5436.9930932118668,194309,5275,1,"1"
5460.0913483928798,194291,5293,1,"1"
5462.3432741000615,194281,5303,1,"1"
5463.3672954141703,194276,5308,1,"1"
5464.6908413242954,194258,5326,1,"1"
5468.2692015208486,194246,5338,1,"1"
5480.9832434786831,194228,5356,1,"1"
5486.8334278097227,194210,5374,1,"1"
5508.1076744524735,194196,5388,2,"2"
5508.9342250535192,194178,5406,1,"1"
5509.8687811701457,194160,5424,1,"1"
5526.3654974146712,194134,5450,4,"2-1-1"
5547.1539846701307,194122,5462,1,"1"
5556.6504901490071,194072,5512,4,"3-1"
5562.9055932712054,194053,5531,3,"2-1"
5566.1757011503032,194048,5536,1,"1"
5567.059856454317,194030,5554,1,"1"
5581.8652111779575,193976,5608,3,"3"
5585.2186464162196,193958,5626,1,"1"
5589.9251255961281,193940,5644,1,"1"
5591.9298795758068,193931,5653,1,"1"
5608.4518340044315,193913,5671,1,"1"
5626.6642983174852,193885,5699,2,"2"
5627.6752206433612,193867,5717,1,"1"
5631.5149707002902,193862,5722,1,"1"
5638.4564950972008,193844,5740,1,"1"
5646.3263385767095,193835,5749,1,"1"
5656.5916035433838,193810,5774,3,"3"
5696.0814703438245,193800,5784,1,"1"
5703.2976319532791,193782,5802,1,"1"
5703.3662907956323,193764,5820,1,"1"
5716.2787596272028,193754,5830,2,"2"
5723.6031150160798,193736,5848,1,"1"
5725.5249018389732,193718,5866,1,"1"
5727.7582315023119,193700,5884,1,"1"
5727.8119139114797,193682,5902,1,"1"
5731.4133955749339,193677,5907,1,"1"
5740.0440772837264,193659,5925,1,"1"
5741.2377291676848,193641,5943,1,"1"
5753.2646106367201,193613,5971,2,"2"
5764.6708730079927,193599,5985,1,"1"
5782.6928822717846,193586,5998,1,"1"
5789.0895685183223,193568,6016,1,"1"
5801.3902372269695,193501,6083,5,"4-1"
5827.0950737256162,193491,6093,2,"2"
5832.2884627283056,193478,6106,1,"1"
5836.0031928380076,193440,6144,3,"3"
5837.2042777730157,193435,6149,1,"1"
5853.6296740494108,193417,6167,1,"1"
5857.0101534753821,193358,6226,9,"5-2-2"
5858.7715176748952,193340,6244,1,"1"
5873.7238019543047,193322,6262,1,"1"
5876.3632843045134,193304,6280,1,"1"
5883.6722152588045,193286,6298,1,"1"
5897.9354499303927,193250,6334,3,"2-1"
5904.9581463338973,193232,6352,1,"1"
5907.2874473978391,193214,6370,1,"1"
5918.0721652757238,193190,6394,2,"2"
5925.2563740905207,193172,6412,1,"1"
5927.1550780052394,193154,6430,1,"1"
5927.4008119430227,193124,6460,4,"3-1"
5948.4229320023805,193109,6475,3,"2-1"
5949.3785380222598,193077,6507,2,"1-1"
5962.7721615977543,193065,6519,1,"1"
5972.4134280748758,193047,6537,1,"1"
5972.8864123934618,193038,6546,1,"1"
5973.6835200045189,193020,6564,1,"1"
5974.2192845528043,193006,6578,2,"2"
5987.1243535636113,192966,6618,4,"2-1-1"
5991.0616781481049,192948,6636,1,"1"
5998.0873705309532,192930,6654,1,"1"
6016.1965795349397,192912,6672,1,"1"
6028.889412926811,192894,6690,1,"1"
6031.0812094350831,192884,6700,2,"2"
6040.142290015292,192866,6718,1,"1"
6042.5336473622756,192861,6723,1,"1"
6043.7849932429472,192851,6733,1,"1"
6054.1023436756277,192829,6755,2,"2"
6059.3085600473632,192819,6765,2,"2"
6073.1522392273728,192801,6783,1,"1"
6074.7106075832153,192711,6873,5,"3-2"
6084.1902732822336,192706,6878,1,"1"
6091.6817861215923,192695,6889,1,"1"
6125.139932344422,192671,6913,2,"2"
6136.6028464769734,192653,6931,1,"1"
6139.9381211378559,192635,6949,1,"1"
6144.2419970225565,192604,6980,3,"1-1-1"
6148.7628140406832,192586,6998,1,"1"
6156.8606720770622,192568,7016,1,"1"
6170.9819800614096,192532,7052,2,"2"
6175.3874119184829,192466,7118,6,"2-2-1-1"
6183.3770893291194,192448,7136,1,"1"
6191.8050911829587,192430,7154,1,"1"
6197.4615211825158,192394,7190,2,"2"
6205.1438438610503,192376,7208,1,"1"
6217.2667310308134,192367,7217,1,"1"
6221.9131542512559,192349,7235,1,"1"
6243.0711650107332,192331,7253,1,"1"
6243.7239784943449,192313,7271,1,"1"
6243.9935608937831,192295,7289,1,"1"
6246.8516084081948,192277,7307,1,"1"
6262.6708411399786,192259,7325,1,"1"
6266.4083590328082,192223,7361,2,"1-1"
6281.912996542962,192205,7379,1,"1"
6289.2838378217903,192187,7397,1,"1"
6290.4875726636947,192169,7415,1,"1"
6290.5080466358004,192151,7433,1,"1"
6302.9036145142536,192133,7451,1,"1"
6308.9938037339189,192119,7465,2,"2"
6312.2393859711874,192101,7483,1,"1"
6326.3113327193923,192083,7501,1,"1"
6332.7218626487993,192066,7518,1,"1"
6332.7998098613307,192034,7550,2,"1-1"
6337.1815728246211,192016,7568,1,"1"
6340.0564247125685,191998,7586,2,"2"
6341.4917641674647,191980,7604,1,"1"
6363.4328294092065,191964,7620,1,"1"
6374.749233567034,191957,7627,1,"1"
6381.3053019753643,191939,7645,1,"1"
6384.9861107116021,191906,7678,3,"2-1"
6388.8862104999798,191899,7685,1,"1"
6391.8913230857261,191894,7690,1,"1"
6395.3720689846305,191880,7704,1,"1"
6396.0812795976326,191862,7722,1,"1"
6396.6290338402878,191842,7742,2,"2"
6399.203099712563,191824,7760,1,"1"
6399.225688642061,191806,7778,1,"1"
6403.5128217877018,191788,7796,1,"1"
6411.1101864410548,191724,7860,7,"4-2-1"
6411.1816160227272,191706,7878,1,"1"
6427.3066768045528,191688,7896,1,"1"
6431.1520268321292,191670,7914,1,"1"
6433.2400791894161,191661,7923,1,"1"
6434.3073745352294,191652,7932,1,"1"
6439.9776719084757,191634,7950,1,"1"
6440.7365054398697,191568,8016,6,"3-1-1-1"
6446.0131522985475,191554,8030,2,"2"
6447.2226040705173,191536,8048,1,"1"
6450.9969452736232,191531,8053,1,"1"
6473.8464651504246,191513,8071,1,"1"
6481.3288310235166,191291,8293,18,"8-2-2-1-1-1-1-1-1"
6487.1439710058758,191273,8311,1,"1"
6495.8165686406855,191255,8329,1,"1"
6505.1000349239112,191191,8393,4,"3-1"
6507.1346907092229,191173,8411,1,"1"
6512.2795076587163,191166,8418,1,"1"
6521.2991431916053,191159,8425,1,"1"
6521.9353903794099,191141,8443,1,"1"
6526.5135622539719,191105,8479,2,"2"
6530.6017156597982,191087,8497,1,"1"
6542.6135770088331,191029,8555,8,"3-3-1-1"
6543.2284392935371,190993,8591,2,"2"
6543.2807871683463,190988,8596,1,"1"
6543.6675531154597,190942,8642,6,"3-1-1-1"
6555.770736451801,190894,8690,3,"2-1"
6563.6335070397699,190876,8708,1,"1"
6575.788324672335,190858,8726,1,"1"
6576.1356627490495,190840,8744,1,"1"
6581.66085175231,190811,8773,2,"2"
6582.070396731282,190793,8791,1,"1"
6606.0017486028855,190775,8809,1,"1"
6609.0931436086612,190717,8867,5,"3-1-1"
6626.7588058740757,190712,8872,1,"1"
6642.1197794865693,190707,8877,1,"1"
6649.2626276979554,190653,8931,3,"3"
6652.9344834075127,190635,8949,1,"1"
6654.3238211546841,190599,8985,2,"1-1"
6656.6949237286462,190587,8997,1,"1"
6661.8867018323617,190559,9025,2,"1-1"
6676.7264708402727,190546,9038,1,"1"
6692.9944767243451,190528,9056,1,"1"
6694.237783916883,190510,9074,1,"1"
6699.0796835706769,190492,9092,1,"1"
6699.9187837409345,190409,9175,11,"4-3-2-1-1"
6705.4997638307195,190391,9193,1,"1"
6708.3649934974483,190373,9211,1,"1"
6728.9125548608645,190337,9247,2,"2"
6745.7173824523761,190319,9265,1,"1"
6755.2968608449419,190301,9283,1,"1"
6762.0702394351356,190296,9288,1,"1"
6771.4600188992999,190279,9305,3,"2-1"
6780.506865392842,190261,9323,1,"1"
6782.6594714050434,190244,9340,1,"1"
6795.6645384004178,190234,9350,1,"1"
6795.7232365336622,190225,9359,1,"1"
6796.235254070948,190207,9377,1,"1"
6802.3037169221125,190202,9382,1,"1"
6807.5612616111193,190193,9391,1,"1"
6809.2960892150622,190172,9412,3,"3"
6817.9537902256325,190152,9432,2,"2"
6823.0731352832845,190128,9456,2,"1-1"
6831.736401183789,190110,9474,1,"1"
6853.854144534801,190092,9492,1,"1"
6854.8340188471338,190085,9499,1,"1"
6860.6032281112193,190015,9569,5,"3-1-1"
6866.3697830009778,189995,9589,2,"2"
6894.5568539716223,189985,9599,1,"1"
6897.4754047415954,189923,9661,5,"5"
6908.3476509231468,189916,9668,1,"1"
6910.3813526546828,189906,9678,1,"1"
6911.7197894074598,189888,9696,1,"1"
6912.0966047559559,189881,9703,1,"1"
6912.1968276658572,189863,9721,1,"1"
6919.7143492367932,189845,9739,1,"1"
6921.1883811525768,189809,9775,2,"1-1"
6922.2579602376682,189791,9793,1,"1"
6925.7554129184236,189782,9802,1,"1"
6933.8935863987708,189764,9820,1,"1"
6942.6770376159448,189755,9829,1,"1"
6944.6119666487857,189727,9857,2,"1-1"
6946.0037385998476,189691,9893,2,"2"
6947.6069969890705,189667,9917,4,"2-1-1"
6952.6426869031875,189649,9935,1,"1"
6959.1687072873237,189622,9962,3,"2-1"
6961.7705208432862,189606,9978,1,"1"
6963.1875850280385,189588,9996,1,"1"
6964.4475525533508,189570,10014,1,"1"
6980.4710656082088,189552,10032,1,"1"
6988.3508415621945,189534,10050,1,"1"
6988.7023751523257,189516,10068,1,"1"
6990.7163268187605,189506,10078,1,"1"
6996.1404011041586,189492,10092,1,"1"
6998.795881173377,189464,10120,2,"2"
7004.4654599420101,189424,10160,3,"2-1"
7004.5696258660946,189406,10178,1,"1"
7007.3000756313777,189388,10196,1,"1"
7026.8124672811,189370,10214,1,"1"
7035.7468939880137,189352,10232,1,"1"
7058.3148258226911,189334,10250,1,"1"
7058.5517325227011,189316,10268,1,"1"
7059.2062457652528,189298,10286,1,"1"
7067.8788074850099,189280,10304,1,"1"
7082.2590106995713,189262,10322,1,"1"
7093.1848961562791,189244,10340,1,"1"
7097.6383557719455,189226,10358,1,"1"
7098.0688637277763,189208,10376,1,"1"
7104.8109580310902,189172,10412,2,"2"
7140.3680609744433,189111,10473,4,"2-1-1"
7149.1443215302943,189093,10491,1,"1"
7169.6103882377429,189084,10500,1,"1"
7178.0028145239521,189066,10518,1,"1"
7204.2702795170289,189048,10536,1,"1"
7215.0099154447498,189030,10554,1,"1"
7218.3305031332748,189012,10572,1,"1"
7231.5092849817602,188994,10590,1,"1"
7247.829214435109,188976,10608,1,"1"
7251.9999358390114,188901,10683,9,"2-2-1-1-1-1-1"
7255.6108634117936,188883,10701,1,"1"
7255.9948526156786,188872,10712,1,"1"
7270.5005426593498,188854,10730,1,"1"
7272.1702825950588,188849,10735,1,"1"
7274.1036419579223,188831,10753,1,"1"
7285.1972573509393,188813,10771,1,"1"
7294.746967267065,188765,10819,4,"3-1"
7306.7965333369029,188703,10881,4,"2-1-1"
7311.162198780562,188688,10896,1,"1"
7312.9547545535825,188678,10906,1,"1"
7315.0378841978863,188649,10935,2,"2"
7322.6754321904818,188640,10944,1,"1"
7327.8384550202309,188622,10962,1,"1"
7329.5019779054064,188539,11045,6,"2-2-1-1"
7338.0210707258138,188491,11093,6,"3-2-1"
7342.1440526283777,188478,11106,1,"1"
7356.2758730145642,188345,11239,12,"4-4-3-1"
7356.5091403044744,188327,11257,1,"1"
7356.8488053253714,188270,11314,5,"5"
7371.1163688431589,188252,11332,1,"1"
7371.1416342552902,188234,11350,1,"1"
7384.5757043870672,188216,11368,1,"1"
7384.9561346790688,188014,11570,19,"4-4-2-2-2-1-1-1-1-1"
7399.9889079275945,187814,11770,17,"4-4-3-1-1-1-1-1-1"
7412.1367331193305,187796,11788,1,"1"
7413.6586383279591,187778,11806,1,"1"
7413.9566405840442,187760,11824,2,"1-1"
7417.674380823164,187742,11842,1,"1"
7418.6558445184046,187724,11860,1,"1"
7420.3819586745731,187658,11926,5,"4-1"
7427.1126892661196,187636,11948,2,"1-1"
7428.5588156104768,187554,12030,7,"6-1"
7429.3425946435682,187520,12064,2,"2"
7429.643377115608,187502,12082,1,"1"
7433.3027732296741,187480,12104,2,"1-1"
7453.5752807354338,187462,12122,1,"1"
7466.6715792762297,187444,12140,1,"1"
7469.560542032028,187422,12162,2,"1-1"
7488.3028168762812,187386,12198,2,"1-1"
7506.9182843595545,187368,12216,1,"1"
7521.7711577057889,187358,12226,1,"1"
7524.8846633130324,187340,12244,1,"1"
7525.9881529873255,187168,12416,14,"3-2-2-2-2-1-1-1"
7535.3136339953644,187132,12452,2,"2"
7541.6777437366236,186920,12664,16,"7-2-2-1-1-1-1-1"
7545.0970056664419,186884,12700,2,"2"
7556.1648052872606,186866,12718,1,"1"
7557.2715332806547,186812,12772,6,"2-1-1-1-1"
7562.6559584228007,186798,12786,1,"1"
7567.8718609328762,186780,12804,1,"1"
7570.6178119437564,186766,12818,1,"1"
7594.7571922324651,186748,12836,1,"1"
7599.3424602209698,186712,12872,2,"2"
7601.7404868146969,186676,12908,2,"1-1"
7609.4178884036173,186520,13064,13,"4-1-1-1-1-1-1-1-1-1"
7611.7890878575881,186433,13151,6,"3-2-1"
7616.6914882973069,186421,13163,1,"1"
7622.5220136437274,186403,13181,1,"1"
7623.7338684396773,186381,13203,2,"2"
7625.9026527773203,186363,13221,1,"1"
7628.4439994674995,186345,13239,1,"1"
7629.6470728374743,186315,13269,3,"2-1"
7634.8661843616001,186199,13385,10,"3-2-2-1-1-1"
7643.9628166007415,184658,14926,127,"7-7-7-6-6-6-5-5-4-3-3-3-3-3-3-3-3-3-2-2-2-2-2-2-2-2-2-2-2-2-2-2-1-1-1-1-1-1-1-1-1-1-1-1-1-1-1-1-1-1-1"
7662.5172491286921,184634,14950,2,"2"
7665.8225888421648,184621,14963,1,"1"
7678.2417759433292,184603,14981,1,"1"
7683.048230763663,184585,14999,1,"1"
7683.1634726740258,184283,15301,24,"7-3-3-2-2-1-1-1-1-1-1-1"
7684.5615367576802,184265,15319,1,"1"
7698.1815997242902,184247,15337,1,"1"
7707.1850621504536,184229,15355,1,"1"
7709.8110978625955,184211,15373,1,"1"
7713.4124669690855,0,199584,10351,"10351"
