0.00000 1.000000
9.64932 1.000027
19.29860 1.000143
28.94800 1.000321
38.59730 1.000565
48.24660 1.000814
57.89590 1.001323
67.54530 1.001821
77.19460 1.002640
86.84390 1.003438
96.49320 1.004088
106.14300 1.004600
115.79200 1.005713
125.44100 1.006490
135.09100 1.007195
144.74000 1.007887
154.38900 1.008709
164.03800 1.009507
173.68800 1.010540
183.33700 1.011219
192.98600 1.011900
202.63600 1.012664
212.28500 1.013279
221.93400 1.013889
231.58400 1.014260
241.23300 1.014411
250.88200 1.014859
260.53200 1.015201
270.18100 1.015349
279.83000 1.015781
289.48000 1.016214
299.12900 1.016773
308.77800 1.017343
318.42800 1.017637
328.07700 1.018048
337.72600 1.018459
347.37600 1.018684
357.02500 1.019050
366.67400 1.019270
376.32400 1.019151
385.97300 1.019421
395.62200 1.019991
405.27200 1.020148
414.92100 1.020132
424.57000 1.020185
434.22000 1.020734
443.86900 1.020977
453.51800 1.021404
463.16800 1.021881
472.81700 1.022192
482.46600 1.022722
492.11500 1.022133
501.76500 1.022298
511.41400 1.022324
521.06300 1.021585
530.71300 1.022011
540.36200 1.022102
550.01100 1.021115
559.66100 1.021691
569.31000 1.019872
578.95900 1.020378
588.60900 1.020609
598.25800 1.020792
607.90700 1.021317
617.55700 1.021972
627.20600 1.021582
636.85500 1.021765
646.50500 1.021532
656.15400 1.022054
665.80300 1.023273
675.45300 1.023188
685.10200 1.024408
694.75100 1.026555
704.40100 1.029675
714.05000 1.030739
723.69900 1.031035
733.34900 1.029657
742.99800 1.030423
752.64700 1.030728
762.29700 1.030402
771.94600 1.032814
781.59500 1.034871
791.24500 1.036817
800.89400 1.038734
810.54300 1.038967
820.19200 1.039649
829.84200 1.039333
839.49100 1.039222
849.14000 1.042729
858.79000 1.042997
868.43900 1.043654
878.08800 1.045187
887.73800 1.044696
897.38700 1.044063
