0.00000 1.000000
5.37991 1.000000
10.75980 1.000096
16.13970 1.000316
21.51960 1.000619
26.89950 1.001034
32.27950 1.001650
37.65940 1.002061
43.03930 1.002777
48.41920 1.003666
53.79910 1.004802
59.17900 1.006049
64.55890 1.006653
69.93880 1.007539
75.31870 1.008666
80.69860 1.009607
86.07850 1.010229
91.45850 1.011190
96.83840 1.012068
102.21800 1.012969
107.59800 1.013709
112.97800 1.014370
118.35800 1.015184
123.73800 1.015896
129.11800 1.016521
134.49800 1.017399
139.87800 1.017958
145.25800 1.018456
150.63700 1.019379
156.01700 1.020097
161.39700 1.020611
166.77700 1.021146
172.15700 1.021194
177.53700 1.021542
182.91700 1.022216
188.29700 1.022868
193.67700 1.023646
199.05700 1.024397
204.43700 1.024878
209.81600 1.025314
215.19600 1.025978
220.57600 1.026419
225.95600 1.026981
231.33600 1.027654
236.71600 1.028189
242.09600 1.028817
247.47600 1.028706
252.85600 1.028225
258.23600 1.028622
263.61600 1.030034
268.99500 1.030554
274.37500 1.031239
279.75500 1.031098
285.13500 1.032351
290.51500 1.033538
295.89500 1.032928
301.27500 1.032565
306.65500 1.030239
312.03500 1.030497
317.41500 1.031564
322.79500 1.025617
328.17400 1.026227
333.55400 1.023550
338.93400 1.012732
344.31400 1.008976
349.69400 1.009348
355.07400 1.009481
360.45400 0.994471
365.83400 0.995150
371.21400 0.995363
376.59400 0.996412
381.97400 0.996523
387.35300 0.996520
392.73300 0.996983
398.11300 0.997647
403.49300 0.998224
408.87300 0.998528
414.25300 0.999549
419.63300 1.000072
425.01300 1.001067
430.39300 1.001517
435.77300 1.002939
441.15300 1.003414
446.53200 1.003756
451.91200 1.002792
457.29200 1.001442
462.67200 1.001178
468.05200 1.001151
473.43200 1.000460
478.81200 1.000736
484.19200 1.001040
489.57200 1.002254
494.95200 0.999537
500.33200 1.000285
505.71100 0.996415
511.09100 0.996193
516.47100 1.000123
