0.00000 1.000000
2.34443 1.000026
4.68887 1.000151
7.03330 1.000243
9.37774 1.000331
11.72220 1.000501
14.06660 1.000711
16.41100 1.000946
18.75550 1.001156
21.09990 1.001454
23.44430 1.002018
25.78880 1.002268
28.13320 1.002912
30.47760 1.003380
32.82210 1.004249
35.16650 1.005062
37.51090 1.005567
39.85540 1.006384
42.19980 1.007452
44.54420 1.008291
46.88870 1.008773
49.23310 1.009234
51.57750 1.010069
53.92200 1.011038
56.26640 1.012120
58.61090 1.013099
60.95530 1.013998
63.29970 1.014609
65.64420 1.015415
67.98860 1.016380
70.33300 1.017245
72.67750 1.018593
75.02190 1.019719
77.36630 1.020879
79.71080 1.021796
82.05520 1.022491
84.39960 1.023195
86.74410 1.024122
89.08850 1.024936
91.43290 1.025801
93.77740 1.027068
96.12180 1.027867
98.46620 1.028853
100.81100 1.029859
103.15500 1.030378
105.50000 1.031644
107.84400 1.032336
110.18800 1.032480
112.53300 1.033025
114.87700 1.033835
117.22200 1.034468
119.56600 1.034453
121.91100 1.035422
124.25500 1.036209
126.59900 1.036622
128.94400 1.036221
131.28800 1.036316
133.63300 1.036839
135.97700 1.036478
138.32200 1.036957
140.66600 1.037310
143.01000 1.037067
145.35500 1.038183
147.69900 1.038930
150.04400 1.039575
152.38800 1.040510
154.73300 1.040988
157.07700 1.040653
159.42200 1.040259
161.76600 1.037454
164.11000 1.037737
166.45500 1.035735
168.79900 1.036765
171.14400 1.037156
173.48800 1.038268
175.83300 1.039795
178.17700 1.040473
180.52100 1.041213
182.86600 1.041088
185.21000 1.042417
187.55500 1.043253
189.89900 1.043341
192.24400 1.044596
194.58800 1.042995
196.93200 1.046588
199.27700 1.049902
201.62100 1.054688
203.96600 1.056525
206.31000 1.055664
208.65500 1.054033
210.99900 1.057026
213.34300 1.058727
215.68800 1.064006
218.03200 1.063171
220.37700 1.063112
222.72100 1.063369
225.06600 1.063738
