0.00000 1.000000
19.34030 1.000000
38.68060 1.000068
58.02090 1.000213
77.36120 1.000313
96.70160 1.000565
116.04200 1.000728
135.38200 1.000973
154.72200 1.001267
174.06300 1.001566
193.40300 1.001977
212.74300 1.002248
232.08400 1.002549
251.42400 1.002958
270.76400 1.003365
290.10500 1.003988
309.44500 1.004431
328.78500 1.005077
348.12600 1.005679
367.46600 1.006054
386.80600 1.006421
406.14700 1.006796
425.48700 1.007074
444.82700 1.007435
464.16700 1.007616
483.50800 1.007840
502.84800 1.008153
522.18800 1.008432
541.52900 1.008414
560.86900 1.008436
580.20900 1.008676
599.55000 1.008618
618.89000 1.008676
638.23000 1.008674
657.57100 1.008686
676.91100 1.008741
696.25100 1.008727
715.59200 1.008987
734.93200 1.009033
754.27200 1.009250
773.61200 1.009292
792.95300 1.009366
812.29300 1.009713
831.63300 1.009922
850.97400 1.009932
870.31400 1.010220
889.65400 1.010242
908.99500 1.010549
928.33500 1.010728
947.67500 1.010892
967.01600 1.010866
986.35600 1.010766
1005.70000 1.010702
1025.04000 1.010960
1044.38000 1.010928
1063.72000 1.010966
1083.06000 1.011008
1102.40000 1.011095
1121.74000 1.011203
1141.08000 1.011297
1160.42000 1.011211
1179.76000 1.011377
1199.10000 1.011309
1218.44000 1.011337
1237.78000 1.011377
1257.12000 1.011578
1276.46000 1.011646
1295.80000 1.011722
1315.14000 1.011782
1334.48000 1.011766
1353.82000 1.011925
1373.16000 1.011658
1392.50000 1.011259
1411.84000 1.010990
1431.18000 1.010856
1450.52000 1.010319
1469.86000 1.009962
1489.20000 1.009942
1508.54000 1.010080
1527.88000 1.009912
1547.22000 1.009338
1566.57000 1.009166
1585.91000 1.008544
1605.25000 1.008169
1624.59000 1.007828
1643.93000 1.007379
1663.27000 1.007319
1682.61000 1.006717
1701.95000 1.006427
1721.29000 1.006411
1740.63000 1.005430
1759.97000 1.004977
1779.31000 1.004606
1798.65000 1.004145
1817.99000 1.005153
1837.33000 1.003657
1856.67000 1.004060
