0.00000 1.000000
17.56690 1.000034
35.13380 1.000057
52.70060 1.000120
70.26750 1.000193
87.83440 1.000268
105.40100 1.000409
122.96800 1.000665
140.53500 1.000858
158.10200 1.001120
175.66900 1.001510
193.23600 1.001887
210.80300 1.002177
228.36900 1.002462
245.93600 1.002764
263.50300 1.003129
281.07000 1.003511
298.63700 1.003987
316.20400 1.004511
333.77100 1.004956
351.33800 1.005321
368.90400 1.005599
386.47100 1.005895
404.03800 1.006092
421.60500 1.006359
439.17200 1.006688
456.73900 1.006973
474.30600 1.007137
491.87300 1.007405
509.43900 1.007554
527.00600 1.007762
544.57300 1.007864
562.14000 1.007810
579.70700 1.007732
597.27400 1.007871
614.84100 1.007946
632.40800 1.008038
649.97400 1.008183
667.54100 1.008213
685.10800 1.008324
702.67500 1.008250
720.24200 1.008397
737.80900 1.008546
755.37600 1.008758
772.94300 1.008829
790.50900 1.008905
808.07600 1.008919
825.64300 1.008980
843.21000 1.009083
860.77700 1.009150
878.34400 1.009337
895.91100 1.009429
913.47800 1.009282
931.04400 1.009467
948.61100 1.009402
966.17800 1.009431
983.74500 1.009397
1001.31000 1.009326
1018.88000 1.009318
1036.45000 1.009353
1054.01000 1.009232
1071.58000 1.009297
1089.15000 1.009408
1106.71000 1.009305
1124.28000 1.009188
1141.85000 1.009282
1159.41000 1.009490
1176.98000 1.009290
1194.55000 1.009238
1212.11000 1.009458
1229.68000 1.009299
1247.25000 1.009221
1264.82000 1.009255
1282.38000 1.009337
1299.95000 1.009653
1317.52000 1.009687
1335.08000 1.009850
1352.65000 1.010377
1370.22000 1.010752
1387.78000 1.010876
1405.35000 1.011392
1422.92000 1.011220
1440.48000 1.011220
1458.05000 1.011889
1475.62000 1.011893
1493.18000 1.012266
1510.75000 1.011696
1528.32000 1.012289
1545.89000 1.012833
1563.45000 1.010817
1581.02000 1.009083
1598.59000 1.010616
1616.15000 1.011019
1633.72000 1.011092
