0.00000 1.000000
16.66820 1.000011
33.33630 1.000117
50.00450 1.000193
66.67260 1.000241
83.34080 1.000486
100.00900 1.000709
116.67700 1.000937
133.34500 1.001289
150.01300 1.001833
166.68200 1.002315
183.35000 1.002718
200.01800 1.003102
216.68600 1.003486
233.35400 1.003868
250.02200 1.004465
266.69100 1.004866
283.35900 1.005460
300.02700 1.006185
316.69500 1.006567
333.36300 1.006973
350.03100 1.007432
366.69900 1.007671
383.36800 1.007990
400.03600 1.008283
416.70400 1.008595
433.37200 1.008871
450.04000 1.009266
466.70800 1.009268
483.37700 1.009315
500.04500 1.009426
516.71300 1.009491
533.38100 1.009587
550.04900 1.009589
566.71700 1.009712
583.38500 1.009925
600.05400 1.009927
616.72200 1.010279
633.39000 1.010470
650.05800 1.010652
666.72600 1.010782
683.39400 1.010953
700.06300 1.011047
716.73100 1.011320
733.39900 1.011567
750.06700 1.011674
766.73500 1.011878
783.40300 1.012099
800.07200 1.012314
816.74000 1.012667
833.40800 1.012839
850.07600 1.012895
866.74400 1.013040
883.41200 1.013255
900.08000 1.013513
916.74900 1.013557
933.41700 1.013600
950.08500 1.013572
966.75300 1.013585
983.42100 1.013561
1000.09000 1.013702
1016.76000 1.013624
1033.43000 1.013878
1050.09000 1.013630
1066.76000 1.013496
1083.43000 1.013472
1100.10000 1.013168
1116.77000 1.012941
1133.43000 1.012754
1150.10000 1.012377
1166.77000 1.012196
1183.44000 1.011986
1200.11000 1.011721
1216.78000 1.011515
1233.44000 1.011125
1250.11000 1.010917
1266.78000 1.010793
1283.45000 1.010155
1300.12000 1.009875
1316.78000 1.009793
1333.45000 1.009413
1350.12000 1.009220
1366.79000 1.009109
1383.46000 1.008272
1400.13000 1.007682
1416.79000 1.007270
1433.46000 1.007248
1450.13000 1.006944
1466.80000 1.006348
1483.47000 1.006749
1500.13000 1.006033
1516.80000 1.004857
1533.47000 1.005159
1550.14000 1.003621
1566.81000 1.003313
1583.47000 1.002753
1600.14000 1.001085
1616.81000 0.999529
1633.48000 1.000421
