0.00000 1.000000
13.81820 1.000019
27.63650 1.000131
41.45470 1.000306
55.27300 1.000496
69.09120 1.000662
82.90950 1.000963
96.72770 1.001113
110.54600 1.001527
124.36400 1.001833
138.18200 1.002446
152.00100 1.002804
165.81900 1.003173
179.63700 1.003538
193.45500 1.003947
207.27400 1.004277
221.09200 1.004803
234.91000 1.005320
248.72800 1.005720
262.54700 1.006283
276.36500 1.006957
290.18300 1.007457
304.00100 1.007911
317.82000 1.008236
331.63800 1.008650
345.45600 1.008797
359.27400 1.009174
373.09300 1.009410
386.91100 1.009592
400.72900 1.009777
414.54700 1.010030
428.36600 1.010240
442.18400 1.010231
456.00200 1.010518
469.82000 1.010722
483.63900 1.010785
497.45700 1.010977
511.27500 1.011236
525.09300 1.011162
538.91200 1.011351
552.73000 1.011557
566.54800 1.011543
580.36600 1.011592
594.18500 1.011641
608.00300 1.011793
621.82100 1.011980
635.63900 1.012233
649.45800 1.012340
663.27600 1.012492
677.09400 1.012623
690.91200 1.012761
704.73100 1.013109
718.54900 1.013409
732.36700 1.013231
746.18500 1.013301
760.00400 1.013081
773.82200 1.013334
787.64000 1.013598
801.45800 1.013671
815.27700 1.013717
829.09500 1.013556
842.91300 1.013287
856.73100 1.012747
870.55000 1.013208
884.36800 1.011844
898.18600 1.010888
912.00400 1.010296
925.82200 1.009431
939.64100 1.009001
953.45900 1.009263
967.27700 1.009132
981.09500 1.008531
994.91400 1.008610
1008.73000 1.008227
1022.55000 1.007539
1036.37000 1.007184
1050.19000 1.005968
1064.00000 1.006129
1077.82000 1.006945
1091.64000 1.006681
1105.46000 1.006419
1119.28000 1.005954
1133.10000 1.005638
1146.91000 1.006120
1160.73000 1.005935
1174.55000 1.003564
1188.37000 1.001950
1202.19000 1.000917
1216.01000 0.999502
1229.82000 0.998630
