0.00000 1.000000
20.23300 1.000008
40.46590 1.000058
60.69890 1.000128
80.93180 1.000275
101.16500 1.000459
121.39800 1.000714
141.63100 1.001121
161.86400 1.001393
182.09700 1.001803
202.33000 1.002418
222.56300 1.002925
242.79600 1.003268
263.02800 1.003705
283.26100 1.004245
303.49400 1.004868
323.72700 1.005618
343.96000 1.006490
364.19300 1.007477
384.42600 1.008453
404.65900 1.008734
424.89200 1.009069
445.12500 1.009269
465.35800 1.009644
485.59100 1.009943
505.82400 1.010089
526.05700 1.010286
546.29000 1.010342
566.52300 1.010404
586.75600 1.010450
606.98900 1.010366
627.22200 1.010400
647.45500 1.010320
667.68800 1.010218
687.92100 1.010172
708.15400 1.010304
728.38700 1.010294
748.62000 1.010286
768.85200 1.010312
789.08500 1.010418
809.31800 1.010386
829.55100 1.010637
849.78400 1.010751
870.01700 1.010823
890.25000 1.011014
910.48300 1.011252
930.71600 1.011276
950.94900 1.011495
971.18200 1.011599
991.41500 1.011701
1011.65000 1.011701
1031.88000 1.011689
1052.11000 1.011723
1072.35000 1.011665
1092.58000 1.011543
1112.81000 1.011695
1133.05000 1.011980
1153.28000 1.011936
1173.51000 1.011880
1193.74000 1.011860
1213.98000 1.011872
1234.21000 1.011942
1254.44000 1.012191
1274.68000 1.011948
1294.91000 1.011806
1315.14000 1.011553
1335.38000 1.011461
1355.61000 1.011409
1375.84000 1.011302
1396.07000 1.010843
1416.31000 1.010296
1436.54000 1.010137
1456.77000 1.010039
1477.01000 1.009819
1497.24000 1.009785
1517.47000 1.009055
1537.70000 1.008758
1557.94000 1.008754
1578.17000 1.008626
1598.40000 1.008383
1618.64000 1.008104
1638.87000 1.007108
1659.10000 1.007028
1679.34000 1.006903
1699.57000 1.006717
1719.80000 1.005851
1740.03000 1.006135
1760.27000 1.005869
1780.50000 1.005634
1800.73000 1.004786
1820.97000 1.004654
1841.20000 1.002179
1861.43000 1.003555
1881.67000 1.003298
1901.90000 1.002344
1922.13000 1.001831
1942.36000 1.002444
