0.00000 1.000000
5.37991 1.000000
10.75980 0.999969
16.13970 0.999897
21.51960 0.999729
26.89950 0.999518
32.27950 0.999205
37.65940 0.998214
43.03930 0.997904
48.41920 0.997350
53.79910 0.996351
59.17900 0.995754
64.55890 0.995345
69.93880 0.994701
75.31870 0.992611
80.69860 0.992002
86.07850 0.991565
91.45850 0.990414
96.83840 0.989552
102.21800 0.988845
107.59800 0.987401
112.97800 0.985378
118.35800 0.984447
123.73800 0.982827
129.11800 0.981357
134.49800 0.979935
139.87800 0.978847
145.25800 0.977866
150.63700 0.975561
156.01700 0.973711
161.39700 0.972658
166.77700 0.970828
172.15700 0.970029
177.53700 0.968418
182.91700 0.966382
188.29700 0.962704
193.67700 0.960744
199.05700 0.958790
204.43700 0.956948
209.81600 0.957501
215.19600 0.955809
220.57600 0.953020
225.95600 0.950325
231.33600 0.948033
236.71600 0.945267
242.09600 0.942669
247.47600 0.938303
252.85600 0.936334
258.23600 0.935104
263.61600 0.934723
268.99500 0.933885
274.37500 0.929976
279.75500 0.928716
285.13500 0.939991
290.51500 0.944667
295.89500 0.942908
301.27500 0.941627
306.65500 0.934732
312.03500 0.951050
317.41500 0.956457
322.79500 0.983032
328.17400 0.980317
333.55400 0.981413
338.93400 0.985714
344.31400 0.984394
349.69400 0.982790
355.07400 0.978178
360.45400 1.006117
365.83400 1.003031
371.21400 1.001014
376.59400 0.995943
381.97400 0.992641
387.35300 0.989796
392.73300 0.982519
398.11300 0.978360
403.49300 0.970070
408.87300 0.965367
414.25300 0.958103
419.63300 0.949311
425.01300 0.943708
430.39300 0.937135
435.77300 0.928612
441.15300 0.927570
446.53200 0.930532
451.91200 0.928218
457.29200 0.926101
462.67200 0.921945
468.05200 0.919989
473.43200 0.917073
478.81200 0.912020
484.19200 0.909857
489.57200 0.904674
494.95200 0.889431
500.33200 0.876030
505.71100 0.879616
511.09100 0.878622
516.47100 0.860811
