0.00000 1.000000
20.23300 1.000000
40.46590 0.999990
60.69890 0.999916
80.93180 0.999872
101.16500 0.999754
121.39800 0.999676
141.63100 0.999587
161.86400 0.999346
182.09700 0.999243
202.33000 0.999101
222.56300 0.998968
242.79600 0.998766
263.02800 0.998555
283.26100 0.998368
303.49400 0.998191
323.72700 0.997955
343.96000 0.997700
364.19300 0.997380
384.42600 0.997031
404.65900 0.996800
424.89200 0.996565
445.12500 0.996260
465.35800 0.995994
485.59100 0.995729
505.82400 0.995355
526.05700 0.995021
546.29000 0.994633
566.52300 0.994294
586.75600 0.993979
606.98900 0.993517
627.22200 0.993090
647.45500 0.992593
667.68800 0.992122
687.92100 0.991699
708.15400 0.991237
728.38700 0.990829
748.62000 0.990323
768.85200 0.989856
789.08500 0.989404
809.31800 0.988892
829.55100 0.988298
849.78400 0.987816
870.01700 0.987084
890.25000 0.986386
910.48300 0.985713
930.71600 0.985093
950.94900 0.984469
971.18200 0.983766
991.41500 0.982985
1011.65000 0.982213
1031.88000 0.981447
1052.11000 0.980626
1072.35000 0.979957
1092.58000 0.979235
1112.81000 0.978050
1133.05000 0.976925
1153.28000 0.975996
1173.51000 0.974954
1193.74000 0.973676
1213.98000 0.972575
1234.21000 0.971440
1254.44000 0.970236
1274.68000 0.969449
1294.91000 0.968884
1315.14000 0.968299
1335.38000 0.967071
1355.61000 0.965970
1375.84000 0.964726
1396.07000 0.964132
1416.31000 0.964402
1436.54000 0.963272
1456.77000 0.961704
1477.01000 0.960288
1497.24000 0.958484
1517.47000 0.957575
1537.70000 0.956189
1557.94000 0.954666
1578.17000 0.952950
1598.40000 0.950709
1618.64000 0.948625
1638.87000 0.946704
1659.10000 0.944851
1679.34000 0.942447
1699.57000 0.939980
1719.80000 0.938928
1740.03000 0.935547
1760.27000 0.934780
1780.50000 0.933217
1800.73000 0.931094
1820.97000 0.930313
1841.20000 0.926902
1861.43000 0.924184
1881.67000 0.924833
1901.90000 0.923211
1922.13000 0.920026
1942.36000 0.918900
