0.00000 1.000000
13.81820 0.999993
27.63650 0.999967
41.45470 0.999844
55.27300 0.999798
69.09120 0.999688
82.90950 0.999622
96.72770 0.999492
110.54600 0.999356
124.36400 0.999225
138.18200 0.999043
152.00100 0.998822
165.81900 0.998620
179.63700 0.998340
193.45500 0.998132
207.27400 0.997930
221.09200 0.997585
234.91000 0.997292
248.72800 0.996921
262.54700 0.996446
276.36500 0.996049
290.18300 0.995593
304.00100 0.995092
317.82000 0.994701
331.63800 0.994220
345.45600 0.993809
359.27400 0.993367
373.09300 0.992931
386.91100 0.992319
400.72900 0.991811
414.54700 0.991407
428.36600 0.990835
442.18400 0.990346
456.00200 0.989721
469.82000 0.989123
483.63900 0.988407
497.45700 0.987606
511.27500 0.986753
525.09300 0.985985
538.91200 0.985165
552.73000 0.984410
566.54800 0.983492
580.36600 0.982359
594.18500 0.981819
608.00300 0.980901
621.82100 0.979977
635.63900 0.978714
649.45800 0.977698
663.27600 0.976364
677.09400 0.975218
690.91200 0.973955
704.73100 0.972328
718.54900 0.973396
732.36700 0.975244
746.18500 0.973929
760.00400 0.974776
773.82200 0.976312
787.64000 0.977933
801.45800 0.976442
815.27700 0.974385
829.09500 0.971449
842.91300 0.979502
856.73100 0.981526
870.55000 0.979098
884.36800 0.975199
898.18600 0.972035
912.00400 0.968579
925.82200 0.965805
939.64100 0.970369
953.45900 0.968045
967.27700 0.966105
981.09500 0.962381
994.91400 0.960058
1008.73000 0.959328
1022.55000 0.954394
1036.37000 0.951563
1050.19000 0.947813
1064.00000 0.946335
1077.82000 0.945086
1091.64000 0.943035
1105.46000 0.938810
1119.28000 0.936734
1133.10000 0.934006
1146.91000 0.932431
1160.73000 0.928317
1174.55000 0.923611
1188.37000 0.925433
1202.19000 0.923962
1216.01000 0.918598
1229.82000 0.909251
