0.00000 1.000000
9.64932 0.999991
19.29860 0.999964
28.94800 0.999901
38.59730 0.999828
48.24660 0.999729
57.89590 0.999485
67.54530 0.999096
77.19460 0.998500
86.84390 0.998039
96.49320 0.997605
106.14300 0.997279
115.79200 0.996394
125.44100 0.995951
135.09100 0.995499
144.74000 0.994866
154.38900 0.994152
164.03800 0.993637
173.68800 0.992932
183.33700 0.992236
192.98600 0.991341
202.63600 0.990636
212.28500 0.989678
221.93400 0.988756
231.58400 0.988114
241.23300 0.987355
250.88200 0.986333
260.53200 0.985520
270.18100 0.984734
279.83000 0.983568
289.48000 0.982691
299.12900 0.981579
308.77800 0.980323
318.42800 0.979256
328.07700 0.978081
337.72600 0.976789
347.37600 0.975442
357.02500 0.973779
366.67400 0.972685
376.32400 0.972351
385.97300 0.971835
395.62200 0.969847
405.27200 0.968672
414.92100 0.968093
424.57000 0.968111
434.22000 0.965806
443.86900 0.965770
453.51800 0.965852
463.16800 0.965906
472.81700 0.963773
482.46600 0.960736
492.11500 0.961622
501.76500 0.959235
511.41400 0.956894
521.06300 0.957825
530.71300 0.955276
540.36200 0.952746
550.01100 0.951688
559.66100 0.947593
569.31000 0.946147
578.95900 0.943345
588.60900 0.940742
598.25800 0.937940
607.90700 0.938970
617.55700 0.934451
627.20600 0.929263
636.85500 0.925765
646.50500 0.923270
656.15400 0.918615
665.80300 0.916690
675.45300 0.917079
685.10200 0.917232
694.75100 0.922077
704.40100 0.929552
714.05000 0.930619
723.69900 0.927274
733.34900 0.925747
742.99800 0.926090
752.64700 0.920911
762.29700 0.914132
771.94600 0.921661
781.59500 0.929001
791.24500 0.941339
800.89400 0.944439
810.54300 0.941637
820.19200 0.939549
829.84200 0.932445
839.49100 0.934279
849.14000 0.932915
858.79000 0.927618
868.43900 0.917341
878.08800 0.907037
887.73800 0.905961
897.38700 0.903678
