0.00000 1.000000
2.34443 0.999998
4.68887 0.999904
7.03330 0.999838
9.37774 0.999825
11.72220 0.999755
14.06660 0.999466
16.41100 0.999343
18.75550 0.999026
21.09990 0.998195
23.44430 0.997331
25.78880 0.997161
28.13320 0.996111
30.47760 0.995406
32.82210 0.994304
35.16650 0.992248
37.51090 0.991580
39.85540 0.990305
42.19980 0.988083
44.54420 0.986162
46.88870 0.985689
49.23310 0.985199
51.57750 0.983563
53.92200 0.981821
56.26640 0.978114
58.61090 0.976740
60.95530 0.974828
63.29970 0.974088
65.64420 0.970988
67.98860 0.969460
70.33300 0.968150
72.67750 0.965407
75.02190 0.960656
77.36630 0.956879
79.71080 0.954112
82.05520 0.951793
84.39960 0.948853
86.74410 0.945790
89.08850 0.944486
91.43290 0.940052
93.77740 0.936954
96.12180 0.938528
98.46620 0.935390
100.81100 0.932762
103.15500 0.931084
105.50000 0.930024
107.84400 0.927623
110.18800 0.926384
112.53300 0.923588
114.87700 0.920513
117.22200 0.918543
119.56600 0.917995
121.91100 0.919855
124.25500 0.916098
126.59900 0.916633
128.94400 0.918653
131.28800 0.923596
133.63300 0.919761
135.97700 0.917108
138.32200 0.911926
140.66600 0.909595
143.01000 0.923213
145.35500 0.920527
147.69900 0.917371
150.04400 0.913921
152.38800 0.910243
154.73300 0.907752
157.07700 0.905647
159.42200 0.909366
161.76600 0.917530
164.11000 0.915270
166.45500 0.920540
168.79900 0.914388
171.14400 0.918967
173.48800 0.918276
175.83300 0.912737
178.17700 0.908621
180.52100 0.901800
182.86600 0.899504
185.21000 0.898843
187.55500 0.894378
189.89900 0.889816
192.24400 0.885617
194.58800 0.875803
196.93200 0.858466
199.27700 0.832471
201.62100 0.829632
203.96600 0.819930
206.31000 0.808625
208.65500 0.803585
210.99900 0.794298
213.34300 0.791866
215.68800 0.804662
218.03200 0.803856
220.37700 0.803048
222.72100 0.801567
225.06600 0.797866
