0.00000 1.000000
17.56690 1.000000
35.13380 0.999990
52.70060 0.999979
70.26750 0.999855
87.83440 0.999757
105.40100 0.999644
122.96800 0.999551
140.53500 0.999421
158.10200 0.999261
175.66900 0.999142
193.23600 0.999044
210.80300 0.998925
228.36900 0.998745
245.93600 0.998548
263.50300 0.998280
281.07000 0.998161
298.63700 0.997928
316.20400 0.997737
333.77100 0.997525
351.33800 0.997215
368.90400 0.996962
386.47100 0.996704
404.03800 0.996487
421.60500 0.996172
439.17200 0.995888
456.73900 0.995547
474.30600 0.995169
491.87300 0.994792
509.43900 0.994482
527.00600 0.994069
544.57300 0.993449
562.14000 0.992958
579.70700 0.992571
597.27400 0.992230
614.84100 0.991915
632.40800 0.991517
649.97400 0.991160
667.54100 0.990716
685.10800 0.990215
702.67500 0.989724
720.24200 0.989192
737.80900 0.988649
755.37600 0.988019
772.94300 0.987492
790.50900 0.987063
808.07600 0.986485
825.64300 0.985705
843.21000 0.985074
860.77700 0.984459
878.34400 0.983819
895.91100 0.983049
913.47800 0.982300
931.04400 0.981639
948.61100 0.980807
966.17800 0.979877
983.74500 0.979107
1001.31000 0.978275
1018.88000 0.977381
1036.45000 0.976441
1054.01000 0.975403
1071.58000 0.974514
1089.15000 0.973300
1106.71000 0.972277
1124.28000 0.971347
1141.85000 0.970086
1159.41000 0.968692
1176.98000 0.967617
1194.55000 0.966568
1212.11000 0.965380
1229.68000 0.963856
1247.25000 0.962182
1264.82000 0.961221
1282.38000 0.959800
1299.95000 0.957940
1317.52000 0.956086
1335.08000 0.954003
1352.65000 0.952314
1370.22000 0.951803
1387.78000 0.950123
1405.35000 0.947788
1422.92000 0.945572
1440.48000 0.944606
1458.05000 0.944394
1475.62000 0.941914
1493.18000 0.940824
1510.75000 0.939414
1528.32000 0.938856
1545.89000 0.938551
1563.45000 0.935988
1581.02000 0.934330
1598.59000 0.935988
1616.15000 0.936293
1633.72000 0.933296
