0.00000 1.000000
16.66820 0.999995
33.33630 0.999973
50.00450 0.999907
66.67260 0.999797
83.34080 0.999748
100.00900 0.999638
116.67700 0.999507
133.34500 0.999358
150.01300 0.999046
166.68200 0.998892
183.35000 0.998755
200.01800 0.998525
216.68600 0.998295
233.35400 0.998075
250.02200 0.997900
266.69100 0.997626
283.35900 0.997352
300.02700 0.997039
316.69500 0.996727
333.36300 0.996420
350.03100 0.995937
366.69900 0.995685
383.36800 0.995317
400.03600 0.994862
416.70400 0.994457
433.37200 0.994117
450.04000 0.993777
466.70800 0.993409
483.37700 0.992987
500.04500 0.992620
516.71300 0.992219
533.38100 0.991748
550.04900 0.991337
566.71700 0.990898
583.38500 0.990317
600.05400 0.989790
616.72200 0.989160
633.39000 0.988403
650.05800 0.987860
666.72600 0.987263
683.39400 0.986758
700.06300 0.986002
716.73100 0.985431
733.39900 0.984817
750.06700 0.984110
766.73500 0.983485
783.40300 0.982788
800.07200 0.981873
816.74000 0.981061
833.40800 0.980217
850.07600 0.979252
866.74400 0.978144
883.41200 0.977174
900.08000 0.976187
916.74900 0.975194
933.41700 0.974081
950.08500 0.972924
966.75300 0.971959
983.42100 0.970364
1000.09000 0.968998
1016.76000 0.967787
1033.43000 0.966175
1050.09000 0.964930
1066.76000 0.963461
1083.43000 0.962408
1100.10000 0.961103
1116.77000 0.959842
1133.43000 0.957807
1150.10000 0.956234
1166.77000 0.955949
1183.44000 0.955757
1200.11000 0.955203
1216.78000 0.953799
1233.44000 0.954128
1250.11000 0.951710
1266.78000 0.949912
1283.45000 0.948404
1300.12000 0.947093
1316.78000 0.946605
1333.45000 0.948333
1350.12000 0.946178
1366.79000 0.943847
1383.46000 0.945295
1400.13000 0.947411
1416.79000 0.946742
1433.46000 0.944396
1450.13000 0.944330
1466.80000 0.941950
1483.47000 0.939790
1500.13000 0.937322
1516.80000 0.937048
1533.47000 0.938913
1550.14000 0.937854
1566.81000 0.936769
1583.47000 0.933468
1600.14000 0.927782
1616.81000 0.917638
1633.48000 0.924410
