0.00000 1.000000
19.34030 1.000000
38.68060 0.999985
58.02090 0.999950
77.36120 0.999841
96.70160 0.999762
116.04200 0.999663
135.38200 0.999524
154.72200 0.999420
174.06300 0.999301
193.40300 0.999177
212.74300 0.999014
232.08400 0.998905
251.42400 0.998726
270.76400 0.998558
290.10500 0.998300
309.44500 0.998131
328.78500 0.997903
348.12600 0.997705
367.46600 0.997462
386.80600 0.997229
406.14700 0.996937
425.48700 0.996743
444.82700 0.996456
464.16700 0.996159
483.50800 0.995916
502.84800 0.995519
522.18800 0.995261
541.52900 0.994855
560.86900 0.994548
580.20900 0.994171
599.55000 0.993765
618.89000 0.993318
638.23000 0.992991
657.57100 0.992570
676.91100 0.992079
696.25100 0.991608
715.59200 0.991147
734.93200 0.990637
754.27200 0.990136
773.61200 0.989730
792.95300 0.989200
812.29300 0.988748
831.63300 0.988104
850.97400 0.987633
870.31400 0.986974
889.65400 0.986617
908.99500 0.985814
928.33500 0.985234
947.67500 0.984585
967.01600 0.983945
986.35600 0.983276
1005.70000 0.982374
1025.04000 0.981621
1044.38000 0.980937
1063.72000 0.980074
1083.06000 0.979336
1102.40000 0.978568
1121.74000 0.977611
1141.08000 0.976699
1160.42000 0.975603
1179.76000 0.974543
1199.10000 0.973537
1218.44000 0.972149
1237.78000 0.970910
1257.12000 0.969502
1276.46000 0.968416
1295.80000 0.967093
1315.14000 0.965779
1334.48000 0.964426
1353.82000 0.963509
1373.16000 0.962216
1392.50000 0.961160
1411.84000 0.959693
1431.18000 0.958196
1450.52000 0.955807
1469.86000 0.953993
1489.20000 0.953492
1508.54000 0.951727
1527.88000 0.951093
1547.22000 0.952297
1566.57000 0.950325
1585.91000 0.948620
1605.25000 0.947212
1624.59000 0.945581
1643.93000 0.944967
1663.27000 0.943009
1682.61000 0.945656
1701.95000 0.944169
1721.29000 0.947073
1740.63000 0.945556
1759.97000 0.943390
1779.31000 0.938810
1798.65000 0.936773
1817.99000 0.941779
1837.33000 0.938344
1856.67000 0.933958
