# Ts = 32; local preterminal avalanches
# total_events = 26935855
# Columns: s event_count probability
1 24043453 0.89261889032295427
2 1754930 0.065152192124586353
3 466212 0.017308230980601878
4 204743 0.0076011323939782121
5 114964 0.0042680657435971497
6 73182 0.0027168990923065184
7 50207 0.0018639467728052441
8 36288 0.0013472005993498256
9 27456 0.001019310506386376
10 21061 0.00078189461593107035
11 16552 0.00061449692241066789
12 13330 0.00049487940887712675
13 11189 0.00041539427651359129
14 9459 0.00035116761654679235
15 7957 0.00029540551061029991
16 6604 0.00024517506498308666
17 6054 0.00022475618464682114
18 5413 0.00020095890774582802
19 4869 0.00018076277883141264
20 4472 0.0001660240597523264
21 3910 0.00014515967657236051
22 3482 0.00012927007514704843
23 3228 0.00011984026495539125
24 2906 0.00010788593864943215
25 2730 0.00010135189694182717
26 2514 9.3332845755221059e-05
27 2228 8.2715027980362978e-05
28 2160 8.0190511866061055e-05
29 1964 7.2913965418955511e-05
30 1651 6.1293766245771664e-05
31 1463 5.4314221694466355e-05
32 1443 5.3571716954965786e-05
33 1233 4.5775417190209849e-05
34 1096 4.0689259724630979e-05
35 1057 3.924137548260488e-05
36 979 3.634560699855267e-05
37 967 3.590010415485233e-05
38 881 3.2707333774999905e-05
39 856 3.1779202850624199e-05
40 800 2.9700189580022613e-05
41 700 2.5987665882519785e-05
42 715 2.654454443714521e-05
43 680 2.5245161143019219e-05
44 638 2.3685901190068033e-05
45 584 2.1681138393416506e-05
46 575 2.1347011260641254e-05
47 526 1.9527874648864868e-05
48 467 1.7337485667338201e-05
49 467 1.7337485667338201e-05
50 412 1.5295597633711645e-05
51 452 1.6780607112712776e-05
52 386 1.4330341472360911e-05
53 410 1.5221347159761589e-05
54 349 1.2956707704284865e-05
55 355 1.3179459126135035e-05
56 323 1.1991451542934129e-05
57 296 1.0989070144608368e-05
58 306 1.136032251435865e-05
59 310 1.1508823462258763e-05
60 259 9.6154363765323214e-06
61 264 9.8010625614074619e-06
62 269 9.9866887462826041e-06
63 261 9.6896868504823769e-06
64 264 9.8010625614074619e-06
65 268 9.9495635093075747e-06
66 282 1.046931682695797e-05
67 331 1.2288453438734356e-05
68 428 1.5889601425312099e-05
69 449 1.6669231401787691e-05
70 350 1.2993832941259893e-05
71 164 6.0885388639046357e-06
72 177 6.5711669445800035e-06
73 180 6.6825426555050877e-06
74 148 5.4945350723041838e-06
75 154 5.7172864941543529e-06
76 139 5.1604079395289287e-06
77 143 5.3089088874290424e-06
78 138 5.123282702553901e-06
79 121 4.4921536739784204e-06
80 136 5.0490322286038446e-06
81 140 5.1975331765039574e-06
82 141 5.2346584134789851e-06
83 122 4.5292789109534482e-06
84 120 4.4550284370033918e-06
85 99 3.6753984605277984e-06
86 104 3.8610246454029398e-06
87 102 3.786774171452883e-06
88 96 3.5640227496027134e-06
89 104 3.8610246454029398e-06
90 86 3.1927703798524311e-06
91 84 3.1185199059023742e-06
92 92 3.4155218017026006e-06
93 79 2.9328937210272328e-06
94 94 3.489772275652657e-06
95 67 2.4873908773268937e-06
96 103 3.8238994084279112e-06
97 96 3.5640227496027134e-06
98 88 3.2670208538024874e-06
99 77 2.8586432470771765e-06
100 63 2.3388899294267809e-06
101 58 2.1532637445516395e-06
102 68 2.5245161143019223e-06
103 74 2.7472675361520919e-06
104 76 2.8215180101021483e-06
105 64 2.3760151664018091e-06
106 57 2.1161385075766113e-06
107 56 2.0790132706015831e-06
108 62 2.3017646924517527e-06
109 58 2.1532637445516395e-06
110 61 2.2646394554767241e-06
111 64 2.3760151664018091e-06
112 60 2.2275142185016959e-06
113 54 2.0047627966515263e-06
114 49 1.8191366117763851e-06
115 46 1.7077609008513003e-06
116 45 1.6706356638762719e-06
117 70 2.5987665882519787e-06
118 52 1.9305123227014699e-06
119 49 1.8191366117763851e-06
120 46 1.7077609008513003e-06
121 55 2.0418880336265545e-06
122 49 1.8191366117763851e-06
123 38 1.4107590050510741e-06
124 42 1.5592599529511871e-06
125 43 1.5963851899262155e-06
126 46 1.7077609008513003e-06
127 45 1.6706356638762719e-06
128 39 1.4478842420261023e-06
129 47 1.7448861378263285e-06
130 37 1.3736337680760459e-06
131 41 1.5221347159761589e-06
132 44 1.6335104269012437e-06
133 35 1.2993832941259893e-06
134 42 1.5592599529511871e-06
135 35 1.2993832941259893e-06
136 50 1.8562618487514133e-06
137 25 9.2813092437570666e-07
138 43 1.5963851899262155e-06
139 35 1.2993832941259893e-06
140 30 1.1137571092508479e-06
141 29 1.0766318722758197e-06
142 45 1.6706356638762719e-06
143 33 1.2251328201759327e-06
144 31 1.1508823462258763e-06
145 29 1.0766318722758197e-06
146 50 1.8562618487514133e-06
147 51 1.8933870857264415e-06
148 33 1.2251328201759327e-06
149 38 1.4107590050510741e-06
150 31 1.1508823462258763e-06
151 29 1.0766318722758197e-06
152 37 1.3736337680760459e-06
153 20 7.4250473950056537e-07
154 34 1.2622580571509611e-06
155 32 1.1880075832009045e-06
156 36 1.3365085311010175e-06
157 21 7.7962997647559356e-07
158 31 1.1508823462258763e-06
159 21 7.7962997647559356e-07
160 26 9.6525616135073496e-07
161 33 1.2251328201759327e-06
162 27 1.0023813983257631e-06
163 23 8.5388045042565016e-07
164 22 8.1675521345062186e-07
165 26 9.6525616135073496e-07
166 24 8.9100568740067836e-07
167 29 1.0766318722758197e-06
168 14 5.1975331765039578e-07
169 21 7.7962997647559356e-07
170 26 9.6525616135073496e-07
171 21 7.7962997647559356e-07
172 19 7.0537950252553707e-07
173 19 7.0537950252553707e-07
174 29 1.0766318722758197e-06
175 20 7.4250473950056537e-07
176 30 1.1137571092508479e-06
177 20 7.4250473950056537e-07
178 14 5.1975331765039578e-07
179 25 9.2813092437570666e-07
180 16 5.9400379160045227e-07
181 19 7.0537950252553707e-07
182 23 8.5388045042565016e-07
183 17 6.3112902857548057e-07
184 20 7.4250473950056537e-07
185 16 5.9400379160045227e-07
186 20 7.4250473950056537e-07
187 21 7.7962997647559356e-07
188 21 7.7962997647559356e-07
189 21 7.7962997647559356e-07
190 17 6.3112902857548057e-07
191 23 8.5388045042565016e-07
192 11 4.0837760672531093e-07
193 10 3.7125236975028268e-07
194 9 3.3412713277525438e-07
195 13 4.8262808067536748e-07
196 16 5.9400379160045227e-07
197 11 4.0837760672531093e-07
198 21 7.7962997647559356e-07
199 15 5.5687855462542397e-07
200 15 5.5687855462542397e-07
201 11 4.0837760672531093e-07
202 11 4.0837760672531093e-07
203 16 5.9400379160045227e-07
204 10 3.7125236975028268e-07
205 11 4.0837760672531093e-07
206 12 4.4550284370033918e-07
207 14 5.1975331765039578e-07
208 8 2.9700189580022614e-07
209 9 3.3412713277525438e-07
210 6 2.2275142185016959e-07
211 6 2.2275142185016959e-07
212 11 4.0837760672531093e-07
213 5 1.8562618487514134e-07
214 10 3.7125236975028268e-07
215 12 4.4550284370033918e-07
216 11 4.0837760672531093e-07
217 6 2.2275142185016959e-07
218 12 4.4550284370033918e-07
219 11 4.0837760672531093e-07
220 9 3.3412713277525438e-07
221 7 2.5987665882519789e-07
222 6 2.2275142185016959e-07
223 10 3.7125236975028268e-07
224 5 1.8562618487514134e-07
225 1 3.7125236975028267e-08
226 8 2.9700189580022614e-07
227 6 2.2275142185016959e-07
228 6 2.2275142185016959e-07
229 7 2.5987665882519789e-07
230 6 2.2275142185016959e-07
231 5 1.8562618487514134e-07
232 8 2.9700189580022614e-07
233 7 2.5987665882519789e-07
234 10 3.7125236975028268e-07
235 8 2.9700189580022614e-07
236 5 1.8562618487514134e-07
237 6 2.2275142185016959e-07
238 3 1.1137571092508479e-07
239 4 1.4850094790011307e-07
240 7 2.5987665882519789e-07
241 6 2.2275142185016959e-07
242 11 4.0837760672531093e-07
243 5 1.8562618487514134e-07
244 6 2.2275142185016959e-07
245 7 2.5987665882519789e-07
246 8 2.9700189580022614e-07
247 9 3.3412713277525438e-07
248 3 1.1137571092508479e-07
249 9 3.3412713277525438e-07
250 6 2.2275142185016959e-07
251 6 2.2275142185016959e-07
252 9 3.3412713277525438e-07
253 3 1.1137571092508479e-07
254 3 1.1137571092508479e-07
255 5 1.8562618487514134e-07
256 3 1.1137571092508479e-07
257 6 2.2275142185016959e-07
258 4 1.4850094790011307e-07
259 5 1.8562618487514134e-07
260 3 1.1137571092508479e-07
261 3 1.1137571092508479e-07
262 3 1.1137571092508479e-07
263 4 1.4850094790011307e-07
264 4 1.4850094790011307e-07
265 4 1.4850094790011307e-07
266 1 3.7125236975028267e-08
267 3 1.1137571092508479e-07
268 1 3.7125236975028267e-08
270 3 1.1137571092508479e-07
271 2 7.4250473950056534e-08
272 3 1.1137571092508479e-07
273 5 1.8562618487514134e-07
274 1 3.7125236975028267e-08
275 1 3.7125236975028267e-08
276 1 3.7125236975028267e-08
277 2 7.4250473950056534e-08
278 3 1.1137571092508479e-07
279 3 1.1137571092508479e-07
280 4 1.4850094790011307e-07
281 1 3.7125236975028267e-08
282 1 3.7125236975028267e-08
284 3 1.1137571092508479e-07
286 2 7.4250473950056534e-08
287 3 1.1137571092508479e-07
288 3 1.1137571092508479e-07
289 1 3.7125236975028267e-08
291 1 3.7125236975028267e-08
292 1 3.7125236975028267e-08
293 2 7.4250473950056534e-08
294 3 1.1137571092508479e-07
295 2 7.4250473950056534e-08
296 1 3.7125236975028267e-08
297 2 7.4250473950056534e-08
300 3 1.1137571092508479e-07
301 1 3.7125236975028267e-08
302 1 3.7125236975028267e-08
303 1 3.7125236975028267e-08
306 2 7.4250473950056534e-08
308 1 3.7125236975028267e-08
309 1 3.7125236975028267e-08
312 1 3.7125236975028267e-08
315 2 7.4250473950056534e-08
316 1 3.7125236975028267e-08
317 2 7.4250473950056534e-08
318 1 3.7125236975028267e-08
319 3 1.1137571092508479e-07
321 2 7.4250473950056534e-08
323 1 3.7125236975028267e-08
324 2 7.4250473950056534e-08
325 1 3.7125236975028267e-08
334 2 7.4250473950056534e-08
335 1 3.7125236975028267e-08
336 3 1.1137571092508479e-07
337 2 7.4250473950056534e-08
338 1 3.7125236975028267e-08
339 1 3.7125236975028267e-08
340 1 3.7125236975028267e-08
341 1 3.7125236975028267e-08
342 1 3.7125236975028267e-08
344 1 3.7125236975028267e-08
346 1 3.7125236975028267e-08
347 2 7.4250473950056534e-08
348 3 1.1137571092508479e-07
349 1 3.7125236975028267e-08
350 2 7.4250473950056534e-08
351 2 7.4250473950056534e-08
352 1 3.7125236975028267e-08
353 1 3.7125236975028267e-08
355 1 3.7125236975028267e-08
357 1 3.7125236975028267e-08
358 1 3.7125236975028267e-08
361 1 3.7125236975028267e-08
362 1 3.7125236975028267e-08
363 1 3.7125236975028267e-08
365 2 7.4250473950056534e-08
366 1 3.7125236975028267e-08
367 1 3.7125236975028267e-08
368 1 3.7125236975028267e-08
369 1 3.7125236975028267e-08
370 2 7.4250473950056534e-08
371 1 3.7125236975028267e-08
373 2 7.4250473950056534e-08
375 1 3.7125236975028267e-08
377 2 7.4250473950056534e-08
378 2 7.4250473950056534e-08
380 1 3.7125236975028267e-08
381 1 3.7125236975028267e-08
383 1 3.7125236975028267e-08
386 1 3.7125236975028267e-08
390 1 3.7125236975028267e-08
391 2 7.4250473950056534e-08
394 2 7.4250473950056534e-08
396 1 3.7125236975028267e-08
398 1 3.7125236975028267e-08
404 2 7.4250473950056534e-08
415 2 7.4250473950056534e-08
416 1 3.7125236975028267e-08
423 1 3.7125236975028267e-08
425 1 3.7125236975028267e-08
427 1 3.7125236975028267e-08
433 1 3.7125236975028267e-08
438 1 3.7125236975028267e-08
449 1 3.7125236975028267e-08
455 1 3.7125236975028267e-08
456 1 3.7125236975028267e-08
457 1 3.7125236975028267e-08
463 1 3.7125236975028267e-08
467 2 7.4250473950056534e-08
471 1 3.7125236975028267e-08
492 2 7.4250473950056534e-08
507 1 3.7125236975028267e-08
517 1 3.7125236975028267e-08
518 1 3.7125236975028267e-08
526 1 3.7125236975028267e-08
530 1 3.7125236975028267e-08
532 1 3.7125236975028267e-08
541 1 3.7125236975028267e-08
574 1 3.7125236975028267e-08
598 1 3.7125236975028267e-08
